trans_id,account_id,trans_date,trans_type,operation,amount,balance,k_symbol,bank,account
409300,1394,1806,0,2,6341.0,51377.5,2,13,51111900
31262,101,2044,2,1,8037.0,58068.8,5,6,10926431
1150883,3936,1835,2,1,127.0,30721.6,0,10,98634075
986653,3365,1891,0,2,6994.0,27775.9,2,8,7868463
3633289,3113,1215,0,0,313.1,114398.5,7,0,0
515668,1762,1214,2,4,2200.0,21894.8,1,0,0
3534867,130,1825,0,0,135.0,32780.4,7,0,0
1345096,4596,910,2,4,14.6,29386.4,6,0,0
688178,2350,1952,2,1,575.0,71507.0,5,6,56521683
132618,445,465,0,2,18964.0,38393.2,1,8,80365901
524692,1789,1825,2,4,900.0,71109.6,1,0,0
2393282,7894,1224,2,4,35400.0,53578.6,1,0,0
192719,654,1347,2,1,2885.0,23740.4,5,1,49887746
1131903,3868,1949,2,4,2400.0,17523.2,1,0,0
3568109,1135,1368,0,0,96.6,23151.0,7,0,0
474792,1617,2161,2,4,16000.0,14915.2,1,0,0
3633816,3129,1033,0,0,112.7,25939.2,7,0,0
359461,1221,1552,0,3,5100.0,24900.0,1,0,0
3461758,2285,1703,0,0,120.5,28581.3,7,0,0
321127,1098,1190,0,2,5784.0,27576.2,2,9,49755728
564313,1920,1774,2,1,3570.0,38219.3,5,4,77530604
348031,1180,1102,2,4,1320.0,47508.4,1,0,0
1125485,3844,737,2,4,630.0,24454.2,1,0,0
3544788,428,1338,0,0,148.8,36790.4,7,0,0
1152461,3941,2169,2,1,1510.0,17619.6,5,7,7649010
1014943,3469,706,2,4,950.0,23870.4,1,0,0
3619540,2693,2098,0,0,211.0,47711.3,7,0,0
385593,1310,1260,0,3,10076.0,36346.8,1,0,0
131082,440,1571,2,4,18700.0,31518.4,1,0,0
940943,3212,435,2,1,68.0,23249.5,0,7,77462422
787966,2686,1257,0,2,5896.0,27842.6,2,11,71632808
1270237,4343,1399,2,4,14.6,62318.7,6,0,0
744225,2541,1472,2,4,13120.0,22992.8,1,0,0
325362,1111,1825,2,4,14.6,60404.4,6,0,0
3591630,1848,2129,0,0,104.5,26233.6,7,0,0
516586,1766,948,2,1,2390.0,37733.4,0,8,41643542
159850,535,1168,2,4,15800.0,29621.1,1,0,0
1060091,3623,1338,2,4,14.6,24943.0,6,0,0
1459944,4969,1920,2,1,8309.0,12714.8,5,11,87679707
680283,2322,1314,2,1,690.0,45653.4,0,9,87459748
3496930,8132,1794,0,0,298.4,86764.6,7,0,0
1524710,5196,1915,2,4,30.0,67613.4,6,0,0
3456250,9052,1399,0,0,42.2,22969.5,7,0,0
320301,1094,1653,2,1,747.0,16206.2,0,6,27204376
750071,2557,1556,2,1,2806.0,27525.5,5,13,31457412
3540311,291,2068,0,0,263.1,75507.0,7,0,0
1215678,4161,1443,2,4,11800.0,42241.9,1,0,0
3644226,3453,1976,0,0,166.6,33858.6,7,0,0
830240,2827,1884,2,4,14.6,72269.4,6,0,0
375984,1280,2042,2,1,2491.0,39897.4,5,3,39353507
103867,354,545,2,4,14.6,26681.0,6,0,0
630562,2153,1313,2,4,4900.0,9900.3,1,0,0
711167,2431,1519,2,4,14.6,24264.1,6,0,0
1040393,3558,1106,0,2,43743.0,90460.2,1,12,69702541
2627994,8688,1837,2,1,5665.0,52078.7,8,12,81943165
3586637,1705,849,0,0,132.0,27542.5,7,0,0
3603698,2227,1094,0,0,139.3,40901.4,7,0,0
2384020,7861,1741,2,1,8400.0,67203.2,5,4,21743178
732562,2503,2073,0,3,400.0,44557.6,1,0,0
201879,686,886,2,1,2212.0,18709.9,5,10,30570674
916836,3126,1622,0,3,8984.0,32768.0,1,0,0
1657256,5622,800,2,1,6918.3,89065.6,8,11,45906978
3616940,2616,1338,0,0,144.5,33449.3,7,0,0
2592076,8564,1653,0,2,38369.0,70050.5,1,12,13991976
333098,1133,2045,2,1,895.0,15154.9,0,10,40755695
179525,608,1404,2,1,2895.0,14478.2,5,1,57903474
700017,2395,1463,2,4,1080.0,29213.5,1,0,0
558149,1898,510,2,4,6400.0,35028.2,1,0,0
93009,317,1616,2,1,3068.0,28237.1,5,9,93325268
888808,3031,1649,2,4,500.0,16909.9,1,0,0
261897,897,339,2,1,2910.0,17474.1,5,4,76899188
395639,1345,951,2,1,848.0,48068.7,0,1,89492493
1340881,4580,2107,2,1,8723.0,29444.5,5,1,90886467
389160,1323,1532,0,3,21025.0,48704.4,1,0,0
3552402,659,1884,0,0,150.7,36940.6,7,0,0
1310778,4476,1531,2,1,633.0,27849.2,8,11,18494886
1150146,3935,308,2,1,2648.0,19410.1,5,7,30181229
824228,2809,921,2,1,1764.0,33833.1,5,8,88213985
139320,466,1413,0,3,1900.0,37500.0,1,0,0
1603561,5445,2018,2,1,2186.0,36704.5,8,9,10110479
2425227,7997,1373,0,3,38827.0,87218.1,1,0,0
129131,433,1215,2,4,14.6,26903.6,6,0,0
151274,505,1678,2,1,18.0,13407.5,1,9,6899768
475133,1619,1863,2,4,1680.0,22703.3,1,0,0
15771,53,1225,0,2,4277.0,21732.6,2,11,7922441
3222702,10694,1429,2,4,30.0,27857.8,6,0,0
3587180,1726,1094,0,0,132.2,29916.4,7,0,0
450032,1530,1185,2,4,14.6,24621.3,6,0,0
877810,2990,1715,2,1,22.0,31930.8,5,6,10709649
387072,1315,1840,2,4,3360.0,34530.1,1,0,0
1046026,3577,1592,0,3,11946.0,12646.0,1,0,0
851591,2902,1846,2,4,600.0,28295.3,1,0,0
3607849,2356,2037,0,0,116.7,28232.0,7,0,0
1056922,3613,1550,2,4,14.6,20819.2,6,0,0
521000,1779,1166,2,1,3023.0,75695.7,5,6,92837720
56672,189,1865,0,3,21020.0,36050.1,1,0,0
1134981,3878,1185,2,4,14.6,20041.3,6,0,0
885309,3017,1104,2,1,3019.0,30118.6,5,9,89721834
224861,765,1989,0,3,100.0,53640.8,1,0,0
1130514,3863,742,2,4,960.0,30943.5,1,0,0
11306,38,2080,2,1,2306.8,32071.6,8,9,79067885
1401482,4774,1227,2,1,9689.0,49015.8,8,3,85673802
1020799,3485,1429,2,4,14.6,32697.8,6,0,0
519755,1775,96,0,2,6932.0,14764.0,2,12,16577571
479546,1634,2129,2,4,14.6,93328.0,6,0,0
3627069,2921,1825,0,0,129.7,32743.4,7,0,0
3598649,2061,576,0,0,107.3,24581.0,7,0,0
3531869,43,819,0,0,259.3,66416.8,7,0,0
118082,396,333,2,4,14.6,58363.4,6,0,0
3462256,2436,1215,0,0,203.9,50287.9,7,0,0
153759,515,1979,2,4,2960.0,16576.7,1,0,0
3464767,3114,1611,0,0,175.0,42889.0,7,0,0
660878,2256,1320,0,2,4729.0,23641.7,2,1,59773492
184795,627,1252,2,1,8228.0,46676.2,5,6,23483765
357238,1211,1477,2,4,1800.0,35147.3,1,0,0
826717,2816,2172,2,1,644.0,61090.7,0,6,33418482
2908323,9633,2098,2,4,14.6,114682.9,6,0,0
1339370,4576,1955,0,3,18910.0,30844.1,1,0,0
3622044,2764,2006,0,0,179.7,42640.1,7,0,0
903522,3078,1884,2,4,14.6,15777.3,6,0,0
983434,3355,1893,0,2,5768.0,59423.3,2,8,11943632
289327,991,197,2,4,10800.0,37937.0,1,0,0
444088,1510,1460,2,4,14.6,57493.7,6,0,0
3556739,807,2068,0,0,143.5,36186.1,7,0,0
62656,207,1015,2,4,3600.0,32708.9,1,0,0
3579323,1485,1307,0,0,271.9,64025.4,7,0,0
655205,2240,1945,2,4,14.6,24629.8,6,0,0
2979462,9869,1552,2,5,3900.0,68512.2,1,0,0
725415,2482,1048,2,4,1400.0,26733.9,1,0,0
272157,931,889,2,1,461.0,34098.3,3,6,13773954
2326325,7674,1853,2,4,8700.0,40118.8,1,0,0
32478,104,1854,2,4,480.0,24871.1,1,0,0
1754783,5952,639,2,4,5900.0,40145.9,1,0,0
763710,2608,1853,2,4,1080.0,19391.8,1,0,0
1140351,3898,1741,2,1,2650.0,45974.5,5,12,33097869
3676161,6397,1641,0,0,231.2,59206.7,7,0,0
284307,977,1044,0,3,14041.0,44196.3,1,0,0
15182,50,910,2,4,14.6,45566.6,6,0,0
1935809,6555,1825,2,4,30.0,101359.2,6,0,0
131144,441,493,0,2,44730.0,113527.0,1,7,47179061
3456900,9635,1611,0,0,21.7,6127.5,7,0,0
2634821,8713,2018,0,3,600.0,27372.9,1,0,0
11618,39,2020,2,1,145.0,19909.9,5,2,77015351
2810092,9307,1935,2,4,3100.0,46209.3,1,0,0
142560,477,1215,2,4,14.6,52985.5,6,0,0
3660442,3938,1399,0,0,258.4,64984.8,7,0,0
964322,3286,1721,2,4,6600.0,61322.5,1,0,0
2956306,9790,2110,2,1,2791.0,77996.7,8,11,22918135
932901,3182,1772,0,3,17009.0,45054.2,1,0,0
3458881,11295,1460,0,0,256.9,72897.6,7,0,0
3438945,709,668,0,0,171.8,80849.2,7,0,0
764079,2609,394,2,4,6600.0,21452.4,1,0,0
3634394,3144,1976,0,0,73.9,14913.5,7,0,0
1094455,3743,1198,0,3,20890.0,21490.0,1,0,0
1587066,5395,1524,2,4,3800.0,23325.1,1,0,0
169305,567,1751,0,3,1000.0,44373.6,1,0,0
205546,698,1607,2,4,10000.0,33453.1,1,0,0
2915328,9656,1159,2,1,10721.0,45710.3,5,8,12446082
949906,3238,1921,2,1,8109.0,39706.6,5,3,11093372
482812,1644,156,0,3,22959.0,23359.0,1,0,0
925436,3153,1420,2,4,61400.0,46201.0,1,0,0
972717,3314,1852,0,3,47150.0,82163.1,1,0,0
869830,2962,1647,2,4,2600.0,50060.3,1,0,0
3512387,9549,1915,0,0,351.7,89113.4,7,0,0
818836,2788,1095,2,4,600.0,45046.4,1,0,0
362984,1234,1276,2,4,14.6,20435.6,6,0,0
174453,587,1267,0,3,400.0,400.0,1,0,0
2472706,8158,2132,2,4,2100.0,32576.2,1,0,0
139638,467,1481,2,4,2700.0,28660.5,1,0,0
331888,1130,1856,2,4,14.6,27283.6,6,0,0
1149969,3934,1976,2,4,14.6,26191.2,6,0,0
1063893,3635,1713,2,1,2045.0,30200.1,5,6,61182141
3455960,8957,607,0,0,301.6,72696.3,7,0,0
1156076,3955,2042,2,1,997.0,51682.8,0,4,24978786
333819,1135,1344,0,2,5106.0,27589.4,2,13,16341048
626846,2140,1185,2,4,14.6,24068.3,6,0,0
908354,3094,1133,2,4,5600.0,41638.2,1,0,0
3249621,10789,1686,0,3,7600.0,35341.8,1,0,0
770486,2629,2112,0,3,18211.0,45041.5,1,0,0
1222752,4186,1692,2,4,16000.0,32460.5,1,0,0
648017,2216,861,0,3,25195.0,68255.8,1,0,0
168535,563,1649,2,4,4700.0,31923.6,1,0,0
291246,998,668,2,4,14.6,61064.5,6,0,0
41564,137,2015,0,3,23209.0,41041.0,1,0,0
909360,3097,2011,2,1,403.0,13161.7,5,3,18871748
1326683,4527,2004,2,4,1600.0,40686.7,1,0,0
3644404,3458,941,0,0,15.7,4895.7,7,0,0
248378,854,1012,2,1,382.0,26511.9,5,1,21777671
807188,2750,1712,2,1,2229.0,37332.0,0,13,25649327
3448759,3109,972,0,0,222.5,53771.6,7,0,0
762241,2602,1830,2,1,1332.0,52122.3,5,9,62890523
423800,1440,1348,2,1,56.0,17319.5,5,10,85377597
457491,1554,953,2,4,6000.0,36884.7,1,0,0
1267887,4337,1442,0,3,34138.0,86521.8,1,0,0
2910739,9640,744,2,4,3300.0,24884.5,1,0,0
50082,168,1190,0,2,3020.0,17355.4,1,4,86771827
227473,773,754,2,4,9800.0,30572.8,1,0,0
445977,1515,1646,2,1,774.0,45082.1,0,2,84623413
3218275,10679,1806,2,1,8241.8,74873.6,8,1,88228171
1681587,5700,466,0,3,9615.0,35213.7,1,0,0
3489496,7523,2129,0,0,54.9,17002.3,7,0,0
368501,1252,1399,2,4,30.0,47249.8,6,0,0
965658,3290,1804,0,2,57936.0,111116.1,1,3,61776995
668317,2282,986,0,2,46101.0,105720.3,1,11,34391063
9108,32,1215,2,4,14.6,42570.9,6,0,0
2625959,8680,1987,0,2,21430.0,29155.8,1,12,16513169
520033,1775,1884,2,4,14.6,15217.4,6,0,0
253172,866,339,2,4,4100.0,30993.3,1,0,0
158822,532,2110,2,4,4500.0,66195.6,1,0,0
2727900,9024,1580,2,4,14.6,20986.0,6,0,0
2312,9,1111,2,4,1200.0,51638.4,1,0,0
3544887,434,1611,0,0,110.3,25296.9,7,0,0
215151,730,359,2,4,11400.0,39366.8,1,0,0
124713,419,1287,2,4,1400.0,29295.9,1,0,0
3658450,3876,454,0,0,175.3,55920.4,7,0,0
973812,3318,1498,2,1,771.0,12173.9,1,3,6951642
902844,3076,1255,2,1,2715.0,17346.0,5,12,67460548
734748,2510,869,2,4,10700.0,40808.2,1,0,0
612011,2085,2012,0,3,9712.0,31252.2,1,0,0
509847,1745,2054,0,3,8146.0,95305.4,1,0,0
1530393,5213,1343,0,2,46714.0,84760.4,1,1,62184637
288510,989,646,2,1,1147.0,27673.0,0,6,78910153
1666142,5650,1429,2,4,100.0,44487.6,6,0,0
670611,2289,1550,2,4,14.6,34976.4,6,0,0
714865,2445,2123,2,4,30600.0,50372.3,1,0,0
3615532,2569,2068,0,0,78.9,18235.5,7,0,0
1137567,3887,1504,2,1,2013.0,29145.8,5,7,51578915
629944,2150,1733,2,4,14.6,15204.3,6,0,0
967453,3296,1529,2,4,15600.0,39031.5,1,0,0
121208,406,2098,2,4,14.6,14281.8,6,0,0
119168,400,1647,2,1,6948.0,43230.6,5,12,99955695
1045426,3575,1842,2,4,2300.0,27981.1,1,0,0
135132,453,2106,0,3,24097.0,82573.4,1,0,0
3600171,2112,1945,0,0,144.6,35773.5,7,0,0
560200,1906,1622,2,1,7355.0,42261.0,5,13,62735038
519209,1773,712,0,2,4316.0,21708.6,2,2,77385341
65235,217,1587,2,4,500.0,20353.8,1,0,0
1595795,5422,1271,0,3,44319.0,100896.4,1,0,0
1042963,3567,2016,0,3,19164.0,52114.0,1,0,0
3437714,433,607,0,0,226.7,25274.2,7,0,0
1063337,3632,2001,0,3,24108.0,37977.7,1,0,0
3638468,3260,1672,0,0,311.1,71837.7,7,0,0
552994,1882,1590,2,1,60.0,14435.6,3,8,35459327
3254974,10812,1978,2,4,5500.0,19292.2,1,0,0
260852,893,1773,0,3,22130.0,87367.6,1,0,0
96372,328,2068,2,4,14.6,16606.1,6,0,0
1055114,3608,2016,2,4,5600.0,41031.7,1,0,0
3616249,2592,364,0,0,127.3,38383.6,7,0,0
1004468,3428,1776,0,3,11248.0,44185.3,1,0,0
3438737,624,2159,0,0,163.3,49575.8,7,0,0
3094730,10266,1477,2,4,11900.0,25652.2,5,0,0
251353,862,1437,2,1,3122.0,85403.6,5,1,95404332
1095369,3745,429,0,2,26258.0,50636.1,1,7,79180401
797919,2718,1545,2,4,700.0,25152.9,1,0,0
155148,519,675,2,4,4000.0,25563.3,1,0,0
2108351,7136,1825,2,4,30.0,94955.4,6,0,0
569196,1937,515,2,4,14.6,19869.6,6,0,0
724964,2482,1312,0,3,11518.0,34108.2,1,0,0
686312,2343,2129,2,4,14.6,41733.5,6,0,0
619519,2115,1775,0,2,2910.0,14502.2,1,1,89217292
2788987,9235,1184,2,4,1920.0,38047.3,1,0,0
820565,2794,1853,2,4,1800.0,11339.7,1,0,0
1156383,3956,1892,0,3,10391.0,53901.9,1,0,0
226434,771,2135,0,3,20016.0,51100.8,1,0,0
1316088,4493,1614,0,3,30860.0,59498.4,1,0,0
3625870,2884,272,0,0,123.8,29406.6,7,0,0
706664,2420,2105,0,2,3602.0,16366.3,1,7,30639845
3490470,7606,880,0,0,149.6,36791.8,7,0,0
1109656,3788,1516,2,5,1400.0,61273.3,1,0,0
794098,2705,1484,2,4,5400.0,29823.2,1,0,0
109525,370,2173,0,2,3113.0,20754.3,1,8,86727231
1272115,4350,483,2,4,15500.0,43339.1,1,0,0
884467,3014,798,0,3,29343.0,77833.0,1,0,0
121724,408,2159,2,4,14.6,86182.6,6,0,0
386498,1314,765,0,3,16664.0,50760.1,1,0,0
1544764,5256,1281,1,4,4057.0,34324.3,1,0,0
1562906,5313,437,2,1,1167.0,35494.9,0,11,15263599
1146979,3923,1246,2,4,14.6,44399.2,6,0,0
3537240,204,1733,0,0,67.0,16426.3,7,0,0
457361,1554,1802,2,5,4000.0,30173.1,1,0,0
3555427,757,698,0,0,136.1,31032.8,7,0,0
3552997,685,1307,0,0,189.7,62724.9,7,0,0
3555897,772,1825,0,0,326.8,72031.9,7,0,0
248974,855,980,2,1,6608.0,26547.7,5,6,31062770
193928,657,2143,2,1,1066.0,64303.5,5,1,72237545
444185,1511,1035,0,3,43431.0,111239.8,1,0,0
1560318,5305,1774,0,2,30067.0,49949.0,1,12,19441199
482839,1644,978,0,3,15306.0,48365.0,1,0,0
467193,1590,1007,2,1,127.0,28819.2,0,4,23429125
3452555,5700,1794,0,0,11.7,1797.6,7,0,0
976003,3326,816,1,4,2244.0,91862.0,1,0,0
528838,1804,985,0,3,12178.0,51826.9,1,0,0
3462517,2533,1399,0,0,113.3,26434.4,7,0,0
36708,118,1961,2,4,1110.0,27270.9,1,0,0
206967,702,488,2,4,2240.0,12853.8,1,0,0
1115779,3810,1491,2,4,14.6,19853.7,6,0,0
3535270,148,1002,0,0,87.4,21581.3,7,0,0
95272,324,1929,2,1,1785.0,21683.3,5,8,83596694
1159168,3969,910,2,4,14.6,44147.6,6,0,0
3551663,640,395,0,0,71.7,17874.1,7,0,0
192187,652,556,2,1,7591.0,27452.7,5,13,56959491
1130991,3864,1843,2,4,2700.0,68139.2,1,0,0
3643678,3432,1976,0,0,54.8,13241.4,7,0,0
3564370,1021,1945,0,0,67.7,16556.8,7,0,0
480471,1637,1105,2,4,1600.0,16610.3,1,0,0
1267717,4336,1956,2,1,8316.0,28641.4,5,12,30210501
149551,498,1314,2,4,19000.0,62148.2,1,0,0
3647556,3558,515,0,0,157.8,38924.1,7,0,0
1064103,3636,1321,2,1,40.0,41134.0,5,4,45862406
217187,738,1100,2,4,1500.0,70929.8,1,0,0
135461,454,886,0,3,3600.0,4300.0,1,0,0
702335,2405,1728,2,4,4400.0,29797.2,1,0,0
578234,1968,1927,2,4,13000.0,49045.5,1,0,0
719009,2463,1953,0,3,15460.0,31725.5,1,0,0
2967143,9828,520,0,2,47472.0,73862.9,1,4,8007508
1029619,3516,1945,2,4,25200.0,41353.8,1,0,0
904009,3080,2037,2,4,14.6,15572.5,6,0,0
3198654,10613,2043,0,2,31225.0,70038.5,1,5,68143170
3506162,9006,1338,0,0,159.0,78271.5,7,0,0
1088302,3718,2173,2,1,2107.0,40129.5,5,12,79798763
907278,3091,674,2,4,5300.0,36182.6,1,0,0
936711,3197,1374,0,2,3013.0,21507.6,1,11,12059861
1018006,3478,1394,2,4,2880.0,20374.4,1,0,0
2687869,8896,1491,2,4,100.0,45620.8,6,0,0
411452,1401,735,2,4,2000.0,27827.8,1,0,0
3594091,1925,1215,0,0,116.4,28996.2,7,0,0
308353,1051,1842,2,4,2160.0,30341.9,1,0,0
2391952,7890,1560,0,3,6457.0,22555.8,1,0,0
3581748,1562,1460,0,0,87.7,20598.0,7,0,0
588568,2003,1316,0,2,46967.0,116170.6,1,2,8372825
958532,3265,2098,2,4,100.0,27141.9,6,0,0
3565953,1075,1945,0,0,200.7,48623.7,7,0,0
938242,3201,2164,2,1,2898.0,65847.4,0,1,88160776
438176,1488,1831,2,1,230.0,18613.1,0,2,64393782
675167,2306,512,2,4,1900.0,38481.1,1,0,0
1087777,3717,1623,0,2,23373.0,33502.6,1,10,65669673
967935,3298,1246,2,4,14.6,52267.7,6,0,0
39710,128,819,2,4,14.6,54568.8,6,0,0
404277,1376,1819,2,4,950.0,18424.7,1,0,0
793006,2702,1257,2,1,3537.0,80415.2,5,12,31848305
513717,1758,1679,0,2,22358.0,60519.2,1,1,91368162
1066535,3644,1703,2,4,14.6,17213.9,6,0,0
386693,1314,1276,2,4,14.6,37482.0,6,0,0
3585318,1671,1976,0,0,91.9,21142.2,7,0,0
3196949,10607,1830,0,3,11135.0,31269.6,1,0,0
3659856,3920,1154,0,0,160.1,30564.1,7,0,0
3443507,1713,2068,0,0,90.7,16621.3,7,0,0
918286,3130,1294,2,4,900.0,25036.0,1,0,0
685306,2340,1842,2,4,1800.0,34319.7,1,0,0
114697,388,1138,2,1,6524.0,18599.8,5,2,48455613
925791,3155,1641,2,4,14.6,21756.0,6,0,0
2729881,9030,1590,2,4,9100.0,52560.3,1,0,0
96736,330,1672,2,4,14.6,22843.4,6,0,0
1255655,4293,1849,2,4,12800.0,27815.1,1,0,0
1214570,4156,2129,2,4,16200.0,1980.6,5,0,0
748334,2552,2109,2,1,7035.0,60482.1,5,4,17411059
1322207,4514,468,0,2,49200.0,95795.8,1,8,88864481
3678872,6922,2098,0,0,255.7,47848.1,7,0,0
1245374,4260,710,2,1,4075.5,18163.2,8,3,42941677
1154926,3950,2064,2,4,12700.0,51643.1,1,0,0
3576707,1410,972,0,0,255.8,64839.7,7,0,0
171554,575,949,2,1,5329.0,26207.5,0,4,62339043
32038,103,1555,2,4,6900.0,44405.5,1,0,0
1811133,6138,2016,2,1,10869.0,5047.2,5,12,42320823
895494,3051,1369,2,4,39900.0,70486.1,1,0,0
98972,338,1825,2,4,14.6,19061.9,6,0,0
325741,1113,1708,2,1,3837.0,25369.0,5,2,6762576
535585,1824,1111,2,4,2520.0,51396.9,1,0,0
1160883,3975,1981,0,2,3404.0,23741.4,1,5,7500261
50104,168,1861,0,2,3020.0,19700.3,1,4,86771827
3465801,3449,2098,0,0,210.8,50259.6,7,0,0
1203882,4119,788,2,4,14.6,40679.7,6,0,0
994358,3391,1856,2,4,14.6,57297.3,6,0,0
1730445,5868,940,0,3,11480.0,50914.2,1,0,0
818906,2788,1246,2,4,14.6,41705.8,6,0,0
556172,1892,1945,2,4,14.6,21049.6,6,0,0
3639182,3283,668,0,0,119.0,28675.3,7,0,0
2586461,8547,1752,1,4,24405.0,21247.2,1,0,0
1736852,5891,167,2,4,4800.0,93310.3,1,0,0
3477395,8899,1125,0,0,102.5,23539.6,7,0,0
3608381,2371,1945,0,0,287.9,59228.5,7,0,0
616742,2102,1672,2,4,14.6,21360.7,6,0,0
1215004,4159,2114,0,3,400.0,53689.2,1,0,0
854447,2912,1183,1,4,24819.0,21434.3,1,0,0
3608116,2363,1125,0,0,103.3,22609.2,7,0,0
753165,2569,770,2,4,2960.0,20023.4,1,0,0
6164,25,1438,0,3,47179.0,115113.5,1,0,0
552971,1882,890,2,1,60.0,16209.1,3,8,35459327
618046,2109,1998,2,4,26100.0,34474.3,1,0,0
3631630,3060,1976,0,0,178.1,45879.6,7,0,0
182569,621,1313,0,3,24566.0,63120.8,1,0,0
794824,2707,1265,2,4,24600.0,67611.2,1,0,0
565774,1926,1435,2,1,2643.0,17311.8,5,12,87020074
3659307,3904,1641,0,0,78.3,19296.9,7,0,0
3642524,3391,1246,0,0,173.8,42816.5,7,0,0
644822,2201,1111,2,4,360.0,17831.8,1,0,0
682867,2330,1033,2,4,14.6,19166.9,6,0,0
469464,1599,1805,2,1,1337.0,88955.9,5,8,68704247
451196,1534,755,2,4,720.0,20891.1,1,0,0
598324,2037,2139,0,3,16576.0,54897.4,1,0,0
113131,381,784,2,4,4920.0,24049.7,1,0,0
1160480,3973,2174,2,4,2080.0,32076.4,1,0,0
124215,418,1953,0,3,20879.0,75890.5,1,0,0
770183,2628,1996,1,4,6512.0,15081.6,1,0,0
340926,1157,625,2,4,3700.0,36632.8,1,0,0
1258084,4301,2080,0,3,12740.0,28619.8,1,0,0
1086921,3713,1803,2,4,33000.0,84762.2,1,0,0
2652552,8772,1711,2,4,7500.0,14460.6,1,0,0
784512,2673,553,2,4,1900.0,39199.2,1,0,0
2695587,8919,1985,2,1,166.0,27310.0,5,6,55111950
160467,538,1838,2,4,2800.0,21315.4,1,0,0
412033,1402,1951,2,1,374.0,27518.4,0,3,12338292
723090,2475,1620,2,1,3829.0,30733.7,0,4,16848689
3623760,2823,698,0,0,84.6,20372.0,7,0,0
278355,953,1101,2,1,1768.0,25013.9,5,8,93842464
864946,2944,1809,2,4,1120.0,35699.6,1,0,0
894848,3050,1803,2,1,41.0,56046.4,3,2,93120836
106147,361,1497,2,4,21800.0,39469.2,1,0,0
23037,75,1074,2,4,15100.0,34748.3,1,0,0
3464088,2915,1002,0,0,234.2,60611.7,7,0,0
486537,1658,1475,2,4,960.0,22706.9,1,0,0
664765,2269,1641,2,4,14.6,22949.5,6,0,0
925343,3153,1888,1,4,19697.0,70681.5,1,0,0
401283,1366,788,2,4,14.6,21904.0,6,0,0
3209907,10652,2139,0,2,30142.0,43416.8,1,9,39472097
3551362,631,1884,0,0,112.2,27367.3,7,0,0
690789,2360,1794,2,4,14.6,44188.7,6,0,0
856510,2919,1288,0,3,13963.0,33662.9,1,0,0
1310703,4476,1071,2,1,3103.0,29310.4,3,4,96384197
1080789,3690,1716,2,4,15500.0,48835.0,1,0,0
1067675,3648,2053,2,4,870.0,25578.7,1,0,0
863082,2938,849,2,4,14.6,54512.9,6,0,0
3513042,9627,1399,0,0,72.7,18053.6,7,0,0
545585,1856,1710,2,1,725.0,25521.6,1,7,85599320
721792,2471,1834,2,1,205.0,74242.4,0,6,585544
3539581,274,395,0,0,177.7,31901.6,7,0,0
469612,1599,1733,2,4,14.6,68462.9,6,0,0
972944,3315,1338,2,4,14.6,46810.1,6,0,0
1309423,4470,1954,2,4,38500.0,33593.4,1,0,0
656781,2244,2068,2,4,14.6,28653.3,6,0,0
323018,1104,1769,0,3,16085.0,49692.9,1,0,0
209013,709,2130,0,3,5500.0,49973.0,1,0,0
700253,2396,1440,2,1,2548.0,25449.2,5,1,75456380
1108668,3786,1851,2,4,8700.0,59393.3,1,0,0
287228,984,2073,2,1,5911.0,20380.8,5,9,37694537
1857774,6289,2061,0,3,31042.0,114362.6,1,0,0
1920900,6510,1589,0,3,44721.0,97199.9,1,0,0
66731,222,356,1,4,24055.0,40693.0,1,0,0
51444,172,1801,2,4,21400.0,45442.4,1,0,0
911853,3108,1215,2,4,14.6,13611.6,6,0,0
948068,3231,1589,2,1,2636.0,16360.0,5,11,8378410
384973,1307,1183,2,4,400.0,27707.6,1,0,0
2135462,7231,1273,2,4,14700.0,13088.9,1,0,0
148464,496,1406,0,3,5404.0,21982.3,1,0,0
3039859,10079,365,2,4,19400.0,46129.2,1,0,0
111247,376,1845,2,4,2280.0,35218.5,1,0,0
227971,774,399,2,4,1750.0,22869.1,1,0,0
873175,2974,1503,0,2,5582.0,46898.6,2,9,85955059
2567643,8475,1900,2,4,100.0,31657.0,1,0,0
631003,2154,1483,2,4,660.0,15237.5,1,0,0
1414989,4825,918,2,4,1900.0,35336.0,1,0,0
1693688,5740,1959,0,3,41270.0,40942.5,1,0,0
1265778,4329,893,0,3,1000.0,31355.6,1,0,0
2938600,9731,1185,2,4,100.0,26138.4,6,0,0
411551,1401,1246,2,4,14.6,37295.8,6,0,0
2023403,6856,1550,2,4,14.6,39691.9,6,0,0
855357,2914,2156,0,3,1800.0,38635.4,1,0,0
515442,1762,839,2,4,6100.0,41108.6,1,0,0
3567071,1114,668,0,0,84.5,19727.0,7,0,0
1071283,3660,1112,0,3,600.0,17488.3,1,0,0
13155,44,308,0,2,4200.0,23300.3,2,8,4120284
37443,120,1276,2,4,30.0,19864.1,6,0,0
493915,1684,1884,2,4,30.0,45584.6,6,0,0
3145277,10439,550,2,1,10134.0,24972.3,5,12,55833750
2857406,9455,1716,0,2,37475.0,79648.4,1,1,50390851
1122752,3835,1868,0,3,14233.0,44973.5,1,0,0
1143206,3909,103,2,4,16400.0,43285.2,1,0,0
1084505,3704,1107,2,1,3046.0,16334.0,5,13,11861372
631851,2157,1891,2,1,9094.0,8631.0,5,3,96798324
202881,688,1429,2,4,14.6,33740.3,6,0,0
919982,3135,1318,2,1,6814.0,51730.4,5,2,78418945
77364,257,1504,1,4,2841.0,28177.7,1,0,0
1635753,5546,1797,2,4,1100.0,23043.9,1,0,0
9436,33,1002,2,4,14.6,58400.0,6,0,0
954236,3253,2129,2,4,100.0,101592.0,6,0,0
205146,697,1482,2,4,1320.0,78531.3,1,0,0
107228,364,1953,0,2,3332.0,25555.5,1,11,18032276
478049,1629,1832,0,2,5264.0,20458.7,2,5,37585598
2305584,7607,1597,2,4,7300.0,44551.2,1,0,0
3620379,2719,1794,0,0,97.8,23585.4,7,0,0
1081790,3694,1618,0,3,18436.0,61507.3,1,0,0
2123724,7190,2018,0,3,2100.0,29639.8,1,0,0
477187,1626,849,2,4,14.6,43717.6,6,0,0
372989,1270,2173,0,2,18696.0,27868.3,1,13,60244399
621414,2121,1376,0,3,22121.0,58699.8,1,0,0
773206,2639,1310,2,4,3100.0,40916.6,1,0,0
93740,319,2018,2,1,6149.5,57920.4,8,4,41618597
829417,2824,1592,2,1,841.0,68257.2,8,13,96265625
361221,1227,1895,2,1,101.0,47431.8,0,4,57943856
3538876,249,1764,0,0,169.6,31790.3,7,0,0
472887,1610,920,0,3,24373.0,77582.2,1,0,0
829066,2823,1731,2,4,1080.0,23144.5,1,0,0
1043903,3570,675,2,1,3836.0,22899.3,5,3,1657617
413834,1406,698,2,4,14.6,16133.0,6,0,0
1199643,4105,1884,2,4,14.6,38556.3,6,0,0
580547,1975,1611,2,4,14.6,37235.7,6,0,0
552286,1880,1112,0,3,1100.0,40159.0,1,0,0
337982,1147,980,0,3,22669.0,67961.3,1,0,0
909437,3097,2046,0,3,400.0,22867.3,1,0,0
901671,3072,2159,2,4,14.6,36646.8,6,0,0
290603,995,1794,2,4,14.6,22255.8,6,0,0
785796,2677,1743,0,3,19934.0,43740.4,1,0,0
1127420,3850,1480,2,4,3500.0,47348.4,1,0,0
332607,1132,1109,2,4,3600.0,100700.3,1,0,0
3442877,1564,2190,0,0,185.0,39405.3,7,0,0
477089,1626,674,1,4,14908.0,27188.1,1,0,0
787816,2685,1434,0,2,4703.0,9623.7,2,5,14745140
205136,697,753,2,4,3480.0,35614.5,1,0,0
740303,2527,737,0,3,3600.0,21378.2,1,0,0
3369407,11186,1338,2,4,14.6,45306.5,6,0,0
847729,2886,2022,2,4,5000.0,23067.5,1,0,0
634115,2166,1854,2,4,840.0,16093.8,1,0,0
64397,213,1720,2,4,19600.0,44065.2,1,0,0
3565675,1069,849,0,0,70.6,17742.9,7,0,0
339907,1153,1926,2,1,4918.0,34494.6,5,9,24663144
82303,275,1986,2,1,2062.0,13697.6,1,11,60457825
1857862,6289,1076,2,4,2100.0,40878.0,1,0,0
162099,542,765,2,1,2750.0,14977.9,5,12,82309841
155632,521,1560,0,3,38212.0,75450.1,1,0,0
440223,1496,1012,2,1,33.0,34466.4,3,1,44200831
855982,2916,1866,2,1,2.0,28562.6,0,12,87459617
1017852,3478,1044,0,3,7360.0,21866.2,1,0,0
472726,1609,1526,2,1,2017.0,11861.9,1,6,83359962
70565,235,1500,2,1,1321.0,21754.7,1,6,52539473
1329701,4543,528,0,3,7020.0,33918.2,1,0,0
1038748,3552,1472,2,4,3240.0,46582.7,1,0,0
1013352,3465,1646,0,3,10324.0,63228.5,1,0,0
3648307,3580,1154,0,0,145.9,36745.6,7,0,0
3554406,726,1094,0,0,112.6,21739.2,7,0,0
771115,2632,221,2,1,2042.0,42088.4,5,3,40250009
440176,1496,1044,2,1,161.0,36923.8,0,4,36367225
2736119,9052,1221,2,4,3200.0,50918.3,1,0,0
484186,1648,1860,0,3,1100.0,21384.6,1,0,0
3572115,1267,2037,0,0,162.6,26477.8,7,0,0
684311,2335,2179,2,4,3700.0,888.0,1,0,0
815671,2778,1276,2,4,14.6,21104.7,6,0,0
847245,2885,1710,0,3,19486.0,66695.7,1,0,0
1010087,3450,2069,2,4,21300.0,102627.2,1,0,0
755399,2577,1257,2,1,3347.0,26515.1,5,9,745589
1754591,5952,2080,2,1,1594.0,68564.2,0,12,37493223
179526,608,1434,2,1,2895.0,15679.8,5,1,57903474
1078832,3684,697,2,4,1600.0,27552.2,1,0,0
3453855,6715,1094,0,0,97.8,16309.2,7,0,0
923629,3147,1096,2,4,2700.0,33967.4,1,0,0
30790,100,521,2,1,598.0,41530.8,5,11,6381905
193756,656,2165,2,4,7900.0,38886.5,1,0,0
1203931,4119,410,2,4,100.0,20872.1,1,0,0
498590,1699,1708,2,1,19.0,24658.8,0,3,2504826
1406906,4794,1831,2,1,603.0,27467.6,0,3,60735916
3197016,10607,1614,2,4,13100.0,-874.9,5,0,0
3566439,1092,1246,0,0,140.0,32679.1,7,0,0
495932,1690,1489,2,4,1300.0,16118.4,1,0,0
1090622,3728,1294,1,4,11375.0,20753.3,1,0,0
1123886,3838,2169,0,3,18860.0,50757.5,1,0,0
139704,467,1884,2,4,14.6,29414.4,6,0,0
3465688,3444,1764,0,0,126.8,38798.2,7,0,0
407696,1387,2061,0,3,300.0,43695.9,1,0,0
3660654,3944,2068,0,0,139.5,33063.1,7,0,0
860995,2932,663,2,4,30200.0,59737.8,1,0,0
882903,3007,962,2,4,12300.0,38116.3,1,0,0
3475591,8505,1915,0,0,142.5,34992.6,7,0,0
2459809,8114,1708,2,1,494.0,41066.2,0,4,65448498
648163,2216,863,2,1,5184.0,63071.8,5,7,6210720
96831,331,1563,0,2,6682.0,22834.2,2,1,13652062
1787837,6064,2139,0,3,5644.0,12634.0,1,0,0
746037,2546,716,0,3,17317.0,17617.0,1,0,0
130951,440,1681,2,1,5825.0,15578.6,5,9,84914481
360107,1223,2097,2,4,600.0,51185.8,1,0,0
149479,498,972,2,4,14.6,59948.1,6,0,0
618901,2112,1866,0,3,10100.0,34493.6,1,0,0
459686,1564,1246,2,4,14.6,21316.3,6,0,0
919029,3133,435,0,3,19594.0,47945.7,1,0,0
503731,1718,1906,2,4,14300.0,54872.9,1,0,0
3606156,2306,788,0,0,127.1,32135.0,7,0,0
2976480,9859,1616,2,1,1476.0,38762.1,0,6,16269088
917760,3129,774,0,2,6727.0,20476.1,2,9,94994931
439399,1493,2168,2,4,2200.0,14773.2,1,0,0
1098430,3752,933,2,4,13100.0,44693.6,1,0,0
272252,931,1585,2,1,864.0,22410.8,0,7,2668875
155030,519,1489,2,4,2320.0,19849.0,1,0,0
985655,3362,1497,2,1,7294.0,38878.7,5,11,25993234
38659,125,2125,2,4,9500.0,28921.9,1,0,0
3600061,2110,880,0,0,113.6,27866.7,7,0,0
580596,1975,1544,2,4,4900.0,29495.0,1,0,0
3582780,1597,1094,0,0,106.2,23717.5,7,0,0
505378,1726,1988,2,1,4438.0,9319.9,5,1,99886172
133148,446,2046,0,3,24160.0,53857.3,1,0,0
1052317,3599,1094,2,4,14.6,24564.8,6,0,0
310992,1059,1215,2,4,14.6,14465.2,6,0,0
85687,287,981,2,4,3760.0,17911.1,1,0,0
281061,963,1406,2,4,13200.0,40636.2,1,0,0
564746,1922,2034,2,4,5500.0,85101.3,1,0,0
583167,1984,1641,2,4,14.6,33157.0,6,0,0
3597689,2027,819,0,0,11.3,21067.3,7,0,0
604385,2057,1804,2,1,102.0,76757.7,0,1,71481627
936836,3197,644,2,4,360.0,20252.9,1,0,0
240186,819,1831,2,4,24000.0,35262.5,1,0,0
610135,2077,2129,2,4,14.6,56582.5,6,0,0
3587547,1737,1764,0,0,147.3,37945.2,7,0,0
105831,361,767,2,1,1941.0,65928.6,5,13,95369791
1067656,3648,1485,2,4,600.0,24381.5,1,0,0
3440189,1023,941,0,0,225.5,52686.5,7,0,0
3600419,2122,515,0,0,291.8,84971.8,7,0,0
1149547,3932,1488,2,4,560.0,18843.6,1,0,0
1406939,4794,1745,2,1,3142.0,29165.6,3,11,85381936
3588548,1771,1338,0,0,109.3,24531.6,7,0,0
261928,897,1282,2,1,2910.0,39428.6,5,4,76899188
1622011,5505,1672,2,4,14.6,26863.4,6,0,0
3651103,3655,2098,0,0,86.8,20269.1,7,0,0
1503607,5126,1152,0,3,2400.0,28011.0,1,0,0
3448097,2585,454,0,0,210.6,51568.1,7,0,0
106107,361,297,2,4,22200.0,46200.8,1,0,0
1427263,4863,1418,1,4,2352.0,41697.0,1,0,0
1935627,6555,1991,2,4,4700.0,77848.5,1,0,0
1241060,4245,756,2,4,12300.0,33009.0,1,0,0
1135805,3882,1561,0,2,3246.0,20426.7,1,4,64650767
464406,1580,1644,2,4,8500.0,19983.9,1,0,0
117564,395,2110,2,4,16500.0,26843.8,1,0,0
1148111,3927,2109,0,3,4989.0,37757.2,1,0,0
211540,718,1927,2,1,6041.0,30541.8,3,7,10620361
1035218,3539,583,0,3,4900.0,19344.4,1,0,0
3609828,2417,1185,0,0,44.0,8878.5,7,0,0
750891,2561,1505,0,3,20577.0,71160.9,1,0,0
73429,243,1299,2,4,55400.0,46987.3,1,0,0
3449636,3859,1246,0,0,42.7,35332.7,7,0,0
312423,1066,2015,0,3,34124.0,105533.6,1,0,0
816537,2780,2037,2,4,14.6,41845.8,6,0,0
3566975,1108,2006,0,0,217.7,50372.4,7,0,0
675623,2307,2037,2,4,14.6,14889.6,6,0,0
1007532,3440,1684,2,4,9200.0,36182.5,1,0,0
971404,3309,1823,2,4,16300.0,26138.3,1,0,0
688458,2351,1976,2,4,14.6,60206.3,6,0,0
364302,1238,1044,0,2,6126.0,6726.0,2,4,9374910
1039270,3554,891,2,4,6200.0,18881.7,1,0,0
771264,2632,370,2,1,2300.0,36412.3,3,5,36942219
2442486,8051,2134,2,4,4300.0,48283.2,1,0,0
737968,2521,1677,2,1,6002.0,26067.2,5,10,64551746
3660622,3944,1094,0,0,219.5,57573.5,7,0,0
3555252,751,484,0,0,70.6,16890.1,7,0,0
218653,743,2075,2,1,2691.0,23434.7,5,3,82371133
119776,401,1733,2,4,14.6,22771.1,6,0,0
695392,2378,1618,2,1,9612.0,47882.6,5,3,1222903
718265,2460,1462,2,4,1300.0,38209.3,1,0,0
3650712,3648,1399,0,0,115.4,27540.8,7,0,0
968373,3300,2098,2,4,14.6,38714.1,6,0,0
895293,3051,1564,2,1,4104.0,52987.9,5,12,89318686
846737,2883,1979,2,4,2640.0,18764.6,1,0,0
452843,1539,1859,2,4,4400.0,36058.4,5,0,0
3577729,1440,972,0,0,107.8,27255.4,7,0,0
1130682,3863,1576,2,4,5600.0,23890.4,1,0,0
3297001,10954,1950,0,3,12758.0,51903.0,1,0,0
54728,183,796,2,1,752.0,31445.2,0,4,85986530
794805,2707,845,2,4,18200.0,46951.8,1,0,0
1166554,3998,1591,2,1,2364.0,49746.0,5,9,26202184
431617,1467,2137,0,3,19597.0,75105.0,1,0,0
939140,3205,2170,2,1,1564.0,28774.0,5,12,31185347
676509,2310,2039,2,4,1400.0,53185.4,1,0,0
139090,465,1856,2,4,14.6,11752.9,6,0,0
3639101,3279,1641,0,0,153.8,26573.6,7,0,0
205313,697,1973,2,4,9800.0,64069.0,1,0,0
101268,345,473,2,4,15900.0,40614.9,1,0,0
176676,596,830,2,4,16400.0,41786.1,1,0,0
2304760,7606,1794,0,3,28398.0,62336.1,1,0,0
3585105,1666,1002,0,0,109.8,25899.7,7,0,0
655529,2241,1221,2,1,16.0,34064.1,3,11,84126734
301873,1027,2081,0,2,3868.0,18172.0,1,4,36504340
349778,1188,1865,2,1,4421.0,24985.2,5,6,60496938
1660662,5632,803,0,3,4800.0,21310.5,1,0,0
3647705,3562,2068,0,0,243.1,45175.8,7,0,0
3552841,680,1825,0,0,201.1,46477.8,7,0,0
1013036,3464,1405,2,1,2802.0,24475.5,5,10,96288322
3319351,11027,1533,0,2,12025.0,41905.1,1,6,45993560
694960,2377,1011,2,1,305.0,17336.2,5,2,25924396
2929913,9703,1053,1,4,4512.0,42475.3,1,0,0
1135001,3878,1794,2,4,14.6,17677.6,6,0,0
1163870,3984,1808,0,2,4041.0,19148.0,2,2,22091067
1154481,3948,515,2,4,14.6,42490.1,6,0,0
712091,2434,303,2,4,14.6,25880.0,6,0,0
215608,732,1778,2,1,5129.0,32298.0,5,4,38898217
868204,2957,1476,2,4,960.0,64386.2,1,0,0
713317,2437,1622,2,1,1338.0,17471.5,0,13,65697604
842648,2867,1057,2,4,13400.0,47692.8,1,0,0
1067093,3646,2043,1,4,12265.0,38446.2,1,0,0
2454664,8094,1745,2,1,6123.0,81000.5,8,11,16097522
1857715,6289,824,0,3,800.0,800.0,1,0,0
147159,493,979,0,3,17129.0,65886.6,1,0,0
3110449,10320,951,2,1,12414.0,34266.2,5,6,6873333
509416,1743,1530,2,1,2279.0,30422.7,5,3,61555409
3604273,2243,1460,0,0,168.0,38278.5,7,0,0
3656190,3805,1491,0,0,122.6,27608.1,7,0,0
3559067,875,1368,0,0,132.4,31515.7,7,0,0
3211544,10656,394,2,4,13600.0,42401.0,1,0,0
1111399,3795,1831,2,4,3200.0,53306.6,1,0,0
1069303,3653,1594,2,1,1208.0,55807.6,0,10,80628025
3460012,297,1399,0,0,39.2,14343.5,7,0,0
359817,1222,1909,2,4,7600.0,35103.9,1,0,0
866741,2951,707,2,1,743.0,52879.5,5,13,2752936
622386,2123,952,2,1,2141.0,13270.2,1,3,18685001
149367,498,1621,2,4,29440.0,43596.5,1,0,0
299785,1020,1825,2,4,14.6,12496.0,6,0,0
303259,1032,1067,2,4,3900.0,63715.0,1,0,0
3539192,264,1154,0,0,13.5,5874.5,7,0,0
112468,379,1519,2,4,14.6,12428.5,6,0,0
3506591,9030,1641,0,0,166.8,28469.9,7,0,0
1187300,4066,1806,2,1,7246.0,47517.3,0,12,20153117
683797,2334,1425,2,4,2000.0,32347.0,1,0,0
3460965,2041,1154,0,0,101.8,29101.2,7,0,0
435982,1481,1130,2,4,750.0,16546.3,1,0,0
3653678,3735,1399,0,0,310.4,78318.0,7,0,0
765292,2614,1776,0,2,3229.0,17310.2,1,11,80331241
478964,1632,1737,2,4,13200.0,46237.2,1,0,0
306650,1046,1983,0,3,16654.5,45126.0,1,0,0
219946,747,1180,2,4,3600.0,17170.8,1,0,0
957207,3261,523,0,3,13149.0,40006.2,1,0,0
900766,3069,752,2,4,900.0,55223.6,1,0,0
22213,73,1044,0,3,19111.0,53256.4,1,0,0
1041542,3561,2098,2,4,14.6,22728.5,6,0,0
3556023,780,1915,0,0,108.1,25466.4,7,0,0
3145956,10440,1556,2,4,5760.0,47613.3,1,0,0
736437,2515,1672,2,4,14.6,65404.9,6,0,0
3641324,3354,484,0,0,144.2,35076.5,7,0,0
637977,2177,333,2,4,14.6,24400.1,6,0,0
1159496,3970,1471,2,4,7200.0,80685.6,1,0,0
3479878,9307,1915,0,0,270.0,79343.9,7,0,0
852175,2904,1229,0,2,15946.0,34422.7,1,11,19373458
29382,96,1775,2,1,2140.0,107219.7,0,12,41707503
257149,882,2006,2,4,14.6,41043.2,6,0,0
312034,1065,743,0,3,1300.0,25734.1,1,0,0
1040699,3558,2104,1,4,23595.0,62416.2,1,0,0
3547370,504,2068,0,0,101.6,24493.4,7,0,0
675151,2306,1475,2,4,2100.0,24990.2,1,0,0
725128,2482,826,2,1,85.0,30388.7,3,1,8125150
96555,329,1764,2,4,14.6,48557.5,6,0,0
1309335,4470,1215,2,4,14.6,52417.2,6,0,0
978179,3336,1039,0,2,5692.0,29751.9,2,4,51558619
1054989,3608,955,2,4,11700.0,24514.5,1,0,0
716412,2454,1141,0,3,1700.0,20347.2,1,0,0
2035027,6897,374,2,4,6000.0,90695.3,1,0,0
674407,2304,1504,2,4,18200.0,34058.3,1,0,0
1087772,3717,1472,0,2,15582.0,25320.9,1,10,65669673
265041,905,1893,0,3,9264.0,27192.9,1,0,0
465723,1584,637,2,4,14.6,13154.4,6,0,0
9623,34,495,0,2,31845.0,68274.1,1,3,2569228
30719,100,550,0,3,11891.0,34398.4,1,0,0
25026,83,156,0,3,13839.0,30400.5,1,0,0
375510,1277,2120,2,4,100.0,21638.1,1,0,0
3627580,2935,1094,0,0,65.8,14741.5,7,0,0
191568,650,1267,2,4,2800.0,26301.4,1,0,0
891972,3040,1711,0,2,3303.0,25035.7,1,6,92809497
485417,1653,986,2,4,20400.0,41127.8,1,0,0
629942,2150,1672,2,4,14.6,17578.0,6,0,0
2922041,9677,1654,2,1,8944.0,23720.6,5,12,83789282
3447806,2236,1976,0,0,27.2,612.1,7,0,0
662457,2261,1945,0,3,6332.0,30196.4,1,0,0
672779,2298,1045,0,3,21788.0,68039.5,1,0,0
3604985,2263,1611,0,0,223.0,57088.2,7,0,0
138961,465,1465,2,4,3300.0,21026.3,1,0,0
204878,696,2014,2,1,1299.0,37036.3,5,5,2534234
3647651,3560,1672,0,0,105.2,25189.2,7,0,0
1102438,3765,1716,2,1,691.0,18153.4,1,3,11630344
536626,1827,385,2,4,800.0,20802.3,1,0,0
2472890,8159,922,2,1,1241.0,33191.4,8,4,50695323
542945,1847,1774,0,2,5679.0,46199.3,2,6,21921652
326590,1115,972,2,4,14.6,16852.0,6,0,0
877084,2987,1668,2,4,22400.0,25476.9,1,0,0
3552554,665,2006,0,0,329.2,73297.9,7,0,0
1167517,4000,753,2,4,1800.0,23973.0,1,0,0
288674,989,1672,2,4,14.6,16319.1,6,0,0
3630230,3016,1945,0,0,129.6,31346.7,7,0,0
121331,407,1822,2,4,7500.0,46110.9,1,0,0
3533803,100,941,0,0,115.1,28204.4,7,0,0
181379,616,1739,2,1,1869.0,21426.8,5,8,38012558
1310865,4476,1922,2,4,3720.0,25911.5,1,0,0
3612760,2497,545,0,0,90.1,22525.4,7,0,0
799524,2726,1855,2,4,3120.0,67489.4,1,0,0
923040,3146,1526,0,2,3688.0,24942.9,1,8,39541465
2121587,7184,1616,2,1,3434.0,46364.9,5,4,64944064
1253651,4287,2171,0,3,9330.0,27818.7,1,0,0
3539213,264,1794,0,0,179.8,44211.6,7,0,0
3467892,3968,1915,0,0,326.7,75555.9,7,0,0
2644106,8742,1518,0,3,1000.0,17564.0,1,0,0
686778,2345,2110,2,1,3328.2,17496.7,8,9,31917315
966559,3293,1860,0,3,2800.0,21172.0,1,0,0
705167,2415,1770,2,4,840.0,19926.5,1,0,0
3627305,2928,1185,0,0,94.1,23527.5,7,0,0
3463437,2740,1641,0,0,88.6,19629.8,7,0,0
860844,2932,750,2,4,5700.0,53270.5,1,0,0
2847782,9424,1712,0,2,13936.0,35863.5,1,7,56820648
2862553,9472,246,2,4,12300.0,37757.5,1,0,0
344687,1168,1651,2,1,1838.0,24976.7,0,4,54825097
3602930,2205,1460,0,0,119.8,29469.2,7,0,0
3591608,1848,1460,0,0,56.9,13755.8,7,0,0
1156376,3956,1680,0,3,10391.0,48985.9,1,0,0
127314,427,1654,2,1,8166.0,52113.3,5,2,43451237
872302,2971,536,2,4,1800.0,24069.2,1,0,0
684210,2335,1451,2,4,13300.0,14191.1,1,0,0
1024496,3497,2006,2,4,14.6,51978.7,6,0,0
598645,2037,1715,2,4,8200.0,36164.6,1,0,0
919084,3133,2110,0,3,19594.0,31085.8,1,0,0
1112791,3800,1550,2,4,14.6,22508.4,6,0,0
903130,3077,1895,2,1,3698.0,38728.2,5,8,91859578
483522,1645,1550,2,4,14.6,29466.9,6,0,0
2286835,7542,1720,2,4,4800.0,24689.2,1,0,0
132518,444,1550,2,4,14.6,34343.4,6,0,0
3448925,3273,1125,0,0,21.1,39282.1,7,0,0
732891,2504,849,2,4,14.6,51621.4,6,0,0
900642,3069,1591,0,3,23156.0,89132.8,1,0,0
204847,696,1800,0,2,6904.0,7604.0,2,1,3723478
533851,1818,1856,2,4,14.6,47484.7,6,0,0
969468,3304,1986,2,1,4660.0,36991.9,5,8,36187023
1183253,4055,1636,2,4,12640.0,30071.7,1,0,0
1008643,3445,1806,2,4,1120.0,34973.5,1,0,0
840715,2862,2049,2,1,1371.0,14169.5,5,1,80541097
726848,2486,1649,2,4,2700.0,92228.8,1,0,0
3549020,555,1703,0,0,120.2,17784.4,7,0,0
1037718,3549,2129,2,4,14.6,17609.6,6,0,0
859653,2929,1563,2,1,11789.0,53727.3,0,9,86361235
3680267,7123,484,0,0,237.8,76636.2,7,0,0
449434,1528,1534,2,4,8700.0,28918.5,5,0,0
547383,1863,2103,2,1,3371.0,52881.5,5,4,79569941
3598383,2050,1033,0,0,119.8,26429.9,7,0,0
298584,1018,679,2,1,1614.0,25675.1,5,7,21977925
488349,1665,1745,2,4,4100.0,22862.4,1,0,0
372715,1269,1851,2,4,7520.0,26928.6,1,0,0
729128,2493,1742,2,1,5375.0,57726.8,5,3,91739165
851885,2903,1834,0,3,22113.0,65055.9,1,0,0
216369,735,2129,2,4,14.6,27328.9,6,0,0
695764,2379,1317,0,3,5072.0,16256.1,1,0,0
366620,1247,1396,0,3,29184.0,59557.1,1,0,0
3601743,2163,910,0,0,210.7,42179.6,7,0,0
2258784,7454,403,0,3,4166.0,16217.5,1,0,0
245176,841,788,2,4,14.6,17336.0,6,0,0
583953,1987,1550,2,4,14.6,47609.2,6,0,0
957592,3261,1387,2,4,300.0,42276.8,1,0,0
1010172,3451,1531,2,1,7097.0,46747.0,5,11,61476659
192661,654,1410,0,2,6092.0,29145.1,2,6,79278325
249284,856,1925,0,3,12807.0,56106.7,1,0,0
785240,2676,1504,0,3,15263.0,44287.5,1,0,0
980387,3345,1525,2,4,2600.0,2916.7,5,0,0
38474,125,1519,0,3,32715.0,101678.6,1,0,0
635589,2170,1625,2,1,4838.0,37642.1,5,6,69894355
3554146,719,1307,0,0,101.2,25728.1,7,0,0
913087,3112,1128,2,4,59200.0,48878.8,1,0,0
3515505,9869,1094,0,0,265.0,71220.6,7,0,0
757885,2584,1538,2,4,7200.0,11871.7,1,0,0
760723,2596,915,2,1,2285.0,11879.9,5,3,34919470
691985,2364,1338,2,4,14.6,30065.9,6,0,0
2675935,8856,2018,0,3,37946.0,118745.8,1,0,0
259455,888,2014,0,2,6107.0,22910.1,2,6,82927399
3284357,10911,349,2,4,1500.0,57476.4,1,0,0
284833,978,1588,2,1,2062.0,51213.6,5,11,70650827
1087555,3714,2155,2,4,8400.0,50836.3,1,0,0
211550,718,1654,1,4,11069.0,48453.8,1,0,0
1049691,3591,1378,2,1,4261.0,52139.1,5,5,9111011
1098299,3752,2045,2,4,2000.0,60286.6,1,0,0
731654,2501,1740,0,3,18521.0,59327.5,1,0,0
2593177,8566,1653,2,1,6394.8,24788.8,8,7,44048529
157283,526,1655,0,3,16129.0,45933.7,1,0,0
105940,361,1894,2,1,1388.0,45648.3,0,10,59163767
770562,2629,2037,2,4,14.6,31090.5,6,0,0
1030122,3519,2018,2,4,1900.0,24340.9,1,0,0
83247,279,491,0,2,3007.0,17777.1,1,13,59425073
3568199,1136,2129,0,0,191.5,30206.7,7,0,0
3471010,4519,1491,0,0,141.3,49423.5,7,0,0
814622,2773,1441,2,1,36.0,32787.1,3,12,5557954
1157240,3960,1354,2,4,800.0,30019.3,1,0,0
3648585,3589,2098,0,0,326.8,93307.6,7,0,0
807643,2751,1057,2,4,1800.0,29224.1,1,0,0
3468765,4121,2068,0,0,79.0,18686.2,7,0,0
3605226,2270,2190,0,0,115.1,21282.6,7,0,0
3641489,3358,1794,0,0,95.0,23176.5,7,0,0
1081569,3693,423,2,4,14.6,28021.9,6,0,0
560936,1909,1130,0,2,3191.0,20210.5,1,1,24230474
1108374,3785,1682,2,4,42300.0,74778.9,1,0,0
1135327,3880,1381,0,2,6871.0,21413.0,2,6,76071768
3547435,508,1764,0,0,153.1,37320.7,7,0,0
858120,2925,1090,2,4,2600.0,25538.5,1,0,0
3541149,322,484,0,0,131.9,33621.7,7,0,0
351149,1193,1437,2,1,7334.0,40573.3,5,6,465041
3459283,32,1915,0,0,254.8,62468.0,7,0,0
1081665,3693,1198,0,3,700.0,36170.3,1,0,0
965552,3289,1387,2,4,3300.0,26284.5,1,0,0
683376,2332,1572,2,4,2000.0,27584.4,1,0,0
561765,1911,1110,2,4,960.0,35297.5,1,0,0
3625992,2886,1429,0,0,106.3,28416.7,7,0,0
375953,1280,1099,2,1,2491.0,24334.0,5,3,39353507
491779,1677,1888,0,3,3200.0,24723.8,1,0,0
832667,2835,1935,2,4,6900.0,34385.6,1,0,0
2989064,9897,1709,0,2,18081.0,36323.9,1,5,7909250
3561598,940,1215,0,0,263.8,75094.9,7,0,0
1047561,3582,1460,2,4,14.6,19822.4,6,0,0
110536,374,35,0,2,23041.0,23441.0,1,12,4004806
993634,3390,1804,2,4,2500.0,60505.9,1,0,0
1156064,3955,1677,2,1,997.0,38341.0,0,4,24978786
3464058,2905,2068,0,0,272.6,63290.4,7,0,0
442932,1507,855,0,3,21273.0,54298.3,1,0,0
1524126,5194,1660,2,4,50400.0,81773.1,1,0,0
724175,2479,894,2,1,3022.0,30337.3,5,1,99287282
3468139,4001,1764,0,0,64.6,22327.5,7,0,0
225188,767,1800,2,1,3564.0,57987.8,5,6,91866522
854578,2912,875,2,4,26400.0,49263.4,1,0,0
842054,2866,1192,0,3,17358.0,50190.8,1,0,0
496791,1694,288,0,3,48364.0,61864.0,1,0,0
1311289,4478,1504,0,3,24248.0,89018.3,1,0,0
3625162,2864,1580,0,0,112.0,28334.8,7,0,0
328876,1121,1382,2,4,13700.0,48084.2,1,0,0
210676,716,1260,0,3,29478.0,64344.8,1,0,0
482399,1642,1296,2,4,1400.0,18686.5,1,0,0
395300,1344,1479,2,4,4500.0,47385.3,1,0,0
1036940,3547,985,2,1,2684.0,19319.0,5,1,35709709
3490835,7632,1825,0,0,170.0,46150.7,7,0,0
1126487,3848,2112,0,3,10862.0,65864.0,1,0,0
1531009,5215,769,0,3,15487.0,37542.6,1,0,0
441057,1499,889,0,3,8250.0,39540.6,1,0,0
3123883,10365,1034,2,4,9900.0,32502.8,1,0,0
334250,1136,1808,2,1,6249.0,32880.7,5,13,58973252
3534565,120,1002,0,0,299.9,84075.4,7,0,0
1164068,3985,2143,2,1,2007.0,15463.7,5,4,17921477
3509557,9236,1460,0,0,259.2,67264.3,7,0,0
3448709,3074,1945,0,0,139.9,57639.0,7,0,0
3499167,8330,1884,0,0,170.2,63707.2,7,0,0
861246,2933,680,2,1,4542.0,25165.4,8,13,92012846
81892,274,1286,2,1,9886.0,20432.3,5,10,91567790
311234,1061,2111,2,1,3790.0,6662.0,5,13,97285127
3605022,2264,2098,0,0,108.7,27528.2,7,0,0
1688763,5724,1161,2,1,2692.0,42064.2,5,5,5197179
948665,3233,1421,2,4,26700.0,52430.6,1,0,0
979013,3339,1884,2,4,14.6,23349.9,6,0,0
1106109,3778,754,2,4,11800.0,47222.5,1,0,0
566057,1926,1385,2,4,2600.0,21486.6,1,0,0
579302,1971,1305,2,4,1300.0,36037.9,1,0,0
923619,3147,1452,2,4,1100.0,42945.9,1,0,0
822834,2802,1338,2,4,300.0,28093.5,1,0,0
274766,941,613,2,4,2200.0,30843.0,1,0,0
12173,40,739,2,4,7200.0,27624.8,1,0,0
3663074,4134,2190,0,0,197.7,29819.6,7,0,0
599434,2039,1990,2,4,5100.0,45976.8,1,0,0
1340754,4580,1895,0,3,15971.0,55413.7,1,0,0
3670434,5358,2068,0,0,255.4,48457.7,7,0,0
599118,2038,1897,0,3,2700.0,35481.6,1,0,0
264241,902,1289,2,4,7200.0,19669.9,1,0,0
1153173,3944,1321,2,1,3338.0,51816.1,0,3,65107047
922859,3145,576,2,4,14.6,30169.7,6,0,0
1036028,3543,1486,2,4,210.0,14789.6,1,0,0
1027331,3508,1620,2,4,23000.0,41819.7,1,0,0
3452898,5870,2190,0,0,244.1,65075.0,7,0,0
766691,2618,1739,2,1,3223.0,17377.7,5,12,72358518
3540248,290,729,0,0,120.9,21319.4,7,0,0
3213178,10663,980,0,2,43339.0,75950.2,1,5,57889914
323328,1105,831,2,1,1839.0,30979.2,5,3,96368914
1298916,4434,1094,2,4,14.6,61467.8,6,0,0
355778,1205,1548,2,4,2240.0,19588.1,1,0,0
3577105,1419,1703,0,0,72.9,16579.9,7,0,0
827673,2818,1881,2,4,19700.0,71519.4,1,0,0
3571975,1261,1764,0,0,212.2,51749.4,7,0,0
1721803,5837,1645,0,3,34610.0,51983.5,1,0,0
3616869,2613,1976,0,0,58.0,15299.8,7,0,0
3626236,2894,1641,0,0,175.4,35691.1,7,0,0
336636,1144,125,0,2,3375.0,13700.0,1,4,1589578
3655356,3779,2159,0,0,247.5,58873.3,7,0,0
553810,1885,1468,2,4,750.0,47497.6,1,0,0
602214,2050,1246,2,4,14.6,28762.0,6,0,0
3446237,1106,1002,0,0,298.0,109917.8,7,0,0
1084621,3704,1989,2,4,1440.0,33008.8,1,0,0
384883,1307,1219,2,4,5520.0,21090.2,1,0,0
3571641,1249,2190,0,0,235.7,57504.7,7,0,0
576888,1965,1404,2,1,9541.0,31092.0,5,5,40902030
688811,2352,1307,2,4,14.6,45818.9,6,0,0
3620469,2723,1733,0,0,138.5,29783.6,7,0,0
552294,1880,1356,0,3,1100.0,26751.3,1,0,0
1164742,3989,1338,2,4,14.6,24541.3,6,0,0
474660,1617,1028,2,4,2480.0,20873.9,1,0,0
594165,2023,188,2,1,4208.0,32210.5,0,13,90052854
686779,2345,2141,2,1,3328.2,19524.9,8,9,31917315
40032,130,1744,0,2,6813.0,29969.0,2,13,96875136
3629578,2991,819,0,0,132.2,27742.2,7,0,0
660384,2254,1987,2,1,8879.0,97368.3,5,13,39556306
3315067,11013,1002,2,4,30.0,71111.3,6,0,0
929239,3166,2081,2,4,4200.0,79129.3,1,0,0
982098,3352,1256,2,1,578.0,19947.4,0,13,16720837
721142,2470,1803,2,1,4511.0,42653.8,5,2,71474998
207941,706,1956,0,3,18182.0,41670.8,1,0,0
956847,3260,958,1,4,24614.0,48817.7,1,0,0
1576204,5358,1246,2,4,14.6,43419.3,6,0,0
3531612,36,303,0,0,166.5,43991.7,7,0,0
3468443,4093,211,0,0,124.6,24716.8,7,0,0
39794,128,1249,2,4,2000.0,42075.0,1,0,0
232202,790,2170,2,4,3900.0,22973.1,1,0,0
3673988,6030,515,0,0,197.1,40270.0,7,0,0
131516,441,1898,2,4,11100.0,98563.3,1,0,0
557342,1896,1519,2,4,14.6,59943.6,6,0,0
1132265,3869,2073,2,1,6360.0,87147.6,5,11,88817554
509035,1742,1466,0,3,23418.0,72198.6,1,0,0
48666,163,773,0,2,6698.0,23082.1,2,13,76209622
828918,2823,1921,0,2,3316.0,25833.6,1,2,57925736
98969,338,1733,2,4,14.6,16074.2,6,0,0
398418,1356,1942,2,4,1100.0,20387.5,1,0,0
3578116,1449,2129,0,0,210.6,52157.9,7,0,0
1945878,6592,1401,0,3,29603.0,29903.0,1,0,0
3586078,1689,1703,0,0,60.5,15735.9,7,0,0
817284,2783,1836,2,4,6700.0,49015.6,1,0,0
182669,621,2168,2,1,3043.0,51556.2,0,9,32067704
54107,180,1215,2,4,30.0,71072.7,6,0,0
879829,2996,2037,2,4,14.6,53848.8,6,0,0
150376,501,1491,2,4,14.6,43744.9,6,0,0
2895499,9591,1305,0,3,10020.0,27190.5,1,0,0
3540904,314,1764,0,0,157.3,31034.4,7,0,0
135224,453,1844,2,4,10500.0,46685.5,1,0,0
3585972,1688,272,0,0,111.2,26431.4,7,0,0
105783,361,1497,0,3,23638.0,61269.2,1,0,0
233761,795,1487,2,4,3500.0,38919.8,1,0,0
224747,765,1597,0,3,600.0,57592.9,1,0,0
1313401,4484,1976,2,4,14.6,80446.3,6,0,0
304033,1036,1846,2,4,4400.0,48848.9,1,0,0
632654,2161,1132,0,3,9249.0,30126.5,1,0,0
1136766,3883,1633,0,3,700.0,44720.5,1,0,0
337513,1146,1922,0,3,21725.0,99945.2,1,0,0
3592221,1869,1825,0,0,391.1,96765.7,7,0,0
3594340,1931,364,0,0,21.8,18024.3,7,0,0
973683,3317,1786,2,4,400.0,14646.8,1,0,0
522031,1781,1764,2,4,14.6,26656.0,6,0,0
717680,2458,742,2,4,18900.0,29390.8,1,0,0
900867,3069,1429,2,4,14.6,54448.7,6,0,0
3563475,997,1825,0,0,119.9,29142.9,7,0,0
923928,3148,1490,2,4,240.0,20753.6,1,0,0
1146406,3921,1120,2,4,5400.0,69288.4,1,0,0
974207,3319,579,2,4,1350.0,26124.9,1,0,0
391063,1330,1641,2,4,14.6,95863.4,6,0,0
2930058,9703,1002,2,4,14.6,21515.6,6,0,0
265345,906,2048,2,4,1020.0,12940.3,1,0,0
883340,3008,1587,2,4,1000.0,40070.1,1,0,0
3542502,361,576,0,0,254.6,50935.9,7,0,0
713441,2437,2159,2,4,14.6,18324.3,6,0,0
3591110,1834,1856,0,0,230.9,50254.8,7,0,0
493214,1682,1829,2,4,1100.0,38908.0,1,0,0
1030840,3521,689,2,4,29800.0,75459.1,1,0,0
811956,2767,1806,0,3,28964.0,57114.8,1,0,0
2675967,8856,1310,2,4,2300.0,89482.0,5,0,0
1306969,4463,467,0,3,7269.0,39032.7,1,0,0
835594,2842,1915,2,4,14.6,17934.7,6,0,0
542091,1843,569,0,3,2200.0,22645.4,1,0,0
909021,3096,1434,2,1,1619.0,23328.8,0,6,85654091
749202,2554,468,2,4,17000.0,38109.3,1,0,0
796514,2713,1897,0,2,6422.0,50435.2,2,11,21654141
721262,2470,1800,2,1,1042.0,21193.8,3,5,7093429
164100,548,2159,2,4,14.6,12989.4,6,0,0
1065531,3640,998,2,4,6200.0,19951.0,1,0,0
277911,950,1977,2,4,7400.0,103099.0,1,0,0
237330,811,1907,2,4,4300.0,64618.5,1,0,0
415138,1410,1519,2,4,14.6,62045.8,6,0,0
682820,2330,1231,2,4,1470.0,21396.0,1,0,0
177068,597,1794,2,4,14.6,18023.1,6,0,0
1077071,3679,1407,2,1,3869.0,35359.1,5,2,36547637
581709,1979,281,0,2,3021.0,18688.6,1,11,38265723
736945,2517,1976,2,4,100.0,56529.4,6,0,0
1125572,3844,1185,2,4,14.6,18485.8,6,0,0
786358,2680,1159,0,2,17001.0,40585.9,1,4,26717019
339592,1152,621,2,4,1020.0,18896.7,1,0,0
1272022,4350,1205,2,4,5400.0,66556.5,1,0,0
999537,3413,588,2,1,4359.0,35942.7,5,10,21769154
624420,2131,1468,2,1,2560.0,24134.1,5,13,249672
3540975,317,1794,0,0,115.7,29185.4,7,0,0
3446022,808,1276,0,0,30.6,-2807.4,7,0,0
3649659,3618,1429,0,0,196.6,53727.1,7,0,0
1067613,3648,1374,2,1,17.0,26173.4,3,9,19181388
3574018,1321,1611,0,0,62.1,19521.7,7,0,0
3462904,2648,333,0,0,149.8,28844.3,7,0,0
3642553,3391,2129,0,0,240.4,57907.4,7,0,0
695899,2379,1041,2,1,145.0,16483.3,0,5,3021407
346446,1174,1481,2,4,2040.0,66585.3,1,0,0
3464585,3036,607,0,0,231.8,48007.2,7,0,0
1069453,3653,607,2,4,22100.0,45044.9,1,0,0
224065,763,1164,0,3,11126.0,27447.4,1,0,0
392483,1334,1794,2,4,14.6,31746.0,6,0,0
569086,1937,1929,2,1,2933.0,18282.3,5,5,67964726
3608880,2384,1338,0,0,240.4,51755.7,7,0,0
207555,704,1374,2,4,5640.0,18085.3,1,0,0
3440092,1010,941,0,0,125.7,31802.7,7,0,0
583392,1985,1464,2,4,2300.0,12890.4,1,0,0
1584387,5387,1440,0,3,15076.0,40523.5,1,0,0
887208,3026,1013,0,3,20740.0,47618.6,1,0,0
2356815,7774,994,0,3,15022.0,118272.5,1,0,0
517844,1769,1251,2,4,20640.0,13421.4,1,0,0
467681,1591,1554,2,4,11600.0,44586.7,1,0,0
971655,3310,1954,2,4,3600.0,16338.3,1,0,0
1083150,3699,2139,2,1,7085.0,34869.1,5,12,57787090
692141,2365,2011,0,2,5113.0,27756.1,2,5,60613775
673604,2302,344,0,3,18806.0,50701.5,1,0,0
759607,2591,1764,2,4,14.6,21292.2,6,0,0
3579319,1485,1185,0,0,206.4,48131.0,7,0,0
383841,1304,1782,2,5,1800.0,87824.0,1,0,0
821268,2798,793,0,2,19809.0,46852.0,1,8,97866516
3182489,10558,1777,1,4,3450.0,64135.3,1,0,0
3088,12,1745,2,1,297.0,22106.2,5,2,23010808
563767,1918,1394,2,4,3500.0,13609.4,1,0,0
311826,1063,1537,2,4,7000.0,38305.8,1,0,0
365799,1243,2121,2,4,5400.0,74040.4,1,0,0
3537437,209,2159,0,0,172.0,44367.6,7,0,0
3664635,4427,760,0,0,79.2,18873.3,7,0,0
1703267,5774,2181,2,4,1800.0,53015.4,1,0,0
1141985,3904,1734,2,4,1380.0,19967.7,1,0,0
2956328,9790,1314,2,1,9210.0,21759.1,5,3,28873682
1121668,3832,1747,2,1,4176.0,20514.5,0,11,41750305
400991,1366,707,2,1,4773.0,27383.5,5,4,26513684
791068,2697,886,2,1,629.0,26499.2,3,3,3080630
166006,555,1254,2,1,479.0,20173.8,0,13,19875437
1486717,5066,1252,2,1,1018.0,46218.2,0,3,39506387
426529,1449,1345,2,1,320.0,45379.5,0,11,17508918
1262887,4318,912,0,3,6500.0,31483.3,1,0,0
3531775,40,484,0,0,126.6,27651.2,7,0,0
3603763,2228,1368,0,0,234.7,48458.6,7,0,0
925174,3153,1281,0,3,800.0,800.0,1,0,0
686729,2345,611,2,4,3000.0,29662.1,1,0,0
659247,2250,1120,2,4,720.0,42307.7,1,0,0
502385,1713,105,0,3,700.0,13103.0,1,0,0
435550,1480,1561,0,3,21686.0,63201.9,1,0,0
288174,988,1958,2,1,2512.0,38548.0,5,11,82773095
1132575,3870,1928,2,1,3673.0,18413.1,5,1,91396879
2810495,9307,983,0,3,12200.0,40216.9,1,0,0
3577195,1422,1185,0,0,74.1,19057.0,7,0,0
581937,1979,637,2,4,14.6,20974.0,6,0,0
1013215,3464,1034,2,4,4800.0,22715.0,1,0,0
3551281,630,423,0,0,106.5,26797.3,7,0,0
1596246,5422,1976,2,4,14.6,14606.3,6,0,0
89791,302,2034,2,4,2000.0,12679.4,1,0,0
1154739,3949,1555,2,4,1700.0,41912.1,1,0,0
3479546,9236,576,0,0,121.1,28828.0,7,0,0
788882,2689,1829,2,5,3400.0,44375.0,1,0,0
3611047,2453,150,0,0,15.4,10295.1,7,0,0
572441,1948,1624,0,3,19972.0,41618.3,1,0,0
2369929,7815,1354,0,3,8841.0,27780.1,1,0,0
821708,2799,1821,0,3,27431.0,62959.3,1,0,0
212706,721,720,2,4,500.0,25022.4,1,0,0
754919,2576,2121,0,3,15067.0,61499.5,1,0,0
3546171,467,1764,0,0,83.6,22006.8,7,0,0
458336,1558,1854,0,3,1500.0,14349.2,1,0,0
645774,2205,1794,2,4,14.6,13633.6,6,0,0
53069,176,1479,0,3,18262.0,45468.5,1,0,0
3576155,1395,2068,0,0,194.0,48720.0,7,0,0
115538,390,2152,1,4,4602.0,56480.4,1,0,0
3123178,10364,1100,2,4,840.0,41538.6,1,0,0
2841550,9403,1465,0,3,5600.0,20482.2,1,0,0
39221,127,559,2,1,2242.0,16388.1,1,13,11707830
3536752,191,1764,0,0,204.5,54709.4,7,0,0
732912,2504,1491,2,4,14.6,24846.6,6,0,0
1083810,3701,1460,2,4,14.6,30914.3,6,0,0
232342,790,423,2,4,14.6,1530.3,6,0,0
3638710,3267,1580,0,0,158.8,40330.2,7,0,0
278666,954,1405,2,1,357.0,31449.1,5,12,698990
597690,2034,1764,2,4,14.6,55863.4,6,0,0
1013479,3465,1101,2,4,2500.0,51429.2,1,0,0
727764,2488,637,2,4,14.6,16034.8,6,0,0
887374,3026,709,2,4,2640.0,57463.6,1,0,0
282948,971,1648,2,1,3860.0,32179.8,5,13,43347799
2257660,7449,1641,2,4,14.6,11538.7,6,0,0
814533,2773,2020,0,3,17174.0,56246.4,1,0,0
1125976,3846,2077,0,2,3024.0,16580.2,1,7,85856443
550482,1875,708,0,2,4641.0,18778.3,2,6,50038367
1085697,3709,1470,2,4,1100.0,40451.9,1,0,0
158563,531,2108,2,1,2144.0,32191.3,1,8,48101
1974238,6688,1846,2,4,1400.0,40248.3,1,0,0
1026407,3505,526,2,1,3823.0,58526.2,5,6,66976618
3625318,2867,1856,0,0,303.2,78043.0,7,0,0
623052,2124,1760,2,4,9300.0,54154.7,1,0,0
2720327,8998,1884,2,4,14.6,24323.3,6,0,0
182270,619,1744,2,1,6538.0,52835.4,0,1,96250706
3604292,2243,2037,0,0,144.2,33024.9,7,0,0
1547996,5267,1126,0,3,33728.0,59985.5,1,0,0
778647,2654,743,2,4,480.0,22969.9,1,0,0
3506629,9031,2098,0,0,50.6,17577.9,7,0,0
361984,1231,382,0,3,1000.0,1000.0,1,0,0
143535,481,1589,2,1,1825.0,31665.1,0,5,29175484
749724,2555,1118,2,4,2600.0,46360.4,1,0,0
82360,275,1368,2,4,14.6,19617.3,6,0,0
1280397,4379,1574,2,4,4500.0,21022.1,1,0,0
3530733,10,1550,0,0,195.7,42380.4,7,0,0
478358,1630,1008,2,1,3595.0,15181.8,5,12,99400460
344953,1168,1945,2,4,14.6,15304.0,6,0,0
641785,2190,2068,2,4,30.0,45308.0,6,0,0
1075988,3675,1638,2,4,5800.0,25391.8,1,0,0
502260,1712,1629,2,4,10950.0,19983.1,1,0,0
918917,3132,1580,2,4,14.6,18753.3,6,0,0
265952,908,1764,2,4,14.6,17757.9,6,0,0
212875,722,1976,2,4,100.0,20927.5,6,0,0
601510,2048,2012,2,4,2760.0,41063.6,1,0,0
144823,485,1497,2,1,1591.0,23706.1,0,12,56978738
300482,1023,1246,2,5,1200.0,31757.8,1,0,0
94126,320,1689,0,3,1100.0,23344.0,1,0,0
3039897,10079,1328,2,4,50100.0,78985.2,1,0,0
453808,1541,1825,2,4,14.6,23372.7,6,0,0
1067067,3646,2135,2,1,3182.0,82451.0,0,5,47689282
2779593,9199,1344,0,2,14727.0,43790.6,1,7,49895131
2288082,7546,1960,1,4,2678.0,32220.3,1,0,0
1988984,6738,1323,2,4,17900.0,33202.3,1,0,0
1054069,3606,1379,0,3,6784.0,34903.9,1,0,0
563199,1916,1861,0,3,3800.0,33082.7,1,0,0
784764,2674,1959,0,3,1300.0,30418.9,1,0,0
668704,2282,2059,2,5,3900.0,111493.9,1,0,0
3557972,843,2190,0,0,66.8,16626.8,7,0,0
1302661,4448,1022,2,4,24500.0,78958.0,1,0,0
961884,3277,515,2,4,14.6,54512.6,6,0,0
2373158,7824,1981,2,4,22500.0,23060.5,1,0,0
1126507,3848,1617,2,1,7241.0,27823.5,5,13,42658120
2699071,8931,1580,2,4,30.0,38460.7,6,0,0
14263,47,802,1,4,15955.0,48732.3,1,0,0
1136517,3883,1143,0,3,700.0,43172.0,1,0,0
3542561,362,272,0,0,155.1,36487.1,7,0,0
1897456,6425,2039,2,4,7000.0,19148.3,5,0,0
183804,624,1483,2,4,100.0,29563.0,1,0,0
26246,86,1715,2,1,1160.0,24890.2,1,7,48764252
75996,253,1281,2,4,4440.0,24221.6,1,0,0
609272,2074,1769,0,3,23271.0,39701.6,1,0,0
146048,489,710,2,5,2400.0,35109.7,1,0,0
1253805,4287,2129,2,4,14.6,19607.2,6,0,0
57383,191,2006,2,4,14.6,37301.5,6,0,0
3633831,3129,1491,0,0,101.2,22653.4,7,0,0
71881,239,1681,2,1,5995.0,33257.4,0,7,30218410
3589873,1806,1733,0,0,99.4,25322.8,7,0,0
470261,1602,261,0,3,600.0,600.0,1,0,0
3583526,1617,1185,0,0,71.4,17106.9,7,0,0
1023474,3493,847,2,4,270.0,16805.3,1,0,0
580865,1977,1925,0,3,8672.0,32551.0,1,0,0
3565416,1057,1215,0,0,66.0,16625.3,7,0,0
3543416,393,1491,0,0,194.5,36427.5,7,0,0
2726245,9017,1355,2,4,1600.0,19200.3,1,0,0
2439120,8041,1852,2,5,3000.0,39610.2,1,0,0
666955,2276,1411,2,4,3520.0,40147.0,1,0,0
3353719,11138,1749,0,3,29616.0,120053.2,1,0,0
42742,142,819,2,4,14.6,24540.8,6,0,0
3644064,3443,1794,0,0,74.8,18647.8,7,0,0
1090569,3728,1130,0,2,11213.0,32614.0,1,2,97748749
1245336,4260,1739,0,2,24453.0,40522.9,1,5,35805535
592329,2016,1713,2,1,741.0,23537.7,5,12,59047102
1920964,6510,1671,1,4,10453.0,13887.5,1,0,0
668600,2282,1429,2,4,30.0,46540.8,6,0,0
833669,2838,1703,2,4,30.0,116345.8,6,0,0
3601725,2162,1825,0,0,206.8,56933.9,7,0,0
3452663,5735,1945,0,0,341.9,51850.6,7,0,0
3441319,1186,1884,0,0,83.7,24925.0,7,0,0
712353,2435,2107,0,3,23849.0,63154.2,1,0,0
101965,347,1621,2,4,9400.0,29692.2,1,0,0
525493,1793,1198,0,3,12435.0,33063.3,1,0,0
607597,2068,434,2,1,1047.0,26574.5,3,8,17151004
791968,2700,922,2,1,6129.0,34153.4,0,13,95353859
1747416,5927,1431,1,4,14380.0,10334.3,1,0,0
751129,2562,2139,0,2,3353.0,20902.4,1,13,1911378
581292,1978,1621,2,1,5900.0,85140.4,0,11,57071173
1111461,3795,1352,2,4,8900.0,36214.9,1,0,0
505665,1726,1113,2,4,1920.0,22639.8,1,0,0
3468544,4103,1307,0,0,134.3,4716.9,7,0,0
3523850,10728,1094,0,0,131.3,32318.7,7,0,0
894819,3050,919,2,1,41.0,69769.2,3,2,93120836
338087,1147,994,2,4,3480.0,64481.3,1,0,0
3573951,1317,1703,0,0,117.9,28441.7,7,0,0
640214,2186,799,0,2,5492.0,29785.6,2,11,28264111
382004,1297,1460,2,4,14.6,46831.8,6,0,0
182980,622,1963,2,4,16800.0,24426.5,1,0,0
3643100,3412,2129,0,0,77.9,19563.2,7,0,0
2061187,6985,1764,2,4,14.6,55657.5,6,0,0
447871,1521,1801,2,1,3024.0,22298.9,5,4,37432712
2521923,8321,1075,2,1,1484.0,25122.6,8,1,48114669
915335,3120,1648,2,1,2904.0,20026.2,5,2,21733200
3444564,5357,972,0,0,113.8,31397.3,7,0,0
3541637,336,1703,0,0,81.2,14985.2,7,0,0
961633,3276,2142,2,1,1017.0,42523.5,3,12,88365083
808960,2757,1651,2,1,2077.0,13900.3,1,9,31494546
1309136,4470,1526,0,2,40569.0,72603.2,1,10,59639334
758793,2588,2008,2,4,3120.0,36542.8,1,0,0
477572,1627,2004,2,4,9200.0,35159.1,1,0,0
908872,3096,1287,2,1,65.0,51560.3,0,6,64655774
96875,331,1441,2,1,3528.0,24076.2,5,11,55443829
2371643,7819,1227,2,1,434.0,17852.5,8,11,847703
792637,2701,793,2,1,5761.0,16844.8,0,7,24402356
1225308,4195,1824,0,3,34097.0,103908.2,1,0,0
869297,2960,1369,2,4,4200.0,38571.0,1,0,0
310856,1059,1686,2,1,232.0,16182.6,5,2,2758771
3596036,1979,515,0,0,85.1,20783.0,7,0,0
79252,265,1401,2,4,2900.0,22344.1,1,0,0
2910408,9640,620,0,2,19106.0,38536.0,1,11,13876933
1164839,3990,1680,2,1,10312.0,35049.6,5,13,18163431
1857928,6289,2006,2,4,14.6,93036.2,6,0,0
620101,2117,2068,2,4,14.6,15819.2,6,0,0
3611424,2464,760,0,0,221.2,39890.9,7,0,0
482097,1641,1764,2,4,14.6,28672.7,6,0,0
247539,851,2045,2,1,3254.0,17307.8,5,4,75825410
577779,1967,1939,0,3,10004.0,38812.4,1,0,0
578664,1970,1929,0,3,22439.0,88440.2,1,0,0
40058,130,1804,2,1,3969.0,26982.5,5,5,2152455
1019973,3483,1253,0,2,3260.0,18826.0,1,5,84752761
753931,2572,1036,2,4,9000.0,42455.5,1,0,0
215361,731,1253,2,1,2706.0,12505.8,5,11,24144953
677562,2315,1409,0,2,4439.0,44271.9,2,4,19011515
3639040,3277,1246,0,0,118.9,31355.3,7,0,0
489570,1671,1442,2,1,2507.0,29676.3,5,1,10778803
3553584,700,2129,0,0,169.7,40682.2,7,0,0
1115210,3808,2068,2,4,14.6,50866.5,6,0,0
184427,626,732,2,4,1800.0,24848.4,1,0,0
351496,1194,1586,2,1,3171.0,31088.2,5,12,70871931
1052346,3599,1976,2,4,14.6,27298.1,6,0,0
841638,2865,1497,0,3,12068.0,34362.2,1,0,0
952977,3249,2018,2,1,5677.0,53168.9,8,4,63599234
857335,2922,1268,2,4,49900.0,67572.3,1,0,0
204972,697,253,0,3,22067.0,61829.9,1,0,0
13171,44,793,0,2,4200.0,19355.9,2,8,4120284
3464144,2922,1033,0,0,104.9,17895.2,7,0,0
3630513,3027,1976,0,0,61.7,15757.5,7,0,0
3673369,5891,941,0,0,185.3,44563.5,7,0,0
3457033,9707,1491,0,0,86.7,18833.9,7,0,0
1310450,4475,1915,2,4,14.6,32209.9,6,0,0
222087,754,1945,2,4,14.6,25456.7,6,0,0
2592555,8564,1574,2,4,24600.0,27942.8,1,0,0
3616599,2605,2159,0,0,128.5,34899.1,7,0,0
87773,294,1646,0,3,15290.0,65499.8,1,0,0
3248826,10788,1863,0,3,44903.0,67941.7,1,0,0
947409,3229,1741,2,1,6828.0,56334.2,5,13,97103529
1081663,3693,1138,0,3,13100.0,30331.5,1,0,0
982778,3354,1223,0,3,10352.0,28595.0,1,0,0
1148399,3927,1945,2,4,14.6,38687.7,6,0,0
328587,1120,531,2,4,3680.0,22801.5,1,0,0
3611189,2457,698,0,0,110.0,24109.0,7,0,0
1910810,6473,370,0,3,9189.0,72820.2,1,0,0
1026829,3506,1844,2,4,900.0,29537.4,1,0,0
3677042,6555,637,0,0,195.4,42743.3,7,0,0
398425,1356,2152,2,4,9600.0,9956.0,1,0,0
3628297,2955,1915,0,0,73.9,18501.0,7,0,0
556294,1893,1830,0,3,33429.0,108894.8,1,0,0
654145,2237,1990,2,1,4876.0,61535.5,5,5,35369825
1146576,3921,2120,2,4,33900.0,80857.7,1,0,0
819940,2791,2098,2,4,14.6,16959.3,6,0,0
459680,1564,2043,2,4,1650.0,35773.6,1,0,0
981850,3351,1825,2,4,14.6,36404.1,6,0,0
3604124,2241,119,0,0,107.2,27735.8,7,0,0
309252,1053,1679,2,4,5700.0,19965.1,1,0,0
771806,2633,1648,2,4,20400.0,65701.6,1,0,0
3611247,2459,1976,0,0,115.1,29022.3,7,0,0
901132,3070,1753,2,4,4100.0,33872.4,1,0,0
1183187,4055,315,0,3,20281.0,64980.7,1,0,0
1255630,4293,1189,0,3,6500.0,17200.0,1,0,0
791829,2700,1069,0,2,45612.0,65159.1,1,12,59107029
673664,2302,2170,0,3,18806.0,41642.2,1,0,0
1131053,3864,1457,2,4,5500.0,24701.6,1,0,0
15947,53,1976,2,4,14.6,17473.9,6,0,0
226751,772,741,2,1,4225.0,44861.7,5,5,69179099
671123,2292,1313,2,1,1626.0,19648.5,5,2,71342873
3578822,1472,1185,0,0,128.8,29151.0,7,0,0
1272513,4352,1164,2,1,3710.0,44703.4,5,3,6195903
799158,2724,2036,2,4,2700.0,53282.2,1,0,0
733226,2505,2037,2,4,14.6,21394.7,6,0,0
1092847,3736,1550,2,4,14.6,34963.8,6,0,0
2625929,8680,1137,0,3,800.0,800.0,1,0,0
894749,3050,980,2,1,119.0,87791.8,0,1,62503671
698910,2390,1368,2,4,14.6,33963.0,6,0,0
3539351,267,2159,0,0,62.5,15811.8,7,0,0
1096559,3747,760,2,4,14.6,15746.0,6,0,0
350049,1189,1863,2,1,1944.0,26645.5,1,4,69967859
1093326,3738,1314,2,1,5750.0,35215.3,5,3,91961931
333195,1133,1338,2,4,14.6,13348.4,6,0,0
3386996,11244,1630,2,4,12600.0,49814.3,1,0,0
111729,377,1675,2,4,39600.0,60408.7,1,0,0
3656679,3820,454,0,0,139.6,35787.9,7,0,0
3511052,9422,1672,0,0,204.8,47676.0,7,0,0
228851,776,1863,2,4,4700.0,51898.3,1,0,0
3441493,1236,484,0,0,108.6,26288.0,7,0,0
3647632,3559,1733,0,0,229.6,52435.3,7,0,0
566061,1926,1505,0,3,500.0,16170.9,1,0,0
1199572,4105,1470,2,4,350.0,18868.4,1,0,0
170751,572,1320,2,4,12500.0,42514.4,1,0,0
957576,3261,907,2,4,4200.0,26775.3,1,0,0
3641694,3364,760,0,0,89.1,61164.1,7,0,0
3641650,3362,2037,0,0,141.9,33911.5,7,0,0
237527,812,1477,2,4,3120.0,58514.3,1,0,0
4793,19,1672,2,4,14.6,6097.3,6,0,0
192379,652,424,2,4,4900.0,31269.5,1,0,0
387511,1317,1470,0,2,6732.0,30780.7,2,7,53008729
3549014,555,1519,0,0,122.4,15287.4,7,0,0
31879,102,2129,2,4,14.6,36064.2,6,0,0
1099200,3755,1410,0,3,26672.0,49783.5,1,0,0
3526217,10954,1368,0,0,96.1,32223.7,7,0,0
3646620,3531,1519,0,0,89.7,21373.2,7,0,0
1076612,3678,1314,2,4,7200.0,11065.4,5,0,0
729452,2494,1709,0,2,40157.0,64515.8,1,13,64012652
741467,2531,1952,2,1,1614.0,28603.2,5,6,74343323
124729,419,1767,2,4,1800.0,29385.9,1,0,0
3479204,9188,515,0,0,107.9,24513.2,7,0,0
992302,3385,2141,2,4,1300.0,50092.5,1,0,0
615585,2099,1251,0,3,33553.0,96260.1,1,0,0
3574823,1349,1399,0,0,108.8,26993.6,7,0,0
1245001,4259,2165,2,1,2255.0,58301.1,0,1,40486842
1679165,5692,1802,2,4,3300.0,24777.2,1,0,0
848689,2890,2068,2,4,14.6,18170.8,6,0,0
224763,765,2083,0,3,600.0,57310.8,1,0,0
1306738,4462,2014,2,4,3000.0,26666.2,1,0,0
248373,854,859,2,1,382.0,32038.3,5,1,21777671
952495,3247,1776,2,1,3032.0,36305.9,0,5,72730910
559206,1902,917,2,4,9400.0,37670.8,1,0,0
1270804,4346,1274,0,3,16413.0,71357.7,1,0,0
990055,3374,607,2,4,14.6,70376.4,6,0,0
3576942,1414,1399,0,0,89.2,21384.5,7,0,0
967400,3296,1876,2,4,7500.0,55145.1,1,0,0
393648,1338,1833,2,1,4545.0,68937.1,5,2,87075221
1733171,5878,1924,0,3,10807.0,66426.1,1,0,0
3643403,3424,1672,0,0,157.6,47515.6,7,0,0
558339,1899,2045,2,1,3081.0,15546.6,5,2,12900150
3564264,1019,364,0,0,149.7,30979.9,7,0,0
3574415,1333,1399,0,0,85.4,16647.1,7,0,0
128788,432,1829,2,4,2800.0,24980.1,1,0,0
3586755,1708,788,0,0,130.7,32748.1,7,0,0
106573,362,1844,2,4,2040.0,26907.3,1,0,0
1140167,3897,1837,2,5,3400.0,55980.2,1,0,0
689066,2353,1808,2,1,1968.0,74594.2,0,13,26668000
534759,1821,1306,2,4,7200.0,25020.3,1,0,0
933937,3186,2080,0,3,20833.0,42793.6,1,0,0
3581331,1548,1641,0,0,53.7,13125.5,7,0,0
264893,904,1976,2,4,14.6,65910.0,6,0,0
57483,192,1497,0,2,5859.0,22277.2,2,4,15384018
1318938,4503,1253,0,3,41155.0,67702.4,1,0,0
365132,1241,1505,2,1,2201.0,19521.3,0,5,21271294
395250,1344,1644,0,3,39741.0,111736.0,1,0,0
1109046,3787,985,2,1,4407.0,37703.1,5,3,96782379
1907413,6461,1361,0,3,22385.0,65404.3,1,0,0
205230,697,1580,2,4,14.6,74284.8,6,0,0
129872,436,1346,0,3,7876.0,25879.0,1,0,0
1128208,3854,1773,2,4,4300.0,19953.8,1,0,0
1090612,3728,1028,1,4,8680.0,20095.5,1,0,0
393783,1338,1562,2,1,157.0,88151.6,3,5,85222345
1015182,3470,1712,0,2,5427.0,31967.4,2,5,50884389
728193,2489,667,2,4,1200.0,28111.4,1,0,0
3657263,3837,1611,0,0,183.5,41449.5,7,0,0
574082,1954,1409,0,2,3211.0,18195.6,1,2,70241713
3554647,737,941,0,0,70.1,17534.7,7,0,0
100592,344,920,2,1,4739.0,34488.2,5,12,47483712
80175,268,1814,2,4,23300.0,38879.4,1,0,0
3642402,3385,2159,0,0,190.8,45129.3,7,0,0
129756,435,972,2,4,14.6,23816.8,6,0,0
662441,2261,1655,0,3,20678.0,41729.3,1,0,0
531139,1810,2173,2,1,5925.0,42494.6,5,10,40205115
1548072,5267,1338,1,4,16065.0,73160.7,1,0,0
357301,1211,1526,0,3,1800.0,30702.2,1,0,0
3490865,7636,1915,0,0,126.5,29781.6,7,0,0
3498986,8321,1764,0,0,125.4,55419.8,7,0,0
624645,2132,2018,0,3,21526.0,63542.2,1,0,0
980367,3345,922,2,4,1900.0,9268.5,5,0,0
981932,3352,587,0,3,4408.0,24985.5,1,0,0
808254,2754,1957,2,1,6985.3,49505.5,8,12,6736475
1982510,6715,910,2,4,30.0,28864.4,6,0,0
586187,1995,1895,2,1,2944.0,16999.2,5,9,94729518
3580749,1530,1033,0,0,60.4,25010.4,7,0,0
306827,1046,1313,0,3,3300.0,21843.6,1,0,0
1092428,3735,2140,2,1,6302.0,23876.3,5,5,95204364
1081550,3693,2045,2,4,1920.0,98624.1,1,0,0
644134,2199,1480,2,4,720.0,20493.6,1,0,0
229521,781,1227,0,2,3081.0,19361.1,1,12,56776386
3682662,9017,2068,0,0,19.9,6624.9,7,0,0
533147,1815,1696,2,4,7000.0,23659.4,1,0,0
3654230,3749,2006,0,0,286.3,70416.6,7,0,0
663808,2267,1410,2,1,3143.0,56294.8,5,6,57657045
757388,2583,520,0,3,200.0,26800.0,1,0,0
1339516,4576,2029,2,4,6400.0,46225.6,1,0,0
8446,30,1794,2,4,14.6,100055.9,6,0,0
997928,3407,1094,2,4,14.6,27384.6,6,0,0
1157794,3963,2060,2,4,5800.0,37432.4,1,0,0
2912600,9645,1472,2,1,4893.0,52604.1,8,3,71165287
108768,368,1958,2,1,269.0,26406.7,3,11,35746020
22960,75,1467,2,4,3240.0,26709.9,1,0,0
3027054,10036,1460,2,4,14.6,35415.1,6,0,0
3673377,5891,1185,0,0,319.3,78135.4,7,0,0
1134730,3878,2104,0,2,2902.0,28208.4,1,8,4666555
1008373,3443,1800,2,4,600.0,18033.2,1,0,0
3423228,11359,1641,2,4,14.6,29800.4,6,0,0
668465,2282,1786,1,4,16091.0,95379.2,1,0,0
3638868,3270,2129,0,0,189.7,45093.9,7,0,0
602104,2050,1089,2,4,1900.0,29938.4,1,0,0
3438746,643,2006,0,0,136.6,30212.1,7,0,0
3551212,628,1825,0,0,181.8,43831.4,7,0,0
685222,2339,1600,2,4,2500.0,15599.1,1,0,0
672863,2298,1407,2,1,4550.0,43150.7,5,11,63721817
3645942,3505,1033,0,0,154.6,36788.4,7,0,0
1470553,5011,1666,0,3,5042.0,26530.2,1,0,0
722990,2475,1869,2,1,166.0,28497.8,5,8,27521276
959421,3268,830,2,1,251.0,15800.2,1,4,1312548
356660,1208,1777,0,3,16840.0,17840.0,1,0,0
887021,3024,1717,2,4,1100.0,23756.8,1,0,0
884488,3014,1984,0,3,34200.0,77464.0,1,0,0
294123,1005,590,2,1,7896.0,55733.8,5,7,13424891
3451369,5129,576,0,0,43.9,5459.7,7,0,0
119921,402,1741,0,3,19995.0,20795.0,1,0,0
841103,2863,1771,0,3,9252.0,53371.1,1,0,0
3548739,545,819,0,0,142.4,33094.7,7,0,0
3499510,8377,668,0,0,77.6,38649.3,7,0,0
451040,1534,435,2,1,7451.0,12921.6,5,3,3089267
2489386,8212,1662,0,3,5068.0,98046.8,1,0,0
1038539,3552,1011,0,3,11473.0,32582.0,1,0,0
358474,1217,1073,2,4,180.0,18290.2,1,0,0
3595440,1965,180,0,0,151.4,41516.2,7,0,0
1576130,5358,1269,2,4,800.0,33391.8,1,0,0
741922,2533,1215,2,4,14.6,19399.6,6,0,0
190043,645,1949,0,3,10082.0,39815.9,1,0,0
507636,1733,1895,2,4,16100.0,37398.3,1,0,0
777451,2650,1519,2,4,14.6,41757.3,6,0,0
691700,2363,1491,2,4,14.6,27426.4,6,0,0
2501919,8260,1284,0,2,37435.0,103135.6,1,7,92527162
187819,635,2081,2,1,1547.0,65948.7,0,11,56503492
801145,2732,1570,2,4,9900.0,29621.9,1,0,0
895365,3051,1559,2,1,623.0,57275.9,3,12,73282408
3588007,1756,1276,0,0,194.7,38364.5,7,0,0
167106,559,1586,2,1,2175.0,14561.5,5,2,77164244
3579055,1478,1794,0,0,330.9,71239.2,7,0,0
923742,3147,1664,0,3,1400.0,36454.7,1,0,0
905007,3084,1152,2,4,5400.0,31166.0,1,0,0
482963,1644,371,2,1,1022.0,50841.3,0,5,76071583
661968,2259,1094,2,4,14.6,12510.0,6,0,0
629831,2150,737,2,4,780.0,17101.5,1,0,0
516292,1765,1747,2,4,5300.0,16126.9,1,0,0
22080,72,1338,2,4,30.0,20317.9,6,0,0
1086027,3710,2129,2,4,14.6,16345.0,6,0,0
135997,456,1605,1,4,22871.0,58674.3,1,0,0
829353,2824,1834,2,1,7289.0,73789.5,5,3,94259202
2895578,9591,1380,2,1,4362.7,51712.0,8,12,37543189
467011,1590,1315,0,3,11520.0,36617.6,1,0,0
784965,2675,2083,0,3,49280.0,69279.4,1,0,0
940362,3210,737,2,1,7388.0,41022.6,5,12,29783749
2121647,7184,1987,2,1,1879.0,22655.2,0,1,5196965
681943,2327,1185,2,4,14.6,15995.2,6,0,0
2929753,9703,195,0,3,800.0,800.0,1,0,0
498758,1699,1976,2,4,14.6,21919.6,6,0,0
1165993,3995,1028,2,4,5800.0,21726.3,1,0,0
315208,1076,893,2,1,2640.0,30042.6,5,6,42470806
401158,1366,1408,2,1,1.0,22537.5,3,11,48775595
3626285,2895,1002,0,0,145.2,31849.9,7,0,0
949953,3238,1982,2,4,34560.0,24650.6,1,0,0
928046,3164,740,0,2,6154.0,25967.1,2,12,80071824
279073,955,1704,2,4,6800.0,26843.9,1,0,0
957697,3262,1800,0,3,36748.0,85033.1,1,0,0
933535,3184,1954,2,1,3410.0,16652.2,5,8,29959482
3561126,928,1094,0,0,137.6,31156.4,7,0,0
1003331,3424,2077,2,1,1463.0,76222.9,3,7,83404469
12216,40,1841,2,4,1800.0,15650.2,1,0,0
144429,484,1611,2,4,14.6,27125.8,6,0,0
3452206,5472,2159,0,0,16.6,4600.8,7,0,0
292526,1000,1550,2,4,14.6,71026.1,6,0,0
3450710,4589,1094,0,0,111.6,25198.4,7,0,0
2798054,9265,1045,2,1,4017.0,98849.0,0,3,84062218
872324,2971,1376,0,3,100.0,15169.1,1,0,0
2525091,8330,1125,2,4,14.6,30729.1,6,0,0
235592,804,1955,2,1,682.0,57518.2,0,1,77494382
320840,1097,2136,2,1,7636.0,72347.0,5,8,95009862
333998,1135,1527,2,4,1300.0,23461.2,1,0,0
3445135,144,1641,0,0,247.7,23352.4,7,0,0
885791,3018,1649,0,3,46739.0,121995.2,1,0,0
283400,973,1717,2,1,2909.0,32800.8,5,6,42422169
260542,892,1404,2,1,2509.0,14161.3,0,2,25392246
619875,2116,1794,2,4,14.6,55213.4,6,0,0
536741,1827,1703,2,4,14.6,22094.9,6,0,0
1198642,4103,1002,2,4,14.6,80153.3,6,0,0
520562,1777,1978,2,4,20000.0,42459.0,1,0,0
331670,1129,1002,2,4,14.6,38657.8,6,0,0
820602,2794,1580,2,4,14.6,34256.0,6,0,0
3583152,1605,364,0,0,89.0,41478.0,7,0,0
673898,2302,1094,2,4,14.6,41120.6,6,0,0
932623,3181,732,2,4,850.0,23072.8,1,0,0
477652,1628,407,0,2,4276.0,15844.5,2,11,15916598
3249429,10789,1837,2,1,10340.0,43377.1,5,4,34503346
9175,32,2049,2,4,13300.0,55643.4,1,0,0
460879,1566,547,2,4,10000.0,32077.2,1,0,0
935076,3191,2008,2,4,2900.0,21696.5,1,0,0
337812,1146,1976,2,4,14.6,88115.8,6,0,0
655638,2241,2012,2,4,2520.0,51619.0,1,0,0
192193,652,740,2,1,7591.0,34352.5,5,13,56959491
916474,3124,1116,2,4,2200.0,18008.7,1,0,0
477276,1626,2148,2,4,51800.0,23857.0,1,0,0
595160,2026,1654,0,3,13696.0,45423.7,1,0,0
875339,2982,1685,2,1,226.0,61197.0,3,8,37620991
25959,85,2172,2,4,3840.0,51795.5,1,0,0
1548603,5269,1776,2,1,1957.0,34411.5,8,8,61308646
138131,462,668,2,4,14.6,47972.6,6,0,0
222293,755,1850,2,4,27300.0,48267.2,1,0,0
20935,69,1748,2,4,1000.0,27426.5,1,0,0
733723,2508,855,0,2,4271.0,19675.5,2,2,12963879
1754448,5952,2106,2,1,1374.0,46039.2,0,7,40625691
3149139,10451,1648,0,3,14037.0,22471.5,1,0,0
103883,354,1033,2,4,14.6,31609.4,6,0,0
269582,924,2139,0,2,3319.0,21019.2,1,1,56730765
276254,945,1383,2,4,1500.0,30825.3,1,0,0
2068919,7011,1098,2,4,8400.0,30834.0,1,0,0
400963,1366,2042,0,3,7626.0,33420.6,1,0,0
454278,1544,341,0,3,28425.0,69330.4,1,0,0
497296,1695,2105,0,3,17645.0,125328.8,1,0,0
140729,471,1653,0,3,9975.0,45432.6,1,0,0
477511,1627,1945,2,4,14.6,34121.1,6,0,0
803003,2737,1625,2,1,4456.0,68600.0,5,12,2289492
48672,163,954,0,2,6698.0,27086.7,2,13,76209622
787762,2684,1856,2,4,14.6,19732.2,6,0,0
3293216,10942,1128,2,4,63000.0,63827.0,1,0,0
1962858,6649,1643,0,3,36944.0,143763.5,1,0,0
3609344,2400,1519,0,0,60.0,15519.1,7,0,0
3641290,3352,2190,0,0,72.5,17643.1,7,0,0
3583536,1617,1491,0,0,73.8,15304.1,7,0,0
3248889,10788,1493,2,4,4600.0,18930.0,1,0,0
2885514,9549,2110,0,3,6886.0,10216.5,1,0,0
322338,1100,2107,2,1,1103.0,12472.1,3,13,22059500
3656895,3826,1976,0,0,199.9,44094.3,7,0,0
238287,814,1914,2,4,1900.0,14574.4,1,0,0
237489,812,1499,2,1,9128.0,28935.1,5,10,41519075
1548595,5269,1531,2,1,1957.0,38195.1,8,8,61308646
590651,2010,1099,2,4,2080.0,17578.3,1,0,0
1131140,3865,1590,0,3,19408.0,68176.2,1,0,0
750370,2558,1680,0,2,2974.0,3274.0,1,12,38920897
759170,2589,1945,2,4,14.6,14496.6,6,0,0
2567403,8475,1282,2,4,1000.0,31471.9,1,0,0
1082782,3697,1078,2,4,7200.0,21681.5,1,0,0
2268022,7485,1497,2,1,10279.0,16060.4,5,11,56684088
1048445,3586,1615,2,4,17000.0,34710.6,1,0,0
3555857,772,607,0,0,191.4,45945.9,7,0,0
250990,861,730,2,4,2900.0,46200.4,1,0,0
476602,1625,1350,0,3,12194.0,29519.1,1,0,0
2721746,9006,939,0,3,37285.0,86359.7,1,0,0
696378,2380,1608,2,4,2100.0,29744.6,1,0,0
1176347,4033,1808,2,4,7900.0,33390.1,1,0,0
466466,1588,1077,2,1,2443.0,26125.1,5,6,66344201
1299627,4437,990,0,3,1400.0,21904.9,1,0,0
340827,1157,1029,2,4,600.0,25911.0,1,0,0
85960,288,2045,2,1,3257.0,25813.2,5,12,29425543
1146566,3921,1822,2,4,9100.0,43986.8,1,0,0
3503638,8776,1460,0,0,185.7,50567.6,7,0,0
1127733,3852,2012,2,1,3144.0,17041.9,0,2,24416232
546911,1861,602,2,4,13400.0,38832.4,1,0,0
3652109,3686,2190,0,0,74.7,18079.3,7,0,0
492225,1678,1222,2,4,14100.0,48890.6,1,0,0
1681835,5700,1215,2,4,14.6,34516.9,6,0,0
1486740,5066,1951,2,1,1018.0,20711.1,0,3,39506387
3588407,1767,941,0,0,192.4,41618.7,7,0,0
112425,379,1478,2,4,870.0,12196.8,1,0,0
3282311,10906,1654,0,3,13373.0,130142.4,1,0,0
2355792,7769,1655,2,4,23400.0,54915.7,1,0,0
710745,2430,766,2,4,9800.0,32844.9,1,0,0
682753,2330,1891,2,1,601.0,22999.1,0,3,63786613
455706,1547,1185,2,4,14.6,60517.3,6,0,0
1300667,4442,1344,0,3,12885.0,13185.0,1,0,0
289159,991,1439,2,1,6748.0,94260.6,5,7,2995044
608980,2072,1884,2,4,14.6,95661.7,6,0,0
843310,2870,1778,2,1,5851.0,47623.9,5,12,9366387
759569,2591,1393,2,4,2640.0,26138.1,1,0,0
577898,1967,2062,1,4,7627.0,39392.0,1,0,0
694838,2376,1713,2,4,17500.0,34706.9,1,0,0
104846,358,1136,2,1,532.0,12165.6,5,11,86354624
714504,2443,2056,2,4,16000.0,22566.2,1,0,0
919927,3135,1832,0,3,20087.0,71528.7,1,0,0
167083,559,886,2,1,2175.0,24325.4,5,2,77164244
1470517,5011,1183,0,3,14814.0,76337.3,1,0,0
3643663,3432,1519,0,0,58.6,15653.2,7,0,0
3508734,9188,788,0,0,71.2,24486.1,7,0,0
1747264,5927,588,2,1,1817.3,30915.5,8,8,95520770
133705,447,2041,2,4,12100.0,47768.2,1,0,0
822516,2802,466,0,2,3619.0,26019.6,1,3,50530976
988892,3371,420,1,4,8694.0,51151.4,1,0,0
498707,1699,423,2,4,14.6,14642.5,6,0,0
1108116,3785,801,2,1,6502.0,55562.3,5,11,21385729
680163,2322,1558,0,3,48422.0,92347.5,1,0,0
700825,2398,1852,2,4,1350.0,23910.3,1,0,0
480396,1637,1133,2,1,2569.0,15510.7,0,4,10736680
553951,1886,1838,0,2,27076.0,41169.5,1,4,89568221
718510,2461,1871,0,3,1300.0,22881.1,1,0,0
1004971,3429,1400,2,4,1500.0,36929.6,1,0,0
539923,1835,1262,2,4,11500.0,48879.8,1,0,0
1577104,5362,1474,2,4,6000.0,68902.9,1,0,0
1094264,3741,1491,2,4,14.6,25620.5,6,0,0
900959,3069,2118,2,4,15200.0,77403.9,1,0,0
444061,1510,1437,2,4,3680.0,36226.9,1,0,0
1013652,3465,1936,0,3,1400.0,67493.0,1,0,0
790564,2695,1915,2,4,14.6,69412.8,6,0,0
3669235,5164,1794,0,0,117.5,28561.1,7,0,0
888572,3030,688,2,4,1200.0,13172.0,1,0,0
3519508,10233,1519,0,0,137.7,25183.3,7,0,0
494277,1685,1316,2,5,200.0,17196.0,1,0,0
899175,3064,1703,2,4,14.6,57669.9,6,0,0
3614054,2528,819,0,0,65.4,15535.9,7,0,0
647781,2214,1241,2,4,12000.0,40881.8,1,0,0
202781,688,742,2,4,750.0,25106.7,1,0,0
1635557,5546,1435,2,4,4500.0,43250.0,1,0,0
937826,3200,2081,0,3,9860.0,52362.0,1,0,0
3249031,10788,1635,2,4,14700.0,94208.6,1,0,0
1137527,3887,1376,0,2,3020.0,32295.1,1,8,98878043
470011,1601,1436,2,1,2694.0,23391.0,5,1,43843287
1474301,5024,1021,2,4,2600.0,21321.3,1,0,0
3645226,3484,819,0,0,194.4,39775.4,7,0,0
832334,2834,1249,2,4,1400.0,39617.9,1,0,0
3581682,1560,1915,0,0,130.6,32189.4,7,0,0
2908329,9633,1222,2,4,38900.0,55352.0,1,0,0
677952,2316,1838,2,4,150.0,22675.6,1,0,0
26177,86,1804,2,1,1002.0,24911.8,1,12,36292475
3579504,1491,1703,0,0,154.2,40246.3,7,0,0
3567415,1120,515,0,0,110.6,26071.1,7,0,0
139504,467,430,2,1,2895.0,29721.4,0,1,73301529
280337,960,1807,2,1,5940.0,75249.4,5,2,19250178
3550466,607,1519,0,0,66.6,16578.8,7,0,0
191535,650,1550,2,4,14.6,23172.4,6,0,0
3657470,3844,1125,0,0,76.4,16124.2,7,0,0
1246626,4264,1002,2,4,14.6,48838.0,6,0,0
3550999,625,1185,0,0,153.0,24306.1,7,0,0
378428,1287,1831,2,1,525.0,49387.9,3,2,8041507
978002,3335,1285,0,2,3255.0,17275.0,1,11,27600163
1042108,3564,1884,2,4,14.6,34636.4,6,0,0
2810516,9307,1364,2,4,61100.0,72598.0,1,0,0
900885,3069,1976,2,4,14.6,76246.5,6,0,0
3671598,5574,1185,0,0,239.5,44559.7,7,0,0
30524,99,2139,2,1,4682.0,2303.7,0,3,26847303
681768,2327,1805,2,1,13208.0,29985.7,5,12,58510798
745332,2543,343,2,4,2400.0,28723.2,1,0,0
945311,3223,837,1,4,5940.0,112293.7,1,0,0
2979192,9869,947,2,1,2498.0,59350.4,0,7,41454464
601920,2050,1406,2,1,5542.0,39011.1,0,12,28735864
3627107,2923,1672,0,0,80.7,19975.4,7,0,0
2521785,8321,1260,0,3,15843.0,28645.2,1,0,0
343332,1164,1002,2,4,1750.0,47546.9,1,0,0
840431,2861,1125,2,4,14.6,21428.2,6,0,0
126972,426,1839,2,4,4200.0,34699.3,1,0,0
3581838,1566,303,0,0,211.3,53067.2,7,0,0
386442,1313,1944,2,4,39300.0,56042.0,1,0,0
758890,2588,1057,2,4,9600.0,36700.1,1,0,0
77237,257,1582,0,3,14942.0,78216.4,1,0,0
327581,1118,1471,2,4,2640.0,21823.1,1,0,0
3475464,8489,333,0,0,102.9,31140.4,7,0,0
427658,1453,287,0,3,48283.0,78260.0,1,0,0
77446,257,1856,2,4,14.6,40149.9,6,0,0
1083715,3701,1272,2,4,12100.0,24477.1,1,0,0
3489483,7523,1733,0,0,136.2,35678.5,7,0,0
145385,486,1653,2,5,600.0,25046.2,1,0,0
3555779,767,2006,0,0,128.6,29886.4,7,0,0
198881,675,1620,2,1,6358.0,30109.6,5,7,74623369
489961,1672,1839,2,1,3898.0,49661.2,5,10,9213483
393189,1337,1136,2,1,3264.0,24308.4,5,12,46227514
3604547,2250,760,0,0,188.3,33238.6,7,0,0
375983,1280,2011,2,1,2491.0,39419.3,5,3,39353507
1092363,3735,1575,0,3,15978.0,69460.9,1,0,0
310994,1059,1276,2,4,14.6,14336.8,6,0,0
635866,2170,893,0,3,2700.0,24346.9,1,0,0
1907850,6463,1046,0,3,12722.0,52538.6,1,0,0
276845,947,1641,2,4,14.6,38001.0,6,0,0
2810054,9307,772,2,1,3491.5,46095.8,8,3,53406888
729210,2493,423,2,4,14.6,25371.5,6,0,0
2546484,8405,1466,2,1,410.0,40069.2,5,13,84832042
2127384,7203,907,2,4,21900.0,46061.8,1,0,0
205013,697,1502,0,3,22067.0,76407.5,1,0,0
529994,1806,2014,2,4,1360.0,24143.9,1,0,0
462398,1571,1856,2,4,14.6,13925.6,6,0,0
418237,1418,1856,2,4,14.6,29865.6,6,0,0
3558579,861,1185,0,0,117.1,25813.1,7,0,0
666433,2274,1215,2,4,14.6,30447.6,6,0,0
637295,2176,946,2,1,1085.0,47610.2,5,6,62845337
539014,1832,1396,2,4,11300.0,38605.5,1,0,0
933258,3183,1548,2,4,3200.0,22271.0,1,0,0
1123001,3835,1460,2,4,14.6,37447.2,6,0,0
272401,931,707,2,4,3800.0,28893.1,1,0,0
158761,532,1951,0,3,45791.0,110604.6,1,0,0
3449110,3374,454,0,0,116.6,23930.0,7,0,0
3559955,896,1580,0,0,82.4,19320.6,7,0,0
1395344,4753,1825,2,4,14.6,35155.8,6,0,0
3659122,3898,910,0,0,108.7,23556.1,7,0,0
1124142,3839,2016,0,2,30721.0,87532.9,1,13,19394898
1049590,3590,1668,2,4,12400.0,26012.2,1,0,0
389625,1325,1714,2,1,362.0,18550.4,1,9,62716066
1160476,3973,2168,2,1,6941.0,19438.4,5,5,58564495
772837,2638,1063,2,4,14.6,42061.8,6,0,0
3554599,734,2068,0,0,62.8,15673.2,7,0,0
3535736,161,1063,0,0,67.3,16762.9,7,0,0
323118,1104,1400,2,4,4000.0,38277.2,1,0,0
70722,235,1915,2,4,14.6,14813.7,6,0,0
2371452,7819,1985,2,1,733.0,18636.2,0,7,77821957
555934,1892,1589,0,2,4622.0,20107.0,2,6,3605026
1174342,4026,2037,0,3,1600.0,37138.1,1,0,0
538767,1832,1411,2,1,3275.0,22249.9,5,9,46307826
170402,572,1925,2,1,5372.0,32183.4,5,12,64459979
271615,930,2051,2,1,9356.0,52131.9,5,5,14144766
724135,2479,1866,0,3,5987.0,20450.0,1,0,0
514778,1761,2016,2,1,294.0,48147.7,3,10,75990485
708289,2425,1439,2,4,4200.0,31702.5,1,0,0
3554888,743,1703,0,0,98.1,23770.2,7,0,0
74330,245,698,2,4,14.6,53342.2,6,0,0
2798314,9265,1714,2,4,15600.0,121216.2,1,0,0
3431175,11382,1827,2,4,3900.0,56415.2,1,0,0
450564,1532,1739,2,1,7903.0,36131.9,5,1,67652118
773309,2639,625,2,4,14700.0,36140.3,1,0,0
499456,1701,1209,2,4,4200.0,75404.0,1,0,0
304748,1039,1683,0,3,24989.0,117603.5,1,0,0
144446,484,2129,2,4,14.6,19100.7,6,0,0
677419,2314,1838,2,4,1100.0,27312.9,1,0,0
3293071,10942,2188,2,4,7200.0,41319.1,1,0,0
1051251,3595,794,2,1,7868.0,17025.0,5,2,30129873
225232,767,1683,2,1,504.0,45848.1,0,9,39504963
2102703,7123,246,2,4,3500.0,77055.5,1,0,0
580685,1976,1892,0,3,14489.0,38937.2,1,0,0
3591031,1832,1733,0,0,129.4,34667.5,7,0,0
405123,1378,902,2,4,22500.0,62476.2,1,0,0
313931,1071,698,2,4,30.0,90739.3,6,0,0
3508771,9188,1915,0,0,102.5,31575.8,7,0,0
2459845,8114,1355,2,4,1800.0,37604.3,1,0,0
314553,1073,2132,0,3,2400.0,91957.2,1,0,0
717571,2458,254,0,2,25920.0,69044.1,1,12,55121827
724130,2479,1713,0,3,5987.0,18867.1,1,0,0
90536,306,2043,2,1,3657.0,23874.0,5,5,70354622
3536898,195,1884,0,0,153.4,37032.7,7,0,0
159234,533,1636,2,4,15100.0,12878.3,1,0,0
1085368,3708,2116,0,3,1900.0,35638.0,1,0,0
632571,2160,1589,2,4,6200.0,24515.5,1,0,0
1115896,3811,2164,0,2,3773.0,46532.2,1,3,74846231
392449,1334,760,2,4,14.6,19292.2,6,0,0
3658299,3870,2006,0,0,83.1,19496.2,7,0,0
235548,804,1710,2,1,2342.0,37473.5,5,6,68166583
770374,2628,1841,2,4,25900.0,37589.4,1,0,0
215007,730,2161,2,5,3900.0,71956.9,1,0,0
303448,1032,1105,2,4,24100.0,64427.8,1,0,0
3531519,34,1338,0,0,219.0,58580.4,7,0,0
3652652,3701,1611,0,0,156.3,39276.1,7,0,0
880703,3000,1184,2,4,4100.0,34279.1,1,0,0
867225,2952,2045,0,2,4833.0,19317.7,2,11,28293824
3569191,1168,1063,0,0,110.1,22663.4,7,0,0
454176,1543,1276,2,4,14.6,12699.0,6,0,0
123354,415,737,0,3,13110.0,47731.6,1,0,0
3494386,7965,1154,0,0,267.1,53992.9,7,0,0
896995,3056,1380,0,2,4352.0,26001.4,2,7,85470682
3232345,10728,2165,2,1,3867.0,33639.5,5,11,56014490
11996,40,1434,0,3,9753.0,22694.6,1,0,0
1269815,4342,1406,2,4,5300.0,29117.8,1,0,0
3451478,5213,1094,0,0,261.3,52171.2,7,0,0
459964,1565,1046,2,1,2095.0,38283.7,0,1,37661731
3145292,10439,1007,2,1,10134.0,39124.3,5,12,55833750
161875,541,343,2,4,22800.0,45096.5,1,0,0
231992,789,1945,2,4,14.6,16721.5,6,0,0
1094281,3741,2006,2,4,14.6,20607.0,6,0,0
572789,1949,799,2,1,6888.0,28380.2,5,4,62772446
2242724,7401,407,0,2,20236.0,33921.0,1,10,66487163
1263590,4321,1110,2,4,6300.0,60782.3,1,0,0
530015,1806,484,2,4,14.6,21203.9,6,0,0
956314,3259,1585,2,1,1350.0,44975.8,0,13,45163714
1134048,3875,1945,2,4,14.6,58388.6,6,0,0
3543191,385,1856,0,0,107.9,23599.0,7,0,0
345904,1171,1904,2,4,7300.0,37048.9,1,0,0
3609664,2410,1611,0,0,229.6,56694.3,7,0,0
42318,141,2046,2,1,1791.0,37098.9,0,12,71174192
813856,2771,1922,0,3,19562.0,37024.0,1,0,0
3540161,288,1641,0,0,95.5,23517.1,7,0,0
780062,2660,1953,2,4,13200.0,49747.5,5,0,0
702713,2407,1927,2,4,1700.0,21752.1,1,0,0
45807,153,1013,2,1,4544.0,21462.0,5,11,6886673
432597,1470,1681,0,3,12431.0,43916.5,1,0,0
878041,2991,1465,0,3,22360.0,36800.6,1,0,0
834681,2840,1816,2,4,25600.0,63625.5,1,0,0
405418,1380,1681,2,1,8829.0,56654.0,5,6,34163099
1143103,3909,338,2,4,4900.0,53487.7,1,0,0
88416,297,1550,2,4,14.6,21012.6,6,0,0
3645213,3483,2098,0,0,73.7,18005.8,7,0,0
3657516,3845,1215,0,0,143.4,37215.5,7,0,0
1035034,3539,1017,0,3,1500.0,27604.0,1,0,0
735713,2513,954,2,1,2655.0,26794.7,5,13,17385280
963692,3284,1255,2,1,4872.0,26741.6,5,7,95121895
885051,3016,1441,2,1,8517.0,47712.1,5,1,78590231
800306,2729,1075,2,4,1500.0,20058.2,1,0,0
3443664,1754,1794,0,0,223.6,68053.3,7,0,0
3542556,362,119,0,0,24.7,10466.6,7,0,0
1057766,3617,646,2,1,57.0,51033.7,5,1,52725309
927600,3162,1675,0,3,19231.0,62460.8,1,0,0
1045532,3575,280,0,3,5800.0,14128.1,1,0,0
3292936,10942,985,2,4,5800.0,49714.6,1,0,0
276859,947,2068,2,4,14.6,53548.4,6,0,0
114990,389,1959,0,3,6247.0,20205.7,1,0,0
184082,625,1818,1,4,3169.0,62770.4,1,0,0
308268,1051,1139,0,3,12888.0,42486.3,1,0,0
1891014,6400,1472,2,1,143.0,16569.7,0,9,30437541
2305093,7606,1523,2,4,4700.0,55118.7,1,0,0
779100,2655,1976,2,4,14.6,41662.1,6,0,0
723481,2476,1945,2,4,14.6,15335.7,6,0,0
3439795,956,607,0,0,165.2,36091.4,7,0,0
24141,80,1686,0,2,3378.0,21262.0,1,1,97203635
599415,2039,1420,0,3,1400.0,38336.7,1,0,0
1110571,3792,649,0,2,5277.0,25933.3,2,5,99550264
307994,1050,951,2,4,4200.0,24855.1,1,0,0
3565543,1062,576,0,0,125.3,29262.6,7,0,0
3660303,3935,1460,0,0,195.8,37146.8,7,0,0
258477,885,788,2,4,14.6,42653.8,6,0,0
473487,1611,1646,0,3,1400.0,30406.7,1,0,0
393167,1337,465,2,1,3264.0,29290.6,5,12,46227514
152067,508,1825,2,4,14.6,35172.6,6,0,0
604068,2056,180,2,4,14.6,22404.0,6,0,0
265958,908,1945,2,4,14.6,18630.9,6,0,0
430249,1461,1429,2,4,14.6,86355.9,6,0,0
947890,3230,1945,2,4,14.6,33775.6,6,0,0
1067693,3648,1519,2,4,14.6,23279.4,6,0,0
1161829,3978,1283,2,1,692.0,60691.2,0,11,2867442
662262,2260,1368,2,4,14.6,-1881.4,6,0,0
87413,291,1919,2,4,12900.0,63148.8,1,0,0
995582,3397,1460,2,4,14.6,51468.4,6,0,0
1916769,6495,2129,2,4,14.6,25269.0,6,0,0
3581250,1545,1246,0,0,121.1,30590.5,7,0,0
8399,30,1360,2,4,5700.0,62062.6,1,0,0
3541505,333,1856,0,0,71.3,14771.9,7,0,0
3509611,9242,1276,0,0,85.4,38743.5,7,0,0
31535,102,1785,2,4,7600.0,47990.6,1,0,0
197525,669,1839,2,4,1380.0,13747.2,1,0,0
363304,1235,1503,2,1,1049.0,19467.3,0,4,56642502
1322205,4514,409,0,2,49200.0,86976.0,1,8,88864481
377846,1286,918,2,1,8500.0,91907.1,5,5,38014668
784894,2674,1462,2,4,15700.0,42235.9,1,0,0
3449991,4035,1856,0,0,104.3,37782.8,7,0,0
878444,2991,1703,2,4,14.6,17243.8,6,0,0
1699213,5758,1950,2,1,3203.0,22077.6,0,12,15063757
328788,1121,2104,0,3,17878.0,71185.9,1,0,0
1575895,5357,1491,2,4,14.6,48386.2,6,0,0
36889,119,1623,2,1,8252.0,27815.3,5,10,21662587
3440498,1065,1125,0,0,136.3,27330.8,7,0,0
174630,588,2048,0,3,7634.0,28775.0,1,0,0
67259,224,1683,0,2,5776.0,21183.2,2,9,49979138
362907,1234,1102,2,4,2080.0,17813.2,1,0,0
792055,2700,1381,2,1,1123.0,40382.0,3,9,52413690
2868728,9493,1409,2,1,6803.0,53002.2,5,12,47398895
603238,2052,2032,2,4,4300.0,29386.5,1,0,0
6805,26,1550,2,4,14.6,20786.0,6,0,0
327448,1118,1745,2,1,3637.0,23249.3,5,11,32868296
3634190,3136,1672,0,0,274.2,65789.4,7,0,0
377575,1285,664,2,4,6500.0,32835.6,1,0,0
3590704,1827,364,0,0,21.5,19489.3,7,0,0
3443069,1627,880,0,0,126.8,31747.7,7,0,0
95999,327,1111,2,4,2200.0,27225.9,1,0,0
3467036,3768,2129,0,0,197.6,46100.1,7,0,0
1145713,3918,942,2,4,2400.0,27946.4,1,0,0
844819,2876,637,2,4,14.6,35804.4,6,0,0
760234,2593,1611,2,4,14.6,34907.4,6,0,0
94881,322,395,2,4,14.6,21226.6,6,0,0
3536251,173,2159,0,0,260.8,62626.5,7,0,0
2378583,7844,1920,0,2,31937.0,59987.3,1,10,14847791
504863,1724,2107,2,1,1604.0,18304.5,5,9,97682117
415481,1411,1837,2,4,1700.0,77119.9,1,0,0
408724,1392,1526,2,1,3081.0,78976.2,5,3,64765941
3661877,3986,1703,0,0,81.6,22152.2,7,0,0
745116,2543,645,2,1,2145.0,29612.9,5,4,60684478
202367,687,1443,0,3,18946.5,40429.1,1,0,0
255244,877,1524,0,3,5443.0,26179.6,1,0,0
1215261,4159,2139,0,3,1000.0,55600.3,1,0,0
1703337,5774,2129,2,4,14.6,42150.2,6,0,0
3056718,10134,1996,2,4,8000.0,44200.4,1,0,0
49777,166,2068,2,4,14.6,22612.3,6,0,0
3549036,555,2190,0,0,104.0,23503.5,7,0,0
209175,710,1770,2,1,3200.0,11679.3,5,6,95556771
1125421,3844,1314,2,1,2260.0,16134.7,1,11,74524152
1292397,4416,1259,0,3,1400.0,29281.7,1,0,0
471006,1603,760,2,4,14.6,29911.2,6,0,0
3452518,5700,698,0,0,149.4,32059.0,7,0,0
309495,1054,757,2,4,2640.0,27333.8,1,0,0
442230,1504,1345,0,3,24139.0,24439.0,1,0,0
753596,2571,1925,0,2,46999.0,109573.9,1,1,78449141
754265,2574,984,0,3,14319.0,41635.0,1,0,0
1162973,3981,1041,2,1,545.0,18856.5,1,7,9709912
1071598,3661,1192,0,2,4966.0,15698.0,2,9,37396419
1234641,4225,947,2,4,12800.0,34876.0,1,0,0
179221,607,1260,0,2,3124.0,19370.9,1,1,22049731
633014,2161,1733,2,4,30.0,34732.1,6,0,0
1211261,4144,1703,2,4,14.6,26805.7,6,0,0
160293,538,618,0,2,4039.0,17009.8,2,4,30588859
631959,2157,2159,2,4,14.6,11921.7,6,0,0
601031,2046,2164,2,1,1647.0,29323.4,0,3,49969434
336820,1144,1487,2,4,270.0,15503.3,1,0,0
3318061,11021,2140,2,4,37500.0,114172.9,1,0,0
883301,3008,1856,2,4,14.6,43094.7,6,0,0
618697,2111,885,2,4,12900.0,34705.0,1,0,0
930215,3170,1469,2,4,9300.0,22451.6,1,0,0
3549538,573,1611,0,0,281.2,44223.0,7,0,0
1136622,3883,662,2,5,2000.0,26112.6,1,0,0
214725,729,2073,2,1,114.0,21352.1,0,4,95585292
1228453,4204,2037,2,4,14.6,18084.3,6,0,0
642325,2192,1506,2,4,10600.0,16150.6,1,0,0
248407,854,1894,2,1,382.0,30085.6,5,1,21777671
3548883,549,1733,0,0,192.0,42608.8,7,0,0
371396,1265,1150,0,3,300.0,300.0,1,0,0
3662319,4013,1976,0,0,159.2,43559.8,7,0,0
564575,1921,1818,0,3,1700.0,20904.6,1,0,0
3562389,965,1368,0,0,76.0,18280.0,7,0,0
3557278,821,1915,0,0,93.0,23163.5,7,0,0
3465149,3265,2190,0,0,124.2,31759.3,7,0,0
324229,1107,801,2,1,1746.0,29252.9,5,10,55333268
3679687,7045,2129,0,0,195.0,46071.5,7,0,0
1747295,5927,1531,2,1,1817.3,26104.2,8,8,95520770
944071,3220,484,2,4,14.6,41327.0,6,0,0
973563,3317,1870,2,1,2166.0,14824.1,1,6,89721625
662983,2263,1641,2,4,14.6,47969.8,6,0,0
436506,1483,1742,2,1,2701.0,30968.6,0,1,39453744
1579129,5369,1072,2,4,3300.0,38040.6,1,0,0
322230,1100,2105,0,2,3239.0,13575.1,1,12,82191985
393875,1338,735,2,4,5400.0,34618.7,1,0,0
2256463,7445,484,2,4,14.6,15874.4,6,0,0
3213518,10663,1833,2,4,5400.0,61926.8,1,0,0
841341,2864,1618,0,3,21988.5,52065.9,1,0,0
1311307,4478,2050,0,3,24248.0,80081.8,1,0,0
524238,1788,1474,0,3,1500.0,15858.1,1,0,0
2502377,8261,1290,0,2,21959.0,33288.8,1,5,978094
3595669,1969,1856,0,0,95.7,20103.3,7,0,0
182558,620,2103,0,3,1100.0,18700.0,1,0,0
3658666,3882,910,0,0,79.6,19329.0,7,0,0
975308,3323,829,2,1,3498.0,38940.6,5,11,78556829
1156278,3955,1754,2,4,3000.0,47785.5,1,0,0
3453658,6473,1794,0,0,216.1,30889.2,7,0,0
1159170,3969,972,2,4,14.6,49908.9,6,0,0
3582223,1578,1460,0,0,146.2,35657.3,7,0,0
462592,1573,1985,0,2,5492.0,24586.0,2,3,56284958
588305,2002,1527,2,1,3688.0,31654.0,5,3,59535497
2762572,9140,1856,2,4,14.6,14099.2,6,0,0
591407,2012,1682,2,1,3844.0,35432.0,5,5,87907689
3447616,2051,1794,0,0,114.7,19000.4,7,0,0
864995,2944,1550,2,4,14.6,19462.0,6,0,0
631845,2157,1710,2,1,9094.0,9663.9,5,3,96798324
3643909,3439,2129,0,0,222.9,55599.4,7,0,0
3664846,4448,1063,0,0,401.7,97117.0,7,0,0
472419,1607,1839,2,1,9958.0,22955.7,5,4,89174168
2809981,9307,1142,0,3,24188.0,67037.2,1,0,0
871415,2968,825,2,4,22000.0,43919.5,1,0,0
3636172,3203,1399,0,0,78.2,16857.9,7,0,0
1415167,4825,1491,2,4,14.6,21149.9,6,0,0
729158,2493,1435,2,4,3040.0,64193.6,1,0,0
211870,719,1622,2,4,7530.0,25589.7,1,0,0
3227530,10710,1452,2,4,2400.0,34299.9,1,0,0
162463,543,1497,2,1,647.0,12122.9,5,3,10095620
534964,1822,1837,2,1,1996.0,42003.4,5,5,19228476
51149,172,1648,0,3,22389.0,65106.9,1,0,0
574216,1954,2068,2,4,14.6,15926.3,6,0,0
244485,839,1803,0,3,36828.0,85336.9,1,0,0
782366,2666,1356,2,4,4800.0,13433.2,1,0,0
118966,399,1611,2,4,14.6,73101.9,6,0,0
1084156,3702,2006,2,4,14.6,34877.5,6,0,0
3633946,3132,1733,0,0,68.3,11418.9,7,0,0
1288904,4408,1582,2,4,13200.0,53798.6,1,0,0
1065325,3640,765,2,1,2040.0,13987.8,5,1,21871125
131402,441,1776,2,1,765.0,83746.4,0,12,11125362
3680424,7133,1884,0,0,49.2,12699.4,7,0,0
371092,1263,1451,2,4,6600.0,66573.4,1,0,0
2938066,9730,1680,0,3,10694.0,39486.7,1,0,0
1167588,4000,1672,2,4,14.6,51934.7,6,0,0
1164616,3989,1281,0,2,4016.0,24558.8,2,2,73123591
318450,1087,2052,2,4,11300.0,53428.5,1,0,0
293423,1002,2006,2,4,14.6,20904.3,6,0,0
110829,374,1358,2,4,22000.0,53166.5,1,0,0
194291,658,1227,0,2,4655.0,23954.8,2,13,25846690
2722004,9006,1338,2,4,5700.0,72541.5,1,0,0
3585600,1677,1976,0,0,129.6,31726.6,7,0,0
747061,2549,741,0,2,6345.0,28143.4,2,11,78077953
364586,1239,1282,0,2,6668.0,20517.6,2,4,71884184
61792,205,1894,0,3,6446.0,43766.2,1,0,0
142201,477,1532,0,3,16392.0,54191.0,1,0,0
3644296,3456,484,0,0,121.9,30930.7,7,0,0
797291,2715,1976,2,4,14.6,19998.4,6,0,0
3464357,3000,1307,0,0,144.6,38964.1,7,0,0
636872,2175,1599,2,4,6900.0,98752.8,1,0,0
674504,2305,1254,0,2,3542.0,17164.1,1,11,49954766
614472,2095,1288,0,3,19987.0,36104.6,1,0,0
599109,2038,1627,0,3,8200.0,30308.1,1,0,0
3608589,2377,2129,0,0,70.5,17676.5,7,0,0
1907419,6461,1314,0,3,31452.0,32152.0,1,0,0
557324,1896,972,2,4,14.6,51969.7,6,0,0
994388,3391,690,2,4,11100.0,35923.4,1,0,0
650217,2222,968,0,3,22865.0,120604.8,1,0,0
1777926,6030,576,2,4,14.6,40878.4,6,0,0
3445685,539,1033,0,0,93.1,30687.8,7,0,0
882888,3007,512,2,4,15200.0,37385.6,1,0,0
232160,790,892,2,1,4335.8,31784.7,8,7,86892044
425350,1445,1345,0,3,6786.0,34726.5,1,0,0
467968,1592,2058,2,4,1920.0,74033.0,1,0,0
605219,2060,1854,2,4,200.0,28469.8,1,0,0
605624,2061,1241,0,3,200.0,23748.2,1,0,0
3575485,1374,1399,0,0,29.0,35973.0,7,0,0
167199,559,1583,2,4,2320.0,16736.5,1,0,0
90313,305,1837,2,4,1360.0,12863.6,1,0,0
1245387,4260,1106,2,1,4075.5,24944.0,8,3,42941677
1781816,6040,711,2,4,20100.0,39299.9,1,0,0
817175,2783,2147,0,3,800.0,56584.3,1,0,0
972976,3315,1115,2,4,7900.0,40998.0,1,0,0
289298,991,1338,2,4,14.6,62080.7,6,0,0
22098,72,1884,2,4,30.0,31989.4,6,0,0
1005707,3433,2136,2,4,1360.0,18872.0,1,0,0
3149475,10451,738,2,4,2040.0,24186.7,1,0,0
868826,2959,1736,0,3,43895.0,98947.7,1,0,0
3460413,374,1429,0,0,239.6,51127.0,7,0,0
263784,902,582,0,3,7731.0,35644.0,1,0,0
1453704,4948,1550,2,4,14.6,68107.1,6,0,0
228789,776,1471,2,4,5760.0,52462.8,1,0,0
651722,2227,1924,1,4,17467.0,76319.6,1,0,0
977706,3332,1884,2,4,14.6,34624.9,6,0,0
3615258,2560,2098,0,0,140.5,36198.5,7,0,0
625340,2135,2082,0,3,10262.0,25088.1,1,0,0
399108,1359,815,0,3,1300.0,24158.3,1,0,0
3644683,3467,1764,0,0,276.0,77655.6,7,0,0
335798,1142,1801,2,1,2077.0,21257.4,5,6,67380297
617249,2105,1708,2,1,1546.0,15101.6,5,3,57194727
908791,3096,1014,2,1,6446.0,42509.6,5,2,81572884
3459758,150,1460,0,0,251.4,98659.1,7,0,0
1599503,5429,1354,2,4,8000.0,14839.8,1,0,0
3569446,1176,1672,0,0,80.4,17055.9,7,0,0
2023230,6856,1321,2,1,794.0,14008.7,0,13,61659604
231623,788,1833,2,4,1840.0,18048.1,1,0,0
2931787,9707,1125,2,4,14.6,51006.2,6,0,0
1238920,4240,66,0,2,27666.0,55920.0,1,3,17497700
895228,3051,1340,0,3,9312.0,84140.3,1,0,0
1248375,4269,1897,0,3,4300.0,52742.4,1,0,0
3520335,10345,1764,0,0,88.0,18203.3,7,0,0
671293,2292,1273,2,4,150.0,23219.1,1,0,0
3647992,3571,1884,0,0,99.0,24541.2,7,0,0
3558955,871,1491,0,0,250.5,44394.4,7,0,0
272421,931,1307,0,3,100.0,22103.9,1,0,0
235518,804,1889,0,3,8005.0,46435.1,1,0,0
3520224,10320,2190,0,0,164.1,41848.9,7,0,0
249048,855,1469,2,4,2280.0,43570.2,1,0,0
97796,334,1834,2,4,2040.0,83675.6,1,0,0
1222694,4186,1523,2,4,3720.0,37756.6,1,0,0
1155739,3954,1276,2,4,14.6,24818.6,6,0,0
341447,1159,2167,0,3,16311.0,56366.4,1,0,0
715943,2452,1711,0,2,5563.0,11726.0,2,1,86956369
143457,481,1412,0,2,6633.0,31756.8,2,3,87396925
103551,353,1580,2,4,14.6,42215.6,6,0,0
292252,1000,1650,2,1,1475.0,70196.2,0,2,8467102
749595,2555,1826,2,4,2280.0,68689.2,1,0,0
574010,1953,1915,2,4,30.0,71303.4,6,0,0
3441623,1243,1856,0,0,179.1,50895.0,7,0,0
420724,1426,1733,2,4,14.6,22069.1,6,0,0
271546,930,2141,0,3,14035.0,60494.1,1,0,0
3621684,2755,1611,0,0,116.6,28833.6,7,0,0
1282008,4385,1307,2,4,14.6,34358.3,6,0,0
2868454,9491,1885,2,4,24800.0,42865.4,1,0,0
3585591,1677,1703,0,0,151.6,33838.1,7,0,0
560080,1905,2110,2,4,5800.0,23433.9,1,0,0
827064,2817,696,2,4,11500.0,44567.4,1,0,0
1070127,3655,1774,2,1,2927.0,27991.2,0,3,63581627
82073,274,261,0,3,3700.0,24398.0,1,0,0
960400,3271,1945,2,4,14.6,16841.0,6,0,0
869222,2960,1343,2,1,8884.0,38180.2,5,12,53651827
2438311,8039,1324,2,4,3400.0,35529.9,1,0,0
1075494,3674,1720,2,4,24700.0,66404.7,1,0,0
756950,2582,2063,2,4,4800.0,55390.5,1,0,0
3638197,3254,1945,0,0,78.2,19723.2,7,0,0
718998,2463,1619,0,3,23190.0,42405.7,1,0,0
430182,1461,1824,1,4,18423.0,53630.1,1,0,0
700019,2395,1479,2,4,1200.0,24008.5,1,0,0
1159420,3970,1739,2,1,8957.0,47318.0,5,10,15046972
3592716,1887,1276,0,0,148.4,34255.2,7,0,0
2571630,8489,1258,2,1,7370.0,38695.1,8,4,20661109
3642173,3376,1915,0,0,90.6,21585.2,7,0,0
3540450,300,637,0,0,101.2,23874.9,7,0,0
737398,2519,2050,2,1,1599.0,50069.4,5,8,87381881
88435,297,2129,2,4,14.6,15329.1,6,0,0
130965,440,2107,2,1,5825.0,39859.0,5,9,84914481
590214,2009,1043,2,1,1268.0,43174.7,0,7,55095195
556017,1892,1926,2,1,2398.0,22337.8,5,8,48820698
76843,255,1830,2,4,2400.0,33042.7,1,0,0
1090589,3728,1738,0,2,11213.0,39123.6,1,2,97748749
496359,1692,1168,2,4,10100.0,4398.8,5,0,0
935446,3193,1923,0,3,18670.0,35126.8,1,0,0
436902,1485,429,0,3,23420.0,65050.3,1,0,0
1006839,3438,1838,0,2,5506.0,19956.0,2,10,56668645
3537520,212,1033,0,0,222.8,31106.5,7,0,0
2834096,9377,1649,2,4,17700.0,54580.0,1,0,0
642908,2195,795,2,4,17300.0,41536.8,1,0,0
3657546,3845,2129,0,0,187.2,50660.2,7,0,0
970079,3306,1438,2,1,59.0,41206.9,0,3,82538950
796942,2714,1206,2,4,1750.0,48239.7,1,0,0
3582484,1586,1825,0,0,233.4,48489.3,7,0,0
750200,2557,941,2,4,14.6,20253.2,6,0,0
3660529,3939,2068,0,0,100.7,23897.0,7,0,0
2397033,7907,1854,0,3,28047.0,100008.4,1,0,0
1486580,5066,1479,0,3,48748.0,82948.2,1,0,0
3644353,3457,668,0,0,14.8,4408.8,7,0,0
2475868,8169,1808,0,3,16518.0,26642.5,1,0,0
589540,2007,2018,2,4,28500.0,74493.7,1,0,0
57726,192,187,2,4,1000.0,22618.9,1,0,0
56780,189,2029,2,4,840.0,36429.9,1,0,0
3634901,3158,1976,0,0,114.5,27976.4,7,0,0
57476,192,1282,0,2,5859.0,30219.3,2,4,15384018
144476,484,1649,2,4,4000.0,29084.7,1,0,0
290492,995,1587,2,1,143.0,21015.3,0,4,80483859
3547006,496,303,0,0,121.2,28104.4,7,0,0
986573,3364,1906,2,4,5200.0,64342.2,1,0,0
2005184,6792,1773,2,1,3520.0,36786.7,5,4,65384101
3577188,1422,972,0,0,96.0,21941.9,7,0,0
685129,2339,1745,2,1,3893.0,18082.4,5,7,60427570
614083,2092,1203,0,3,7000.0,19033.0,1,0,0
1982434,6715,1467,2,4,8100.0,48884.4,1,0,0
1298817,4434,1742,1,4,11475.0,34236.6,1,0,0
441158,1499,1775,2,1,3666.0,41399.0,5,3,54662084
3562784,978,1764,0,0,231.7,56267.7,7,0,0
3561997,951,1703,0,0,78.7,19694.5,7,0,0
56227,188,132,0,3,19413.0,20113.0,1,0,0
601530,2048,2006,2,4,14.6,44543.6,6,0,0
469085,1597,1338,2,4,14.6,14650.5,6,0,0
3625041,2861,2006,0,0,68.1,18358.9,7,0,0
3528778,11265,1125,0,0,67.1,15409.0,7,0,0
3441665,1254,1764,0,0,191.3,62598.3,7,0,0
443215,1507,784,2,4,13400.0,35883.3,1,0,0
309220,1053,719,2,4,4300.0,28731.1,1,0,0
3447920,2299,1915,0,0,32.5,10094.2,7,0,0
3664691,4434,1002,0,0,405.3,82271.9,7,0,0
265074,905,1807,2,1,6086.0,22296.0,5,3,79027634
178775,604,1611,2,4,14.6,44091.3,6,0,0
843610,2871,1634,2,4,3120.0,25445.4,1,0,0
1191113,4079,520,0,3,16991.0,61903.2,1,0,0
740579,2528,2051,2,1,2824.0,26647.1,5,11,51561528
1462950,4981,1374,2,4,5200.0,32197.8,1,0,0
3682136,5256,423,0,0,176.2,39386.9,7,0,0
579512,1972,2015,2,1,2736.0,21287.6,5,13,67027497
894392,3049,2068,2,4,14.6,65529.1,6,0,0
192592,653,2129,2,4,14.6,38899.4,6,0,0
677175,2313,819,2,4,30.0,29659.2,6,0,0
78247,260,1827,2,4,3240.0,39942.3,1,0,0
86078,288,1063,2,4,14.6,21540.2,6,0,0
3585216,1669,2037,0,0,60.0,14340.7,7,0,0
324731,1108,1215,2,4,14.6,29401.5,6,0,0
3562219,959,1856,0,0,56.0,14536.4,7,0,0
398780,1358,1654,2,1,2980.0,22865.4,5,4,97084825
3534666,123,1641,0,0,53.7,12362.9,7,0,0
3661672,3980,211,0,0,166.1,41118.1,7,0,0
1084702,3704,563,2,4,2600.0,26549.5,1,0,0
3493247,7861,1460,0,0,299.6,76264.7,7,0,0
3543165,385,1063,0,0,111.6,27187.9,7,0,0
103359,353,1131,0,2,6676.0,35407.9,2,10,68388724
31219,101,1831,0,3,17864.0,70983.8,1,0,0
3650734,3648,2068,0,0,105.1,25383.8,7,0,0
959031,3267,1733,2,4,14.6,32154.5,6,0,0
1011555,3457,1283,0,2,4194.0,15733.6,2,7,82948666
3514482,9731,1276,0,0,159.0,28485.1,7,0,0
518019,1770,555,0,3,21017.0,60722.9,1,0,0
801619,2733,747,2,4,750.0,18471.6,1,0,0
3562355,965,333,0,0,100.8,27328.9,7,0,0
93199,317,1358,2,4,600.0,36233.3,1,0,0
463655,1577,1684,2,4,800.0,22193.6,1,0,0
1908148,6463,1523,0,3,10800.0,15448.5,1,0,0
574552,1956,2016,2,1,4674.0,46466.9,5,11,409156
419548,1422,1276,2,4,14.6,20428.5,6,0,0
1486601,5066,1919,0,3,44128.0,105798.8,1,0,0
696111,2379,576,2,4,14.6,29588.6,6,0,0
469047,1597,1829,2,4,1840.0,37028.2,1,0,0
358942,1219,1499,2,1,3986.0,23280.9,5,5,86177932
434496,1476,760,2,4,14.6,15039.7,6,0,0
335236,1139,2105,1,4,7123.0,66941.4,1,0,0
453961,1542,1848,2,4,2240.0,19475.3,1,0,0
3465383,3307,1825,0,0,252.0,63172.8,7,0,0
3468302,4069,2068,0,0,227.8,56488.3,7,0,0
1571,6,1154,2,4,14.6,25594.8,6,0,0
1596401,5423,1354,0,3,29511.0,95039.7,1,0,0
238266,814,1884,2,4,14.6,11944.4,6,0,0
292265,1000,2046,2,1,1475.0,60984.4,0,2,8467102
249149,855,691,2,4,10100.0,31319.3,1,0,0
3584598,1646,2006,0,0,238.5,74505.1,7,0,0
693754,2372,1927,2,1,1946.0,9607.6,0,7,79875886
488594,1666,1846,2,4,3440.0,36665.2,1,0,0
3672914,5774,1703,0,0,177.5,38224.9,7,0,0
2730805,9034,347,2,1,9115.0,47725.8,3,1,22182023
2777476,9192,1162,2,4,21500.0,45968.7,1,0,0
239560,817,681,2,4,11200.0,29624.4,1,0,0
943286,3218,798,2,1,1449.0,14433.1,5,1,79115420
753861,2572,1717,1,4,21290.0,68176.0,1,0,0
1078594,3684,828,0,2,6710.0,27845.9,2,9,60549932
2780456,9203,1321,0,3,47722.0,95414.2,1,0,0
779905,2660,1875,0,3,31341.0,81440.5,1,0,0
405682,1381,794,0,2,4058.0,16981.3,2,4,4917139
1058116,3617,378,2,4,6100.0,33996.7,1,0,0
3626486,2902,545,0,0,208.1,32078.4,7,0,0
991324,3380,982,2,1,4376.0,33470.5,5,1,38360536
3655643,3787,668,0,0,161.9,36545.8,7,0,0
460623,1566,1618,2,1,1622.0,25064.0,3,13,98447876
3137187,10411,1976,2,4,100.0,89084.8,6,0,0
3445304,245,1794,0,0,238.7,56744.7,7,0,0
3646001,3507,1460,0,0,320.8,120502.8,7,0,0
911168,3107,921,0,2,6300.0,30339.7,2,9,51595199
588252,2002,2104,0,2,6060.0,37654.6,2,6,9670401
1059942,3623,1981,0,2,3893.0,20001.6,1,3,61949133
92214,313,1315,0,2,3442.0,7597.4,1,6,2472830
45817,153,1318,2,1,4544.0,35413.9,5,11,6886673
3637889,3246,2098,0,0,76.6,19025.0,7,0,0
3443954,1804,1338,0,0,183.9,48864.7,7,0,0
600879,2045,2098,2,4,14.6,12852.3,6,0,0
159745,535,1836,2,4,2200.0,47564.9,1,0,0
3641025,3344,1672,0,0,258.0,83748.7,7,0,0
3651568,3674,1063,0,0,260.5,47445.1,7,0,0
818747,2788,1958,0,3,13776.0,35388.5,1,0,0
1088367,3718,1549,2,4,840.0,31440.2,1,0,0
1056951,3613,491,2,4,600.0,27173.4,1,0,0
2908974,9635,1856,2,4,14.6,1934.2,6,0,0
740049,2527,978,2,1,5774.0,47025.8,5,2,27758234
655952,2242,824,2,1,5538.0,35896.5,5,11,83031367
1156381,3956,1833,0,3,10391.0,53391.1,1,0,0
7848,29,2106,2,1,6871.0,13446.4,5,10,32924878
2780401,9203,382,0,3,26654.0,70894.5,1,0,0
514709,1761,2111,2,1,3407.0,26293.4,0,3,69640517
280888,962,1810,2,4,3300.0,35640.4,1,0,0
37050,119,1733,2,4,14.6,53274.8,6,0,0
3556556,798,1976,0,0,162.0,39676.5,7,0,0
464429,1580,1309,1,4,4404.0,58252.2,1,0,0
680536,2322,941,2,4,16400.0,38903.5,1,0,0
226354,770,1632,0,3,2400.0,44381.5,1,0,0
857697,2924,923,0,3,10539.0,42301.5,1,0,0
614588,2095,1733,2,4,14.6,67791.7,6,0,0
2068811,7011,1211,0,3,25674.0,69376.1,1,0,0
877456,2989,1801,0,2,5093.0,35126.2,2,7,26638216
1051342,3595,713,2,4,3960.0,31483.6,1,0,0
833449,2838,2076,2,1,1948.0,107654.9,5,13,46153497
433267,1472,1166,2,1,2375.0,34722.2,0,8,3332001
925742,3155,1489,2,4,840.0,26718.1,1,0,0
838669,2855,2125,2,4,1600.0,45254.4,1,0,0
3530868,15,819,0,0,184.2,33952.4,7,0,0
335443,1140,2078,2,1,2790.0,29208.5,5,13,74234366
420989,1427,1700,0,3,1800.0,42659.3,1,0,0
397958,1353,1856,2,4,14.6,22701.5,6,0,0
175016,588,552,2,4,600.0,31056.0,1,0,0
374337,1274,2006,2,4,30.0,33949.1,6,0,0
918966,3132,1940,0,3,1000.0,24691.4,1,0,0
424163,1440,1404,2,4,3000.0,18363.2,1,0,0
895241,3051,1477,0,3,9348.0,67293.9,1,0,0
3541518,334,211,0,0,119.3,36477.5,7,0,0
334382,1136,2161,1,4,3858.0,48182.7,1,0,0
3587471,1733,1672,0,0,156.8,54582.6,7,0,0
1022490,3489,2086,2,4,13000.0,42927.5,1,0,0
1163082,3981,1307,2,4,14.6,15345.5,6,0,0
3612629,2493,2037,0,0,219.7,60071.8,7,0,0
226366,770,1992,2,4,1700.0,50780.3,1,0,0
3587188,1726,1338,0,0,91.2,26013.9,7,0,0
999691,3413,888,2,1,247.0,41036.6,3,12,78589880
3605750,2291,1976,0,0,69.7,17725.8,7,0,0
432727,1470,880,2,4,14.6,44026.0,6,0,0
320966,1097,1463,2,4,840.0,39758.5,1,0,0
508780,1741,887,0,2,4785.0,5885.0,2,6,25180655
561794,1911,1358,2,4,2760.0,37800.8,1,0,0
508402,1738,1580,2,4,14.6,15391.0,6,0,0
828896,2823,1252,0,2,3316.0,22367.2,1,2,57925736
608324,2070,1832,2,4,600.0,46215.4,1,0,0
1363131,4650,1884,2,4,14.6,23894.5,6,0,0
1256783,4296,1467,2,4,25600.0,50699.7,1,0,0
825539,2813,552,2,1,798.0,25193.4,5,8,75464439
3541506,333,1884,0,0,63.4,15340.7,7,0,0
920969,3138,1567,0,3,300.0,31592.0,1,0,0
3573980,1319,1856,0,0,207.1,61259.8,7,0,0
605290,2061,1044,0,3,4004.0,27961.2,1,0,0
667534,2279,1559,0,2,39338.0,78049.2,1,4,28062188
53880,180,554,0,2,23261.0,61737.2,1,8,69630121
3488404,7445,333,0,0,103.7,46124.7,7,0,0
3593495,1908,1368,0,0,98.9,25591.5,7,0,0
379071,1289,1594,0,3,23341.0,76678.3,1,0,0
3498311,8261,1094,0,0,158.5,42844.1,7,0,0
738216,2522,1266,1,4,18276.0,18757.0,1,0,0
3569511,1179,637,0,0,80.3,19662.1,7,0,0
123013,413,1841,2,4,1120.0,12935.1,1,0,0
299351,1019,1717,2,4,1800.0,50166.2,1,0,0
821676,2799,795,0,3,47478.0,78342.9,1,0,0
1157271,3960,484,2,4,14.6,15968.3,6,0,0
294382,1005,1553,0,3,13300.0,53781.2,1,0,0
105207,358,1884,2,4,14.6,22622.1,6,0,0
915576,3121,1368,2,4,14.6,25933.3,6,0,0
982267,3352,1611,2,4,14.6,24563.8,6,0,0
1104436,3773,2018,2,1,3146.0,14024.1,5,7,19248593
1296450,4427,819,2,4,14.6,13833.4,6,0,0
453366,1540,1474,2,1,4540.0,43197.1,5,5,33179605
296735,1012,680,2,1,4090.8,68765.2,8,3,56211417
311717,1063,1382,0,3,7930.0,8130.0,1,0,0
449957,1530,1108,2,1,3700.0,27980.4,5,12,24157417
65528,218,1465,2,4,3300.0,7128.3,1,0,0
222677,757,1437,2,5,600.0,43683.4,1,0,0
448449,1525,1803,0,2,4641.0,18419.0,2,7,99120705
951467,3243,1543,2,4,4000.0,13323.8,1,0,0
661364,2257,2140,2,1,2005.0,15363.3,1,2,48135429
1020726,3485,2108,2,1,399.0,38274.4,5,8,78194117
950676,3241,1045,0,2,6282.0,36302.2,2,9,88683235
627311,2143,1807,0,3,33669.0,48733.9,1,0,0
3044050,10093,1113,2,4,2100.0,47487.1,1,0,0
470049,1601,707,2,4,450.0,22827.6,1,0,0
2108193,7136,1619,2,1,2235.0,72583.6,0,11,45092648
1092798,3736,1449,2,4,900.0,38994.6,1,0,0
651400,2226,1262,2,4,18600.0,45284.9,1,0,0
519922,1775,1104,2,4,2240.0,23543.2,1,0,0
33543,107,1976,2,4,14.6,34752.6,6,0,0
1095549,3745,1529,2,1,841.0,69349.2,0,11,77627140
652304,2228,592,2,4,21000.0,49385.8,1,0,0
780270,2660,1856,2,4,30.0,20969.5,6,0,0
3530508,2,849,0,0,146.4,31061.8,7,0,0
3437688,432,1703,0,0,53.2,20117.0,7,0,0
3344793,11111,2069,0,3,18194.0,105394.3,1,0,0
855314,2914,1672,2,4,14.6,33431.0,6,0,0
381796,1297,2012,2,1,2878.0,78790.2,5,5,23392784
1293375,4418,434,0,3,4000.0,17835.0,1,0,0
771651,2633,1290,0,3,36757.0,106514.5,1,0,0
3607506,2345,515,0,0,116.2,27246.8,7,0,0
18208,61,1112,2,4,2240.0,20205.7,1,0,0
3651247,3664,1976,0,0,270.5,63229.3,7,0,0
867248,2952,2016,2,1,1629.0,16085.4,5,13,60263645
131953,443,924,0,2,3058.0,21452.0,1,10,29172384
1031043,3522,2112,2,1,2423.0,18914.7,5,5,26984930
958227,3264,1611,2,4,14.6,22168.6,6,0,0
1060658,3625,1259,2,1,467.0,26004.8,0,13,6307900
867522,2953,1472,2,4,4400.0,30902.1,1,0,0
3574044,1322,395,0,0,67.8,12321.9,7,0,0
21761,71,1298,2,4,7600.0,39251.3,1,0,0
1088425,3718,1856,2,4,14.6,29646.9,6,0,0
1850364,6265,1504,0,3,18111.0,54677.6,1,0,0
35157,112,1460,2,4,14.6,16633.0,6,0,0
3589865,1806,1491,0,0,117.0,20248.8,7,0,0
1652551,5602,2020,2,4,8100.0,50698.7,1,0,0
417822,1417,918,0,3,24231.0,59199.0,1,0,0
2442352,8051,247,0,2,26040.0,69546.9,1,6,35675579
844657,2876,556,2,1,5231.0,38524.3,5,5,30939269
178415,603,1409,2,1,4361.0,37609.2,5,6,46360403
508410,1738,1825,2,4,14.6,14345.2,6,0,0
882413,3007,1558,0,3,22452.0,39547.9,1,0,0
1125876,3845,953,2,4,21400.0,39607.9,1,0,0
3410746,11320,1470,2,4,8800.0,33768.4,1,0,0
920430,3136,1681,2,1,3489.0,69814.8,0,11,29040438
359217,1220,1481,2,4,1440.0,28845.0,1,0,0
878779,2993,1547,1,4,9808.0,68355.9,1,0,0
786320,2679,2037,2,4,14.6,18916.7,6,0,0
911447,3107,2063,2,4,100.0,88418.2,1,0,0
3044133,10093,1611,2,4,30.0,29547.1,6,0,0
558411,1899,1884,2,4,14.6,19213.2,6,0,0
3630820,3035,729,0,0,338.4,79409.8,7,0,0
952175,3246,490,2,4,3720.0,29996.8,1,0,0
704854,2414,1870,0,2,2949.0,14579.9,1,4,94407939
628812,2146,1307,2,4,14.6,26369.8,6,0,0
844380,2874,1882,2,4,2800.0,11258.1,1,0,0
359793,1222,979,2,4,4300.0,35818.5,1,0,0
3292297,10940,1646,2,1,7517.0,41883.1,5,6,1789451
3623883,2825,1641,0,0,197.7,52217.9,7,0,0
1731071,5870,1731,0,3,30756.0,31356.0,1,0,0
3546405,475,1945,0,0,76.4,19087.2,7,0,0
1088650,3719,2098,2,4,14.6,24371.3,6,0,0
446112,1515,2019,1,4,2215.0,71910.1,1,0,0
736315,2515,1790,0,3,36274.0,117703.4,1,0,0
72595,241,1894,2,1,610.0,29776.9,3,3,14364838
2676043,8856,1812,2,4,11800.0,50026.9,0,0,0
2465964,8132,2129,2,4,30.0,111297.5,6,0,0
140949,471,1122,2,4,3360.0,20935.2,1,0,0
625616,2137,1592,0,2,19587.0,39866.0,1,13,89103406
121127,406,2042,2,1,264.0,17743.0,1,6,28461408
688302,2350,2068,2,4,14.6,36962.6,6,0,0
1093447,3738,1519,2,4,14.6,35538.2,6,0,0
425243,1444,2175,2,4,930.0,57865.8,1,0,0
3591736,1852,819,0,0,80.0,17532.2,7,0,0
782667,2667,2096,2,4,1170.0,21908.9,1,0,0
899080,3064,1486,2,4,2040.0,26293.5,1,0,0
849136,2893,1837,2,4,570.0,19377.0,1,0,0
1019785,3482,1096,2,4,1760.0,15827.8,1,0,0
1148144,3927,917,2,1,1926.0,18025.9,5,2,14631736
1392039,4743,1976,2,4,14.6,77696.4,6,0,0
554484,1887,998,2,4,100.0,31710.0,1,0,0
402824,1372,351,0,3,1800.0,28444.7,1,0,0
253557,868,2141,2,1,3239.0,16217.7,5,10,6806827
404553,1377,1945,2,4,14.6,15875.0,6,0,0
2301700,7594,2183,1,4,6406.0,33329.9,1,0,0
1078013,3682,1915,2,4,14.6,52793.3,6,0,0
17376,59,1193,2,1,6190.0,43734.8,0,10,65394794
980740,3346,2046,2,4,1200.0,42620.4,1,0,0
465383,1583,1703,2,4,100.0,36196.0,6,0,0
1033358,3533,788,2,4,14.6,24592.6,6,0,0
202185,686,1033,2,4,14.6,22968.8,6,0,0
751158,2562,1555,2,1,2235.0,14959.3,1,3,27375477
1241027,4245,1429,2,4,14.6,56456.2,6,0,0
8936,31,1561,2,4,17000.0,26485.3,1,0,0
342217,1161,644,2,4,800.0,22832.8,1,0,0
824419,2809,1794,2,4,14.6,30299.8,6,0,0
1081413,3693,400,2,1,8992.0,17668.8,5,4,36411053
509304,1743,316,0,2,4260.0,21224.3,2,10,62864976
178416,603,1439,2,1,4361.0,36820.1,5,6,46360403
353373,1200,1945,2,4,14.6,35495.7,6,0,0
86375,289,1849,2,4,2900.0,33539.4,1,0,0
1614094,5481,1684,2,1,4358.0,81183.8,8,5,17114121
989670,3373,1976,2,4,14.6,16277.5,6,0,0
3630054,3011,819,0,0,65.5,15826.5,7,0,0
242160,828,1856,2,4,14.6,21642.1,6,0,0
521278,1779,454,2,4,14.6,39493.5,6,0,0
678599,2318,1982,2,4,4900.0,29998.3,1,0,0
3533408,86,484,0,0,73.7,18095.4,7,0,0
1059038,3620,2111,0,3,500.0,15434.9,1,0,0
1121653,3832,1290,2,1,4176.0,27626.5,0,11,41750305
625123,2134,1985,2,1,3118.0,50749.6,5,1,67233997
231538,788,1321,0,2,5473.0,11846.0,2,5,11979616
287244,984,1488,2,4,1400.0,32562.3,1,0,0
382059,1297,1167,2,4,10300.0,38198.1,1,0,0
3488663,7454,515,0,0,116.9,28670.4,7,0,0
568213,1934,1987,2,1,720.0,90913.1,3,11,30378473
202564,687,2028,2,4,7100.0,14321.4,1,0,0
1007457,3440,1826,2,4,1800.0,38577.1,1,0,0
3462218,2430,2098,0,0,218.5,51354.2,7,0,0
1011331,3456,550,2,4,1200.0,24954.1,1,0,0
621434,2121,1984,0,3,33181.5,66935.9,1,0,0
3630635,3030,1733,0,0,77.7,18969.3,7,0,0
385899,1311,1399,2,4,14.6,19535.5,6,0,0
1146949,3923,333,2,4,14.6,41430.3,6,0,0
3623628,2819,788,0,0,117.4,29225.2,7,0,0
3573247,1296,1945,0,0,77.5,20416.0,7,0,0
20446,68,1655,2,1,1186.0,96567.5,0,5,8292192
373657,1272,1063,2,4,30.0,87234.0,6,0,0
1034196,3536,832,2,1,2589.0,27130.0,5,1,57065409
1128686,3856,1746,2,1,2280.0,13044.1,5,11,91998385
139625,467,605,2,4,3800.0,22531.3,1,0,0
247955,852,2078,2,1,2013.0,15878.4,1,6,63201045
581911,1979,1628,2,4,390.0,20189.3,1,0,0
885657,3017,798,2,4,11200.0,40925.0,1,0,0
3511813,9494,1276,0,0,104.2,35192.8,7,0,0
162840,544,864,0,3,400.0,400.0,1,0,0
1716188,5817,2009,2,4,11100.0,25908.1,1,0,0
833119,2837,1578,2,4,18400.0,27731.9,1,0,0
1153732,3946,1952,2,4,7700.0,38029.3,1,0,0
2688517,8899,2139,0,3,37775.0,148348.8,1,0,0
18682,62,536,2,4,1600.0,26525.4,1,0,0
1109072,3787,1777,2,1,4407.0,58352.8,5,3,96782379
183916,625,1763,0,3,46541.0,63209.9,1,0,0
3631570,3056,1915,0,0,91.9,22974.3,7,0,0
3626464,2901,2037,0,0,210.3,47603.0,7,0,0
1198651,4103,1276,2,4,14.6,42879.5,6,0,0
3117529,10345,2037,2,4,14.6,21146.1,6,0,0
1596906,5423,1641,2,4,14.6,37137.7,6,0,0
1007361,3440,1436,2,1,20.0,20231.0,3,7,47094911
248924,855,1285,0,3,13766.0,24839.8,1,0,0
826367,2814,894,2,4,200.0,28844.4,1,0,0
620048,2117,1832,2,4,1900.0,17577.0,1,0,0
3565186,1051,1094,0,0,180.0,47182.4,7,0,0
64270,213,1986,2,4,26200.0,61459.0,1,0,0
637568,2176,941,2,4,14.6,48695.2,6,0,0
565704,1926,1503,0,3,4507.0,15670.9,1,0,0
810916,2763,1549,0,3,42067.0,85334.0,1,0,0
1073534,3669,1710,0,3,8164.0,19189.9,1,0,0
1110031,3789,1611,2,4,14.6,33715.4,6,0,0
3535821,162,1825,0,0,105.5,25464.2,7,0,0
2521839,8321,710,2,1,7041.0,21833.3,5,12,27547550
2305258,7607,522,2,1,6020.0,25921.2,5,6,40659213
227498,773,1105,2,4,2800.0,27951.0,1,0,0
672189,2295,2159,2,4,14.6,121394.3,6,0,0
532427,1813,1307,2,4,14.6,31543.9,6,0,0
452584,1538,1928,2,1,10288.0,34938.6,5,5,9744745
3604459,2247,1976,0,0,160.6,74962.8,7,0,0
1033897,3535,1921,2,1,2131.0,17765.3,5,2,947845
866755,2951,1134,2,1,743.0,44853.8,5,13,2752936
3658019,3863,484,0,0,137.3,30430.6,7,0,0
749749,2555,1868,2,4,1700.0,58930.7,1,0,0
3534923,132,1246,0,0,116.9,82245.9,7,0,0
3462469,2500,2129,0,0,94.8,22224.9,7,0,0
3603567,2223,1338,0,0,70.9,17650.9,7,0,0
367667,1249,2168,2,4,200.0,55876.0,1,0,0
1118276,3820,545,2,4,14.6,26527.3,6,0,0
1128644,3856,1564,0,2,4938.0,22671.1,2,10,20122891
695096,2377,1849,2,4,1600.0,15578.5,1,0,0
3554828,742,1764,0,0,108.4,26820.2,7,0,0
898182,3061,1759,2,4,480.0,21441.3,1,0,0
962630,3280,1653,0,3,14266.0,29865.3,1,0,0
558594,1900,1453,2,4,24200.0,49247.9,1,0,0
1470848,5011,746,0,3,5800.0,2926.9,1,0,0
39651,128,292,2,4,2000.0,25935.5,1,0,0
2786485,9225,1611,2,4,14.6,26026.5,6,0,0
557787,1897,1399,2,4,24400.0,49159.1,1,0,0
1779121,6034,557,2,1,7741.8,28276.5,8,7,6834680
2729649,9030,1167,2,1,2587.0,52682.3,5,11,55505740
202923,688,958,0,3,2800.0,29356.4,1,0,0
962775,3280,1580,2,4,14.6,18931.2,6,0,0
3606568,2319,1519,0,0,215.3,39301.9,7,0,0
1074807,3673,1715,2,1,1939.0,25234.7,5,7,41758221
775082,2645,1869,0,3,11231.0,39055.0,1,0,0
1109367,3787,1819,2,4,17300.0,55957.6,1,0,0
294586,1006,1007,2,1,390.0,31007.9,5,13,28566903
476953,1625,1436,2,4,8100.0,18948.8,1,0,0
92491,314,2108,2,1,13691.0,45146.6,5,6,99187093
434315,1476,2074,0,2,6411.0,20196.5,2,4,63237541
816229,2779,729,2,4,14.6,59435.5,6,0,0
688010,2349,1733,2,4,14.6,14778.3,6,0,0
1014750,3468,2159,2,4,1600.0,76740.2,1,0,0
3626503,2902,1063,0,0,162.4,35427.8,7,0,0
1046587,3579,880,2,4,14.6,47321.4,6,0,0
503923,1719,776,2,4,480.0,14961.5,1,0,0
3235793,10738,406,0,3,7800.0,18942.2,1,0,0
1176153,4033,1623,0,3,18368.0,34143.1,1,0,0
3602072,2176,423,0,0,179.6,55715.4,7,0,0
501216,1708,1682,0,3,14422.0,47122.8,1,0,0
1279544,4377,1327,1,4,10326.0,35335.9,1,0,0
874098,2977,1697,1,4,18446.0,33909.8,1,0,0
725157,2482,1710,2,1,85.0,39825.5,3,1,8125150
2592546,8564,1304,2,4,18700.0,39154.2,1,0,0
94449,321,1487,2,4,2080.0,24357.2,1,0,0
776267,2647,1976,2,4,14.6,96317.1,6,0,0
991279,3380,1804,0,3,9846.0,25167.3,1,0,0
940805,3212,621,0,2,3484.0,26471.9,1,3,81040405
946108,3225,729,2,4,14.6,42400.4,6,0,0
1223903,4190,1996,0,3,4300.0,28029.1,1,0,0
1897496,6425,1075,2,1,3057.0,35875.1,8,6,41016417
656045,2242,1452,2,4,7500.0,56033.6,1,0,0
923381,3147,952,0,3,12662.0,49158.0,1,0,0
1159205,3969,2037,2,4,14.6,18163.6,6,0,0
847719,2886,1692,2,4,2400.0,26202.9,1,0,0
3595175,1957,1915,0,0,151.0,36116.4,7,0,0
659827,2252,1611,2,4,14.6,17770.0,6,0,0
917870,3129,1927,2,1,2707.0,18547.0,5,4,18722367
32326,104,1165,2,1,578.0,22481.0,1,7,82782172
1104349,3772,1983,2,4,21100.0,22124.8,1,0,0
1155990,3955,1624,2,1,4129.0,46655.8,5,3,9654927
1137859,3888,476,0,3,2800.0,25700.0,1,0,0
221679,753,1468,0,2,6661.0,28945.7,2,6,68825548
434153,1475,1664,2,4,4200.0,38335.6,1,0,0
251163,861,1935,2,4,12000.0,21036.3,1,0,0
123947,416,1858,2,4,2300.0,10569.8,1,0,0
158253,529,2140,0,3,6100.0,36218.8,1,0,0
178831,604,1469,2,4,7300.0,38570.2,1,0,0
331714,1129,971,2,4,20700.0,43297.2,1,0,0
1897557,6425,928,2,4,5640.0,17298.0,1,0,0
1453490,4948,2066,0,3,13426.0,45784.6,1,0,0
659183,2250,1191,2,1,4182.0,41715.0,5,3,63026058
281679,965,2129,2,4,14.6,18162.4,6,0,0
511268,1750,100,0,3,24863.0,63210.7,1,0,0
1044603,3571,534,2,4,5000.0,24892.1,1,0,0
288662,989,1307,2,4,14.6,14444.3,6,0,0
447313,1519,1990,0,3,31335.0,106093.0,1,0,0
279914,958,2098,2,4,14.6,14621.0,6,0,0
827251,2818,2045,0,2,41022.0,95045.2,1,4,4648572
181132,615,1870,2,1,1787.0,20185.8,0,8,63728749
306043,1043,2068,2,4,14.6,65729.7,6,0,0
1094550,3743,1895,2,1,757.0,39037.0,3,9,71234905
424175,1440,1764,2,4,2300.0,16445.5,1,0,0
742062,2534,589,0,3,5115.0,25861.0,1,0,0
2892,11,1654,2,1,2132.0,32885.6,1,10,38470870
3622191,2770,698,0,0,107.3,25443.0,7,0,0
3677772,6701,1580,0,0,402.4,91578.7,7,0,0
566046,1926,1055,0,3,1300.0,26415.4,1,0,0
3571237,1235,515,0,0,94.9,22729.0,7,0,0
32404,104,1347,2,1,1464.0,18135.6,1,10,8965999
2885277,9548,1799,0,3,27164.0,74573.1,1,0,0
955853,3258,1923,2,1,213.0,97638.1,0,4,98635321
2874837,9513,1737,2,4,9100.0,17564.8,1,0,0
659240,2250,756,2,4,2160.0,33050.3,1,0,0
77115,256,1193,2,4,15400.0,48540.6,1,0,0
772857,2638,1672,2,4,14.6,43727.8,6,0,0
3650400,3639,2190,0,0,93.4,17819.4,7,0,0
2102621,7123,1414,0,3,36576.0,151366.9,1,0,0
3600429,2122,819,0,0,95.8,26731.7,7,0,0
1114491,3806,2037,2,4,14.6,45389.0,6,0,0
174584,588,648,0,3,7634.0,38483.6,1,0,0
842568,2867,484,2,4,14.6,58346.1,6,0,0
434788,1477,1921,2,1,2100.0,15802.2,1,8,39149236
649948,2220,1794,2,4,14.6,15592.8,6,0,0
3639071,3277,2190,0,0,198.8,52559.3,7,0,0
24241,80,1850,2,4,750.0,17903.3,1,0,0
3569976,1196,1399,0,0,169.8,26998.0,7,0,0
1052601,3600,436,2,4,2480.0,24636.2,1,0,0
706790,2420,1691,2,4,3700.0,12706.4,1,0,0
759628,2591,1671,2,4,1800.0,21025.4,1,0,0
2753,10,2068,2,4,14.6,57690.2,6,0,0
268609,920,1484,2,4,2320.0,15127.3,1,0,0
3467389,3838,941,0,0,150.2,36455.3,7,0,0
265471,907,619,2,1,2118.0,28737.7,5,11,56898051
1427359,4863,2006,2,4,14.6,63762.4,6,0,0
383724,1304,1486,0,3,18829.0,46572.7,1,0,0
358260,1217,490,0,2,3161.0,17256.7,1,2,8226746
941548,3213,1345,2,1,1483.0,17795.3,1,1,80640691
539653,1835,1284,0,3,15957.0,37925.5,1,0,0
918159,3130,1682,0,2,6359.0,46852.1,2,10,14970285
303470,1032,1616,2,4,16700.0,115615.5,1,0,0
894559,3050,1772,0,2,41445.0,84090.1,1,4,69871258
940446,3210,910,2,4,3960.0,38700.3,1,0,0
468363,1594,1838,2,4,2600.0,67260.0,1,0,0
1602543,5442,1194,0,3,6299.0,16989.2,1,0,0
212541,721,1956,2,1,2194.0,17459.0,1,11,92811554
574021,1953,1685,2,4,900.0,24890.8,1,0,0
455742,1547,376,2,4,13300.0,33180.9,1,0,0
3468755,4121,1764,0,0,110.7,32443.0,7,0,0
48173,161,1400,2,4,2320.0,18450.1,1,0,0
74388,245,568,2,4,11900.0,33780.6,1,0,0
2733099,9041,1737,1,4,6859.0,93916.9,1,0,0
3677396,6649,1580,0,0,257.5,48501.2,7,0,0
342066,1161,1168,0,2,5921.0,29444.4,2,3,63046806
391592,1332,767,2,1,4755.0,29886.4,5,7,12752318
894694,3050,1502,2,1,9716.0,55939.2,5,1,72762232
3402819,11295,320,2,4,1900.0,39981.0,0,0,0
1245207,4259,1812,2,4,11700.0,60991.2,1,0,0
167998,562,747,0,3,1900.0,32944.4,1,0,0
3570071,1198,1733,0,0,207.1,49961.5,7,0,0
8010,29,1853,2,4,1200.0,28219.1,1,0,0
330117,1125,2045,2,1,238.0,66763.3,0,11,34524190
1560390,5305,1873,1,4,23671.0,24923.3,1,0,0
3663252,4190,1794,0,0,166.3,41564.3,7,0,0
298402,1017,1127,2,4,11400.0,33258.9,1,0,0
798334,2720,1736,2,4,4500.0,70385.2,1,0,0
3443262,1654,1611,0,0,125.3,19531.7,7,0,0
1144961,3916,1952,2,1,1078.0,21658.4,0,11,51592075
271792,930,574,0,3,100.0,30145.0,1,0,0
253943,870,1175,0,3,2900.0,24792.9,1,0,0
500282,1704,1624,2,4,4400.0,20590.9,1,0,0
3557340,824,1641,0,0,113.2,29130.2,7,0,0
632952,2161,1552,2,4,6900.0,23012.7,1,0,0
3564704,1038,1460,0,0,75.0,18121.5,7,0,0
258904,886,880,2,4,14.6,46256.8,6,0,0
1281821,4385,801,0,3,1900.0,26398.3,1,0,0
3651093,3655,1794,0,0,129.0,28587.2,7,0,0
66207,220,570,2,4,400.0,20523.0,1,0,0
3453616,6473,545,0,0,86.3,55882.7,7,0,0
42557,142,1101,0,2,4555.0,21302.9,2,9,39513594
338208,1147,879,2,4,23900.0,51393.8,1,0,0
1363144,4650,1137,2,4,5100.0,29355.6,1,0,0
496498,1692,1764,2,4,14.6,39975.6,6,0,0
698487,2389,1556,0,3,21496.0,64683.3,1,0,0
730532,2497,1776,2,1,3970.0,25209.9,5,5,38673484
931110,3173,775,2,4,960.0,13793.8,1,0,0
181208,615,2068,2,4,14.6,23136.8,6,0,0
3663323,4237,2098,0,0,123.5,28408.5,7,0,0
508383,1738,1794,2,4,330.0,13766.0,1,0,0
3618397,2655,1856,0,0,144.3,27186.3,7,0,0
75626,251,2173,2,4,2640.0,35314.8,1,0,0
3253611,10807,1429,2,4,14.6,41633.5,6,0,0
1579228,5369,325,2,4,3200.0,31228.9,1,0,0
3618473,2661,1856,0,0,69.6,13526.2,7,0,0
1223650,4190,1593,2,1,1100.0,34017.8,0,7,24471074
142412,477,1373,2,1,463.0,46722.2,3,5,25759440
949,3,1847,2,4,3360.0,17370.4,1,0,0
535706,1824,981,2,4,10000.0,37129.9,1,0,0
2438324,8039,1715,2,1,3900.5,33198.5,8,11,23606485
1279694,4377,1307,2,4,14.6,77627.9,6,0,0
146734,491,1497,2,4,10500.0,44819.2,1,0,0
416738,1414,1894,2,1,1920.0,29232.1,5,1,31974488
3650423,3640,1002,0,0,97.6,20048.6,7,0,0
3213504,10663,1117,2,4,6300.0,50534.9,1,0,0
156235,522,1293,2,4,7000.0,34455.3,1,0,0
1959138,6636,788,2,4,30.0,18363.0,6,0,0
1387305,4727,1912,1,4,5890.0,30417.6,1,0,0
790911,2697,495,2,1,378.0,29204.9,5,4,87258666
947084,3228,1562,2,1,3847.0,42126.5,5,2,86360150
1121603,3832,1958,0,3,7780.0,27742.3,1,0,0
3632696,3094,729,0,0,147.5,37256.5,7,0,0
3551558,636,1794,0,0,64.9,16036.1,7,0,0
3559635,887,1215,0,0,65.4,14879.6,7,0,0
630875,2154,952,0,2,3189.0,22023.1,1,4,62511837
314341,1073,1381,2,1,3843.0,41181.6,5,8,88794773
1579102,5369,1095,2,4,1800.0,27357.4,1,0,0
3431106,11382,2078,0,2,30832.0,54786.2,1,9,62510245
851667,2902,1368,2,4,14.6,26077.6,6,0,0
703442,2410,2068,2,4,14.6,70715.9,6,0,0
1029977,3518,1658,2,4,22600.0,36314.4,1,0,0
617197,2105,1224,0,2,4718.0,14691.9,2,10,42526793
296377,1011,861,2,1,7085.0,55505.5,5,12,17116374
3495324,8026,1672,0,0,213.0,51484.0,7,0,0
468343,1594,1686,2,1,54.0,65394.3,3,2,79126387
599805,2041,1094,2,4,14.6,39492.0,6,0,0
47531,160,2049,0,3,11889.0,97671.2,1,0,0
3596831,2002,1338,0,0,107.0,26574.1,7,0,0
1897367,6425,1526,0,3,12368.0,36548.6,1,0,0
1077138,3679,1983,2,1,5148.0,38413.4,0,8,62108045
721553,2471,1862,0,2,43595.0,97121.3,1,13,34965741
3018900,10005,2171,2,1,5854.2,61114.0,8,12,1889122
2586513,8547,1580,2,4,10800.0,89706.1,1,0,0
1125691,3845,1285,0,3,24542.0,40716.8,1,0,0
93674,319,2127,0,3,16040.0,109850.4,1,0,0
329531,1123,604,2,4,7000.0,29676.7,1,0,0
734654,2510,1840,2,4,1300.0,35207.8,1,0,0
332947,1133,1834,0,2,4498.0,18925.7,2,2,86693453
411309,1401,1104,0,2,6850.0,42173.0,2,11,56034910
429963,1460,1928,2,1,3417.0,19733.5,5,11,8283299
1063972,3635,2159,2,4,14.6,15343.1,6,0,0
550089,1874,100,0,2,3151.0,3551.0,1,13,74529486
967282,3296,1405,2,1,5091.0,93323.3,5,2,53869980
347986,1180,1799,0,3,22809.0,74011.4,1,0,0
2259197,7454,1856,2,4,14.6,15007.5,6,0,0
1530624,5213,1559,2,4,20500.0,40959.3,1,0,0
3451820,5369,333,0,0,123.0,31351.9,7,0,0
1081467,3693,2042,2,1,8992.0,100544.1,5,4,36411053
924032,3148,1832,2,4,5300.0,12206.4,1,0,0
271964,931,1594,0,3,5211.0,25011.8,1,0,0
3459516,122,1856,0,0,199.7,45702.1,7,0,0
3561242,930,637,0,0,133.5,27939.6,7,0,0
2144359,7262,1823,2,4,960.0,36832.8,1,0,0
3607056,2331,1185,0,0,63.1,15090.0,7,0,0
1504565,5129,484,2,4,14.6,25919.9,6,0,0
2314841,7636,1618,1,4,5926.0,42011.4,1,0,0
672700,2297,1468,2,4,3600.0,11441.6,1,0,0
969824,3305,1222,2,4,5400.0,24900.3,1,0,0
185699,629,1587,2,1,1500.0,15768.4,0,12,2222919
953223,3250,1105,2,4,1360.0,25195.4,1,0,0
3635202,3169,1884,0,0,99.9,28964.1,7,0,0
429811,1459,1745,2,1,582.0,16912.3,1,8,25038093
2414853,7965,311,0,3,200.0,200.0,1,0,0
292602,1000,1704,2,4,13800.0,52330.9,1,0,0
671546,2293,1100,2,1,2332.0,10391.2,5,5,36960655
3570290,1204,607,0,0,191.5,34503.6,7,0,0
811502,2764,1988,2,1,1024.0,42460.5,5,10,22728401
2042212,6922,1592,0,3,1100.0,1100.0,1,0,0
188634,638,1429,2,4,14.6,30960.8,6,0,0
3681721,3273,1945,0,0,68.6,15408.6,7,0,0
612131,2085,1856,2,4,14.6,21896.3,6,0,0
992508,3386,2073,2,4,4800.0,2418.5,1,0,0
217289,738,681,2,4,19200.0,44580.4,1,0,0
110426,373,1516,2,4,3600.0,13349.3,1,0,0
382559,1299,1010,2,1,2291.0,22553.6,0,4,4791987
1988764,6738,1075,2,1,3159.0,67963.5,8,10,11352903
674197,2303,1703,2,4,14.6,39805.4,6,0,0
664774,2269,1915,2,4,14.6,25490.3,6,0,0
2984392,9883,1015,2,1,1780.0,36683.3,0,2,12663782
158509,531,1922,0,2,3216.0,29963.5,1,13,11388463
156513,523,1703,2,4,14.6,75557.0,6,0,0
193307,655,391,2,4,2700.0,37107.6,1,0,0
1102828,3767,1314,2,1,881.0,31558.6,5,10,48275125
893663,3047,522,0,2,3474.0,21193.8,1,6,47210419
215637,732,1850,2,4,3480.0,23033.3,1,0,0
3446905,1511,729,0,0,322.8,28953.1,7,0,0
863370,2939,2119,2,4,3000.0,15783.1,1,0,0
602164,2050,1405,2,4,3200.0,44553.1,1,0,0
1165969,3995,1491,2,4,14.6,19766.6,6,0,0
1657563,5622,1424,2,4,7800.0,56579.9,1,0,0
870642,2965,1338,2,4,14.6,27555.7,6,0,0
283527,973,1723,2,4,3000.0,29800.8,1,0,0
59754,199,1465,0,2,2977.0,9631.0,1,9,18829322
3580326,1515,395,0,0,161.6,21861.2,7,0,0
551016,1877,405,0,2,6485.0,13670.0,2,4,20643180
80039,268,1866,2,1,3121.0,25272.6,5,8,4418570
640679,2187,2163,2,4,5600.0,70119.8,1,0,0
1006239,3435,1368,2,4,14.6,22422.6,6,0,0
476413,1624,1926,2,1,1017.0,20001.4,5,2,17034912
801257,2732,865,2,4,33800.0,81107.1,1,0,0
999588,3413,2141,2,1,4359.0,111708.1,5,10,21769154
543227,1848,1989,2,1,3473.0,21975.0,5,6,94460415
805648,2745,2098,2,4,14.6,46874.5,6,0,0
3677212,6609,972,0,0,250.6,98660.8,7,0,0
402044,1369,2140,0,3,11615.0,57681.6,1,0,0
2355547,7769,1684,2,1,4085.0,51056.8,8,8,57404768
398781,1358,1685,2,1,2980.0,28749.4,5,4,97084825
678361,2318,1869,2,1,5191.0,40452.8,0,5,95490520
436446,1483,2111,0,3,6995.0,57398.9,1,0,0
3182370,10558,1175,0,3,29165.0,40065.0,1,0,0
3509949,9307,910,0,0,132.5,34276.3,7,0,0
234313,798,1859,2,4,360.0,37216.2,1,0,0
488545,1666,747,2,4,1920.0,25983.6,1,0,0
892674,3042,823,2,4,2520.0,22652.9,1,0,0
582142,1980,1893,2,1,6879.0,18362.2,5,6,11773962
565976,1926,1063,2,4,14.6,26501.9,6,0,0
160840,539,1703,2,4,100.0,68360.0,6,0,0
3469483,4264,1976,0,0,277.2,62405.0,7,0,0
943659,3219,2173,0,3,30399.0,42671.7,1,0,0
1029719,3517,1560,2,4,1320.0,42157.5,1,0,0
443158,1507,1002,2,4,14.6,32516.8,6,0,0
130232,437,832,2,1,2248.0,68695.7,5,2,83092337
3618195,2650,1794,0,0,186.0,43603.6,7,0,0
466428,1588,2104,0,2,3665.0,19005.4,1,2,53922432
153935,516,2141,2,1,3736.0,28475.7,5,2,22182691
59084,197,2048,2,1,9454.0,42300.1,5,3,67286312
374611,1276,645,0,3,6774.0,33672.7,1,0,0
668537,2282,1224,2,4,12900.0,30317.9,1,0,0
803863,2739,2046,2,1,4173.0,34484.1,0,1,56375890
997001,3403,1795,0,3,41770.0,71863.2,1,0,0
3654365,3752,1338,0,0,262.6,59272.5,7,0,0
1106051,3778,972,2,4,14.6,54906.9,6,0,0
343459,1164,1668,2,4,1900.0,30989.0,1,0,0
238873,816,1928,2,4,2200.0,76369.1,1,0,0
441274,1499,576,2,4,14.6,31134.8,6,0,0
3653683,3735,1550,0,0,296.8,104485.5,7,0,0
3469765,4321,484,0,0,382.4,103189.5,7,0,0
1850575,6265,1456,2,4,26100.0,88058.0,1,0,0
611767,2083,1996,2,4,20100.0,28722.7,1,0,0
2675987,8856,1926,2,4,1800.0,76884.4,5,0,0
448925,1527,1234,0,3,33366.0,54384.6,1,0,0
790287,2695,285,0,3,20806.0,21506.0,1,0,0
987100,3367,1869,0,3,22608.0,99218.5,1,0,0
3293182,10942,2006,2,4,30.0,98809.8,6,0,0
397907,1353,1827,2,4,2200.0,24465.9,1,0,0
3657832,3854,1915,0,0,98.5,24572.6,7,0,0
264581,903,972,2,4,14.6,19904.8,6,0,0
886292,3020,1796,2,4,22500.0,65637.3,1,0,0
547947,1865,1112,2,4,1400.0,24997.8,1,0,0
595228,2026,1527,2,1,3387.0,40458.4,0,13,17594266
996434,3401,2106,2,1,4247.0,57298.6,5,8,90434562
863032,2938,891,2,4,9900.0,54337.5,1,0,0
3644506,3463,1976,0,0,123.8,29787.2,7,0,0
1082409,3697,857,0,3,13067.0,42242.9,1,0,0
584753,1990,736,2,4,390.0,24661.8,1,0,0
147777,494,764,1,4,21699.0,34465.3,1,0,0
3353234,11135,1842,2,4,4200.0,47301.3,1,0,0
467928,1592,743,2,4,640.0,22780.0,1,0,0
339205,1151,1464,2,4,6400.0,55894.8,1,0,0
240125,819,1307,2,4,14.6,44827.1,6,0,0
988292,3370,919,0,2,23855.0,50855.3,1,3,90757017
524384,1788,1550,2,4,14.6,17203.2,6,0,0
918293,3130,1564,2,4,2200.0,37583.2,1,0,0
396806,1350,1682,2,1,6875.0,75274.6,5,7,23763126
1681827,5700,972,2,4,14.6,36103.2,6,0,0
891510,3039,1739,0,3,9403.0,51028.3,1,0,0
906188,3088,1432,2,4,3360.0,31033.3,1,0,0
111895,378,1381,2,4,3600.0,62484.3,1,0,0
857018,2921,1703,2,4,14.6,28744.2,6,0,0
3610929,2446,1703,0,0,177.7,42281.4,7,0,0
3477398,8899,1215,0,0,275.5,57194.8,7,0,0
1282010,4385,1368,2,4,14.6,37970.3,6,0,0
483754,1646,1862,1,4,12622.0,30287.3,1,0,0
546283,1859,1769,2,1,2826.0,20117.6,5,12,63530605
836501,2847,1062,2,4,7100.0,25979.7,1,0,0
865211,2945,1460,2,4,14.6,22684.7,6,0,0
826902,2817,2185,2,5,600.0,75904.7,1,0,0
2652394,8772,1585,2,4,1900.0,13796.3,1,0,0
3619267,2686,1125,0,0,16.6,6812.6,7,0,0
810890,2763,790,0,3,44478.0,128341.2,1,0,0
3527310,11065,607,0,0,130.7,30030.4,7,0,0
855705,2915,1223,2,4,42100.0,71534.3,1,0,0
1401648,4774,678,2,4,5300.0,25957.8,1,0,0
56756,189,1989,2,4,28320.0,28912.8,1,0,0
533242,1816,315,0,2,4236.0,9486.1,2,5,74559592
1531170,5215,1284,2,1,5315.0,33442.8,0,9,81640040
612469,2087,2088,0,3,13264.0,61947.8,1,0,0
1781789,6040,1945,2,4,14.6,19520.7,6,0,0
1061998,3629,2170,0,2,23810.0,29656.9,1,12,68042999
3659940,3923,1307,0,0,147.5,35640.0,7,0,0
1150556,3935,515,2,4,14.6,25401.9,6,0,0
1006424,3436,1990,2,1,2243.0,32288.2,5,4,61714267
869774,2962,1850,0,3,35216.0,69436.1,1,0,0
104486,356,2096,2,4,14700.0,51123.0,1,0,0
1056071,3612,1011,0,3,14259.0,39979.2,1,0,0
123292,414,2113,2,4,4800.0,46486.4,1,0,0
3648595,3590,1460,0,0,203.1,39312.0,7,0,0
3595210,1958,1580,0,0,145.8,35984.2,7,0,0
3573574,1306,1733,0,0,106.3,24279.3,7,0,0
3605062,2267,1033,0,0,104.6,26691.1,7,0,0
791287,2697,866,2,4,1900.0,27026.5,1,0,0
722615,2473,1987,2,4,210.0,19903.3,1,0,0
189007,640,322,2,4,2240.0,19227.0,1,0,0
3598273,2046,1856,0,0,96.1,20835.5,7,0,0
465192,1583,1164,2,4,8100.0,6274.9,1,0,0
652667,2230,1840,2,4,800.0,31366.0,1,0,0
249681,857,1474,2,1,3019.0,16514.3,5,1,51452183
734915,2511,2138,0,3,13397.0,44867.7,1,0,0
39566,128,137,0,3,600.0,19476.3,1,0,0
956613,3260,949,0,3,32856.0,104470.7,1,0,0
649383,2219,1828,2,5,6300.0,48917.8,1,0,0
988853,3371,1069,2,1,11549.0,59317.0,5,10,31096357
3527868,11123,1915,0,0,94.2,38193.9,7,0,0
3574605,1338,1185,0,0,106.7,31283.7,7,0,0
282530,969,2177,0,3,1300.0,65193.2,1,0,0
1100376,3759,362,0,3,600.0,600.0,1,0,0
452515,1538,1817,0,3,49598.0,152840.7,1,0,0
917859,3129,1592,2,1,2707.0,25872.2,5,4,18722367
120900,405,2106,2,1,3579.0,38691.3,3,6,1622963
814311,2772,1684,0,3,11392.0,36757.3,1,0,0
471780,1605,1099,2,1,3353.0,51679.5,5,3,28789526
231727,789,1258,0,3,8538.0,18213.4,1,0,0
3468955,4173,1368,0,0,49.4,12268.5,7,0,0
3571226,1234,1915,0,0,88.6,23583.7,7,0,0
3324340,11042,1585,0,2,36191.0,90703.5,1,1,80826598
416136,1412,1185,2,4,14.6,24931.9,6,0,0
1548563,5269,1647,2,1,7260.0,28208.3,0,8,84263461
206587,701,849,2,4,14.6,28942.8,6,0,0
3604975,2263,1307,0,0,239.4,44063.3,7,0,0
474627,1617,754,2,4,1600.0,23583.9,1,0,0
275348,943,1252,0,2,3217.0,21511.1,1,8,70103525
3302679,10973,1612,0,3,20937.0,55190.2,1,0,0
3440618,1077,1825,0,0,311.3,67212.7,7,0,0
432811,1470,1665,2,4,3700.0,31373.5,1,0,0
260243,891,2134,2,1,1784.0,37274.9,5,7,68707388
3451692,5343,1550,2,4,56.1,-4129.1,4,0,0
1074820,3673,2110,2,1,1939.0,23559.8,5,7,41758221
3550115,594,1945,0,0,97.4,24099.6,7,0,0
260851,893,1742,0,3,22130.0,85985.7,1,0,0
2967383,9828,1075,2,4,10800.0,29133.4,1,0,0
600880,2045,2129,2,4,14.6,14234.3,6,0,0
374423,1275,1499,0,2,5447.0,24010.8,2,8,12421352
748005,2551,2014,2,1,2818.0,67297.0,0,12,38843870
1042411,3566,1533,0,3,5355.0,15475.9,1,0,0
3682656,9017,1884,0,0,25.9,7822.5,7,0,0
161621,541,1347,2,1,72.0,43351.3,0,12,97620743
266276,910,2006,2,4,14.6,36803.7,6,0,0
3561400,933,1611,0,0,126.8,31399.6,7,0,0
622909,2124,994,2,4,5640.0,44784.7,1,0,0
2820564,9337,735,0,3,12900.0,18732.2,1,0,0
3660374,3937,1185,0,0,25.2,16639.1,7,0,0
886399,3021,1957,2,1,3241.8,21997.9,8,1,86677175
194174,657,759,0,3,5000.0,17938.8,1,0,0
3610976,2448,2129,0,0,67.2,16544.7,7,0,0
643879,2199,223,0,2,3747.0,4847.0,1,5,18111872
500592,1705,467,2,4,6300.0,35742.0,1,0,0
3468280,4055,2159,0,0,66.1,18465.8,7,0,0
403286,1373,2137,2,1,1628.0,16318.2,5,7,6348324
3648495,3585,2006,0,0,142.6,32087.0,7,0,0
583181,1984,2068,2,4,14.6,51253.9,6,0,0
1109539,3788,168,0,3,1000.0,26865.5,1,0,0
498886,1700,1866,0,3,22946.0,54668.3,1,0,0
421807,1431,1933,0,3,1200.0,13652.8,1,0,0
3652002,3684,1580,0,0,87.5,22662.6,7,0,0
942907,3216,1012,2,4,4800.0,29258.2,1,0,0
806731,2749,2094,0,3,16230.0,90838.6,1,0,0
657361,2246,2014,0,3,9860.0,25129.4,1,0,0
1158171,3965,1856,2,4,14.6,17992.6,6,0,0
847703,2886,1212,2,4,3600.0,31897.3,1,0,0
3562716,977,1519,0,0,220.5,54944.7,7,0,0
278514,953,1491,2,4,14.6,35406.6,6,0,0
1076287,3677,1440,0,2,3425.0,14095.4,1,6,78434604
579548,1972,749,2,4,720.0,15127.6,1,0,0
900197,3067,1520,0,3,5800.0,12501.0,1,0,0
3459825,167,2129,0,0,355.3,97815.3,7,0,0
622282,2123,206,0,3,900.0,900.0,1,0,0
513499,1757,1115,2,4,11400.0,34461.2,1,0,0
949380,3236,2129,2,4,14.6,16248.2,6,0,0
2593529,8566,2037,2,4,14.6,14655.9,6,0,0
571609,1944,1782,2,4,8600.0,45115.0,1,0,0
185611,629,738,2,1,1207.0,13923.0,5,9,91464036
3521320,10439,1185,0,0,153.0,37984.3,7,0,0
124533,419,1110,2,4,5000.0,23994.7,1,0,0
3466775,3656,2068,0,0,105.9,27651.8,7,0,0
2035016,6897,1454,2,4,8400.0,58133.5,1,0,0
846286,2881,1491,2,4,14.6,30108.8,6,0,0
498529,1699,2048,2,1,3463.0,22102.6,5,5,62475007
865422,2946,1884,2,4,14.6,14660.2,6,0,0
2258946,7454,953,2,1,471.0,13863.2,0,1,52242457
3591977,1860,1672,0,0,72.4,17891.9,7,0,0
3647398,3551,1794,0,0,139.3,31010.4,7,0,0
416490,1413,2136,2,1,620.0,24069.2,3,10,30746954
362216,1231,1205,2,4,5040.0,43714.2,1,0,0
924030,3148,1772,2,4,3800.0,17259.7,1,0,0
939993,3208,1952,0,3,36897.0,52761.2,1,0,0
3467215,3821,1703,0,0,124.1,26606.9,7,0,0
3545590,452,2159,0,0,253.7,60048.7,7,0,0
1007487,3440,1491,2,4,14.6,28865.3,6,0,0
2539643,8381,2157,1,4,3248.0,30036.1,1,0,0
3629842,3006,1429,0,0,134.2,32479.9,7,0,0
489576,1671,1624,2,1,2507.0,23683.3,5,1,10778803
3654084,3746,1976,0,0,354.0,78354.6,7,0,0
585873,1994,1252,2,1,18.0,37731.4,3,12,14715516
998325,3408,1856,2,4,14.6,22200.2,6,0,0
791582,2699,1647,2,1,3743.0,40319.7,5,5,10817695
659778,2252,2080,2,1,1469.0,21733.7,0,12,61189848
812385,2768,1778,2,4,1140.0,36316.1,1,0,0
375359,1277,1111,2,4,1040.0,26283.3,1,0,0
914455,3116,1310,2,4,17700.0,49628.9,1,0,0
1316185,4493,1623,2,4,27800.0,55376.4,1,0,0
872958,2973,2080,2,1,4373.0,30805.0,5,5,8758783
69205,230,2037,2,4,14.6,35705.1,6,0,0
1146838,3923,681,2,1,5037.0,52715.1,5,10,4434031
468119,1593,1925,0,2,3130.0,16229.8,1,7,31771886
167592,560,1111,2,4,5000.0,30768.7,1,0,0
630080,2151,1927,0,3,10104.0,23800.0,1,0,0
1045378,3575,1929,2,1,5070.0,30941.6,5,5,97652846
3575751,1381,515,0,0,93.4,20918.0,7,0,0
3450914,4659,2037,0,0,264.4,81833.7,7,0,0
1059071,3620,1844,2,4,450.0,16245.0,1,0,0
946806,3227,2112,2,1,1662.0,74129.5,0,5,5033845
51224,172,1746,2,1,4221.0,38229.2,5,8,11598539
1037241,3548,1221,0,2,6022.0,28687.8,2,7,66209596
1265782,4329,1016,0,3,1000.0,21837.6,1,0,0
451698,1535,515,2,4,14.6,25210.8,6,0,0
798370,2720,1762,2,4,21600.0,123094.2,1,0,0
400838,1365,1439,2,4,2900.0,31681.5,1,0,0
339912,1153,2079,2,1,4918.0,23991.8,5,9,24663144
740170,2527,1826,2,4,2400.0,81712.1,1,0,0
85114,285,1976,2,4,14.6,74835.2,6,0,0
930198,3170,1801,2,1,4187.0,32599.9,5,2,79496711
609357,2074,2169,2,1,2568.0,66501.6,0,3,58509194
736380,2515,1848,2,5,1800.0,8831.8,1,0,0
132990,445,1439,2,4,3100.0,33671.8,1,0,0
344998,1168,1871,2,4,2200.0,17427.4,1,0,0
486,2,1981,2,1,7266.0,29501.7,5,9,13943797
2522059,8321,545,2,4,14.6,29415.9,6,0,0
378104,1286,596,2,4,11000.0,40545.0,1,0,0
303879,1035,1832,2,4,2900.0,38765.0,1,0,0
119976,402,1952,2,1,2211.0,35723.5,0,2,98438930
601114,2046,1745,2,4,100.0,22103.3,1,0,0
169764,569,1778,0,2,3111.0,31410.7,1,7,63765591
159022,533,1009,2,1,1319.0,22747.7,5,3,5924845
347937,1180,308,0,3,15206.0,52924.1,1,0,0
537064,1828,1255,2,1,1613.0,22627.2,0,11,98265254
2628071,8688,1825,2,4,14.6,49467.7,6,0,0
361597,1228,1063,2,4,14.6,30073.8,6,0,0
775266,2645,892,2,1,5457.0,33488.2,3,12,18570590
1014208,3467,1381,2,1,2899.0,23797.6,5,5,66278958
1314492,4488,1209,0,3,600.0,600.0,1,0,0
804454,2741,541,1,4,11228.0,80222.5,1,0,0
1023977,3495,2102,2,4,14700.0,38340.3,1,0,0
237682,813,983,0,2,12154.0,47809.7,1,9,19537103
80975,272,2075,2,1,7454.0,8724.6,5,5,15116119
3657551,3846,1794,0,0,52.8,13030.5,7,0,0
691384,2362,1771,2,4,270.0,17227.5,1,0,0
283731,974,972,2,4,14.6,43840.5,6,0,0
3660681,3946,1338,0,0,41.3,18103.3,7,0,0
1117713,3818,690,2,4,6300.0,38126.4,1,0,0
77972,259,698,2,4,14.6,21310.1,6,0,0
573549,1951,1919,2,4,17700.0,47068.5,1,0,0
3242340,10762,1837,2,1,1912.0,36495.0,8,13,96996306
3565381,1056,1945,0,0,10.3,2442.3,7,0,0
1058313,3618,2172,0,3,25406.0,97077.3,1,0,0
1139902,3896,1496,2,1,1642.0,61440.6,0,7,53936433
1811129,6138,1894,2,1,10869.0,10140.8,5,12,42320823
3545172,443,364,0,0,80.3,20086.3,7,0,0
3369140,11186,1285,0,2,39247.0,97269.4,1,2,4517418
2181,9,1079,0,3,45691.0,78519.4,1,0,0
443359,1508,1997,0,3,49784.0,102291.1,1,0,0
4831,19,1486,2,4,2100.0,8636.2,1,0,0
14287,47,908,2,4,40500.0,42674.3,1,0,0
646022,2206,1341,2,4,1200.0,33258.5,1,0,0
792144,2700,1896,2,1,2323.0,62134.3,0,8,33791315
767978,2622,1609,2,4,5880.0,16952.7,1,0,0
3468106,4000,1884,0,0,341.1,85428.2,7,0,0
584120,1988,2082,0,3,4007.0,30314.0,1,0,0
1599472,5429,1550,2,4,14.6,12465.1,6,0,0
1309981,4473,1257,2,1,3525.0,72638.2,0,6,69761729
1387935,4729,1834,2,4,4200.0,24715.9,1,0,0
738661,2523,1410,2,1,41.0,17574.1,3,6,57632476
716252,2453,545,2,4,14.6,20618.9,6,0,0
3317983,11021,2068,2,4,14.6,57388.4,6,0,0
3635043,3162,1672,0,0,207.4,43259.8,7,0,0
378545,1287,1764,2,4,14.6,37991.8,6,0,0
20007,67,893,2,1,445.0,52613.7,0,11,59079301
3568143,1136,423,0,0,220.3,58361.6,7,0,0
2347271,7745,1733,2,4,14.6,20323.4,6,0,0
1090755,3728,1884,2,4,14.6,26957.1,6,0,0
696130,2379,1154,2,4,14.6,13220.0,6,0,0
171176,574,369,2,4,4200.0,33053.8,1,0,0
833956,2839,1989,2,1,3157.0,40846.1,5,2,85834467
3633014,3104,1611,0,0,5.8,14411.8,7,0,0
788106,2686,1735,2,4,5600.0,12394.8,1,0,0
3463184,2708,1276,0,0,164.9,49104.0,7,0,0
1230943,4214,1248,0,3,18830.0,86291.7,1,0,0
3647133,3545,1672,0,0,164.8,36652.9,7,0,0
2078171,7045,1930,1,4,14878.0,72475.1,1,0,0
2384101,7861,1281,2,1,26.0,42557.7,3,12,69198441
961933,3277,2006,2,4,14.6,40801.3,6,0,0
43542,146,828,2,1,3823.0,17489.3,5,1,76565843
163379,545,1580,2,4,14.6,33935.6,6,0,0
1578296,5366,1927,0,3,36905.0,51738.7,1,0,0
1026751,3506,1592,0,3,11470.0,11970.0,1,0,0
621868,2122,465,2,1,7663.0,60415.2,5,11,7883274
3639164,3283,119,0,0,16.0,19183.0,7,0,0
3646388,3522,1491,0,0,103.4,24665.9,7,0,0
280207,960,1504,0,2,40011.0,64030.8,1,9,1786172
3578448,1460,1825,0,0,100.7,24602.2,7,0,0
519320,1773,1896,2,1,2877.0,14223.0,5,10,35383325
3094762,10266,691,1,4,2023.0,49182.6,1,0,0
402637,1371,1033,2,4,14.6,19354.5,6,0,0
186152,630,607,2,4,14.6,19604.2,6,0,0
33853,108,918,2,4,14200.0,42923.8,1,0,0
3629620,2991,2098,0,0,197.2,17752.9,7,0,0
41028,135,1317,0,3,4451.0,47119.3,1,0,0
498483,1699,648,2,1,3463.0,17067.9,5,5,62475007
471240,1604,1533,0,3,17735.0,37111.8,1,0,0
151089,504,333,2,4,14.6,18589.4,6,0,0
843769,2872,1588,2,1,4040.0,16711.9,5,2,99307715
691898,2364,1769,2,1,2033.0,21879.1,5,2,33847505
1321544,4511,538,2,4,2100.0,30665.4,1,0,0
1225459,4195,1460,2,4,14.6,53626.6,6,0,0
424503,1441,992,2,4,1900.0,27107.4,1,0,0
629802,2150,2171,2,1,2019.0,14657.9,5,1,37624383
86806,290,555,2,1,3274.0,48476.5,0,5,5267882
861231,2933,211,2,4,3200.0,45022.0,1,0,0
3182510,10558,1317,2,4,5400.0,36648.2,1,0,0
2108347,7136,1703,2,4,30.0,51537.8,6,0,0
238198,814,1628,2,4,8400.0,28221.0,1,0,0
3555618,763,1491,0,0,86.2,14124.5,7,0,0
3568245,1139,1703,0,0,263.6,33663.0,7,0,0
1246515,4264,2106,0,3,21500.0,73741.0,1,0,0
1119540,3824,1073,2,4,700.0,25101.8,1,0,0
3653911,3743,1672,0,0,76.0,14001.6,7,0,0
447130,1518,2068,2,4,14.6,88405.3,6,0,0
2729767,9030,1837,2,1,3242.0,50789.7,8,11,13342953
2791366,9241,1896,2,1,4753.7,52753.2,8,10,73753130
700273,2396,2048,2,1,2548.0,22373.0,5,1,75456380
503412,1716,2129,2,4,14.6,31558.8,6,0,0
808277,2754,1560,2,1,2882.0,21613.8,5,7,10118246
796204,2712,1773,2,1,2976.0,13962.6,5,3,14783954
3628210,2951,1945,0,0,254.2,54096.4,7,0,0
791162,2697,1854,2,4,1800.0,39973.3,1,0,0
566553,1929,1987,0,2,3860.0,57531.6,1,10,86022626
31463,102,1539,0,3,6728.0,36122.7,1,0,0
3640265,3316,545,0,0,147.1,41281.8,7,0,0
1161587,3977,484,2,4,14.6,18285.7,6,0,0
907214,3091,576,2,4,14.6,40911.2,6,0,0
521823,1780,1741,2,4,13800.0,93115.0,1,0,0
1814637,6148,1285,2,1,7847.0,38996.9,5,13,26888096
260836,893,1285,0,3,22130.0,76138.6,1,0,0
242943,832,1868,2,1,2135.0,15419.4,5,4,30598807
1343044,4589,1124,2,4,1680.0,13456.8,1,0,0
1125706,3845,1742,0,3,24542.0,50808.2,1,0,0
246061,844,2098,2,4,14.6,50829.3,6,0,0
279405,956,1388,0,3,1400.0,45941.8,1,0,0
2820299,9337,458,2,4,1600.0,45790.6,1,0,0
62247,207,1562,0,3,5135.0,18204.9,1,0,0
1042838,3566,1329,2,4,3100.0,12513.9,1,0,0
223966,762,1276,2,4,14.6,18098.4,6,0,0
3584464,1642,1703,0,0,91.2,22217.3,7,0,0
2524866,8330,1137,2,1,3708.0,31120.1,5,3,78180604
324867,1109,1954,0,3,17921.0,67752.0,1,0,0
3489021,7485,333,0,0,173.7,42538.9,7,0,0
65394,218,1766,0,3,42694.0,122619.6,1,0,0
1784587,6051,376,2,4,2160.0,14653.5,1,0,0
469941,1601,1498,0,2,4042.0,19871.9,2,2,45886778
3145815,10440,1287,2,1,1950.0,37727.5,0,5,96339386
298899,1018,1503,2,4,3800.0,13515.9,1,0,0
634229,2167,1343,0,3,24368.0,59656.7,1,0,0
1131709,3868,885,0,2,5362.0,27586.5,2,6,47036463
892234,3041,1497,2,1,743.0,26822.1,3,7,11865109
1879486,6363,772,2,1,1459.0,50679.5,8,11,2478039
214961,730,1386,1,4,17804.0,53111.6,1,0,0
1644183,5574,1503,2,1,3719.0,76833.0,8,2,52011740
603212,2052,1222,2,4,3400.0,47870.2,1,0,0
3539310,266,2129,0,0,271.2,59388.3,7,0,0
392499,1334,253,2,4,2900.0,29939.2,1,0,0
449261,1527,740,2,4,3600.0,27491.0,1,0,0
3592867,1891,1611,0,0,294.8,72442.2,7,0,0
715329,2448,1680,0,2,3390.0,11170.0,1,4,95418810
3677672,6688,1580,0,0,116.1,29576.4,7,0,0
223179,759,895,2,4,1170.0,31700.1,1,0,0
3463165,2684,2159,0,0,171.6,41347.8,7,0,0
970970,3309,1863,0,3,15303.0,31395.4,1,0,0
610375,2078,2166,2,1,3598.0,45172.4,5,4,3833902
702472,2406,1826,2,4,1520.0,14181.4,1,0,0
695646,2378,2130,2,4,7900.0,47227.9,1,0,0
228523,775,1166,2,4,15700.0,41342.7,1,0,0
3665220,4511,303,0,0,12.4,15334.4,7,0,0
108677,368,1377,2,1,742.0,9553.2,0,3,27974027
847710,2886,1422,0,3,5000.0,28310.4,1,0,0
131491,441,566,2,4,9000.0,38349.8,1,0,0
204037,692,2159,2,4,14.6,12255.0,6,0,0
580579,1975,1034,2,4,8700.0,26619.7,1,0,0
61998,206,2042,2,1,2902.0,15250.5,5,6,75771987
1614260,5481,484,2,4,14.6,33754.8,6,0,0
262862,899,1480,2,4,3600.0,24548.3,1,0,0
553615,1884,1985,2,4,10800.0,25568.5,1,0,0
237779,813,1737,2,4,1900.0,35208.7,1,0,0
123281,414,1783,2,4,2700.0,21279.0,1,0,0
326476,1115,1995,2,4,2820.0,18391.3,1,0,0
1071463,3660,1550,2,4,14.6,26701.9,6,0,0
1543,6,2004,2,4,2480.0,35429.1,1,0,0
3532083,48,1825,0,0,196.5,49219.0,7,0,0
3584906,1659,1641,0,0,93.3,15470.1,7,0,0
956018,3258,335,2,4,2900.0,27268.7,1,0,0
901694,3072,845,2,4,18300.0,33045.8,1,0,0
1034752,3538,755,2,4,1800.0,52235.3,1,0,0
3511350,9455,1884,0,0,209.4,52934.8,7,0,0
1118709,3822,1224,0,2,17347.0,37698.8,1,2,19595277
689793,2356,1902,0,3,800.0,29685.8,1,0,0
856401,2918,2076,2,1,10487.0,20243.6,5,1,49901193
2477334,8173,735,1,4,11078.0,78007.4,1,0,0
382428,1299,1407,0,2,3913.0,16440.2,1,2,49405068
1076181,3676,1581,2,4,1920.0,13232.2,1,0,0
1162881,3981,1167,2,1,1383.0,16906.5,1,1,83879112
1076854,3678,1672,2,4,14.6,-5376.9,6,0,0
682021,2327,1598,2,4,1400.0,18006.7,1,0,0
349752,1188,2167,0,3,9948.0,39559.4,1,0,0
51769,173,953,2,1,735.0,38185.7,3,2,85405385
432512,1469,1438,2,4,4900.0,20101.2,1,0,0
627499,2143,1977,2,4,7600.0,20273.3,1,0,0
905280,3086,1284,0,3,21078.0,54032.1,1,0,0
1764136,5984,1107,0,3,15719.0,43955.6,1,0,0
516818,1766,2159,2,4,14.6,38985.4,6,0,0
1072189,3663,2114,2,4,16100.0,41335.4,1,0,0
1035727,3542,1953,2,1,2267.0,29379.1,1,10,15109885
3500896,8492,1429,0,0,93.9,40082.3,7,0,0
1158390,3966,1892,2,1,1754.0,13188.4,5,5,59096312
234888,801,2129,2,4,14.6,11871.2,6,0,0
3450598,4543,2129,0,0,250.7,60968.7,7,0,0
794479,2707,1409,0,3,6979.0,40466.9,1,0,0
916270,3124,918,0,3,15032.0,15532.0,1,0,0
1160544,3973,2098,2,4,14.6,20877.7,6,0,0
542796,1846,1986,2,1,2062.0,20851.3,1,11,47556239
563928,1919,1190,2,1,4545.0,56084.6,5,3,92220371
104234,355,1641,2,4,30.0,37730.0,6,0,0
3614125,2530,2068,0,0,145.1,27610.6,7,0,0
56281,188,1777,0,3,19413.0,81958.6,1,0,0
3559655,887,1825,0,0,76.5,19148.1,7,0,0
751967,2565,2056,2,4,18400.0,12132.1,1,0,0
623364,2126,1775,2,4,13800.0,91411.0,1,0,0
516848,1766,1510,2,4,7900.0,23632.3,1,0,0
208996,709,1680,2,4,14700.0,57549.3,1,0,0
888744,3031,1802,2,1,2789.0,13414.9,5,6,53394967
777779,2651,836,1,4,18477.0,65091.7,1,0,0
3551422,633,1764,0,0,84.6,19383.6,7,0,0
800227,2729,1019,2,4,3960.0,33599.5,1,0,0
305328,1040,1580,2,4,14.6,63955.1,6,0,0
3215713,10670,2128,0,3,40176.0,110710.0,1,0,0
3539452,270,2068,0,0,319.4,83185.4,7,0,0
269765,924,1282,0,3,1300.0,20494.7,1,0,0
828036,2819,1154,2,4,14.6,40112.2,6,0,0
1910646,6472,1856,2,4,14.6,26163.8,6,0,0
1116204,3812,1548,2,4,1440.0,30507.5,1,0,0
1038918,3553,1165,0,3,15359.0,49781.8,1,0,0
210792,716,788,2,4,14.6,45274.9,6,0,0
335625,1141,1799,2,4,240.0,14828.5,1,0,0
520998,1779,1106,2,1,3023.0,83472.6,5,6,92837720
956075,3258,1955,2,4,24600.0,71317.5,1,0,0
756156,2580,1822,2,4,8800.0,67979.8,1,0,0
2135475,7231,2086,2,4,7500.0,92237.5,1,0,0
742416,2534,1353,0,3,1200.0,33448.5,1,0,0
260936,893,1185,2,4,14.6,65802.2,6,0,0
853145,2907,1387,2,4,2720.0,27198.5,1,0,0
348429,1181,1722,0,3,12700.0,18705.0,1,0,0
581990,1979,970,2,4,1300.0,24409.8,1,0,0
232451,790,1450,0,3,6300.0,28896.1,1,0,0
1002401,3421,1684,2,1,8640.0,53046.7,5,1,66145115
2797017,9263,1653,2,1,3298.3,15471.3,8,13,8448315
742822,2536,2108,2,1,3136.0,27201.8,5,12,6038499
119772,401,1611,2,4,14.6,17622.1,6,0,0
3617587,2636,1915,0,0,67.7,16848.7,7,0,0
854121,2911,1991,2,4,3240.0,41888.3,1,0,0
747071,2549,1045,0,2,6345.0,40412.1,2,11,78077953
1007079,3439,1527,2,4,1500.0,41206.2,1,0,0
582006,1979,1840,2,4,1500.0,17581.1,1,0,0
44390,148,1108,2,4,810.0,16198.7,1,0,0
95172,323,2037,2,4,14.6,16804.7,6,0,0
1140505,3898,1092,2,4,2300.0,24757.2,1,0,0
1764321,5984,1945,2,4,14.6,1103.5,6,0,0
750047,2557,825,2,1,2806.0,19079.6,5,13,31457412
887713,3027,1519,2,4,14.6,18694.6,6,0,0
3616732,2609,972,0,0,193.6,40594.2,7,0,0
3570795,1219,1856,0,0,72.8,19306.0,7,0,0
3145541,10439,1434,2,4,8400.0,48345.1,1,0,0
869932,2962,1103,2,4,3900.0,77063.0,1,0,0
804287,2740,1122,2,4,19100.0,32279.0,1,0,0
229148,779,1585,0,3,15684.0,50104.8,1,0,0
946013,3225,1436,2,4,1600.0,40964.7,1,0,0
1049304,3589,1900,1,4,19301.0,22704.3,1,0,0
3570044,1197,1519,0,0,127.9,30268.1,7,0,0
146363,490,2076,0,2,3063.0,15090.0,1,8,74493413
3544380,416,2098,0,0,95.9,19668.6,7,0,0
696081,2379,1456,2,4,3240.0,14912.1,1,0,0
1150290,3935,309,2,1,652.0,40494.1,3,13,3849626
645898,2206,1315,2,1,3930.0,32992.4,5,3,11714333
739909,2527,1438,0,3,16727.0,88140.0,1,0,0
3520012,10297,1307,0,0,166.4,29715.5,7,0,0
819715,2790,1399,2,4,14.6,48632.4,6,0,0
990918,3378,1511,2,4,4080.0,33883.9,1,0,0
423188,1437,1290,2,1,29.0,18600.0,0,4,27458155
3451286,5092,1429,0,0,39.1,8443.4,7,0,0
216071,734,1532,0,2,3410.0,19125.1,1,4,50193864
308779,1052,2129,2,4,14.6,34606.1,6,0,0
124109,417,1499,2,4,28300.0,114588.6,1,0,0
1013645,3465,1726,2,4,500.0,56497.6,1,0,0
1057765,3617,616,2,1,57.0,50099.9,5,1,52725309
3543486,395,1519,0,0,141.3,28307.6,7,0,0
3533026,75,1094,0,0,139.6,34887.9,7,0,0
959249,3268,2164,0,2,3420.0,26108.3,1,4,63548433
3607931,2358,1154,0,0,159.6,35883.4,7,0,0
3664282,4408,1185,0,0,262.9,30089.1,7,0,0
337712,1146,1484,2,4,2520.0,62195.0,1,0,0
1063213,3631,2161,2,5,1200.0,51352.7,1,0,0
167063,559,278,2,1,2175.0,23988.7,5,2,77164244
121885,409,1954,0,3,10215.0,38879.8,1,0,0
3536260,174,1580,0,0,76.3,18555.9,7,0,0
3625443,2871,1460,0,0,119.9,29339.1,7,0,0
3596222,1984,941,0,0,194.6,46321.8,7,0,0
1111171,3794,2014,0,3,18738.0,50901.7,1,0,0
187775,635,742,2,1,1547.0,54095.6,0,11,56503492
113621,383,1920,2,1,2057.0,10881.6,1,3,90773456
31882,102,348,0,3,6100.0,20800.0,1,0,0
1031927,3527,1747,0,3,24623.0,67033.4,1,0,0
313030,1068,1596,2,4,18000.0,43926.0,1,0,0
1784486,6051,2160,2,4,2800.0,11487.9,5,0,0
1104345,3772,1863,2,4,9000.0,35277.4,1,0,0
518633,1771,576,2,4,14.6,26342.4,6,0,0
522044,1781,2159,2,4,14.6,34042.7,6,0,0
1014071,3466,2156,2,4,16600.0,74316.7,1,0,0
3537593,213,2037,0,0,160.0,35516.7,7,0,0
827858,2819,1773,2,1,8713.0,73653.0,5,1,7996678
2315154,7637,1596,2,4,3400.0,41238.1,1,0,0
195445,662,1408,2,4,4200.0,14608.8,1,0,0
3531963,44,1764,0,0,92.8,23160.0,7,0,0
349948,1189,986,0,2,3433.0,25665.8,1,10,3054506
616874,2103,1740,2,1,2211.0,21530.7,0,3,60364776
635567,2170,955,2,1,4838.0,43660.8,5,6,69894355
3282401,10906,1833,2,4,3000.0,53492.4,1,0,0
466324,1587,1770,2,4,12000.0,27785.4,1,0,0
657504,2246,1794,2,4,14.6,34908.7,6,0,0
3451914,5372,880,0,0,306.2,34411.3,7,0,0
2648575,8759,918,1,4,3633.0,25601.3,1,0,0
755357,2577,1436,0,2,5941.0,33134.1,2,12,43765747
2286671,7542,1474,0,3,10609.0,28074.5,1,0,0
139699,467,1733,2,4,14.6,24906.2,6,0,0
913452,3113,1227,2,1,367.0,33917.9,3,10,47521537
775569,2645,2006,2,4,14.6,34020.6,6,0,0
235015,802,1378,2,1,1876.0,34815.0,5,11,13280040
2593240,8566,1373,2,1,555.0,3765.0,5,1,72264265
492212,1678,832,2,4,16600.0,40933.2,1,0,0
94224,320,1573,2,4,1300.0,21594.0,1,0,0
270183,925,1583,2,4,12900.0,37727.2,1,0,0
366575,1247,617,0,3,17640.0,96424.5,1,0,0
736752,2516,1979,2,4,6700.0,43874.7,1,0,0
492878,1680,2143,2,4,7100.0,55633.9,1,0,0
3603723,2227,1856,0,0,376.4,93611.3,7,0,0
1105307,3776,2139,2,4,3000.0,45477.4,1,0,0
967596,3297,1980,2,4,600.0,37530.3,1,0,0
501717,1709,1328,2,4,18500.0,42417.9,1,0,0
418053,1417,748,0,3,1600.0,26031.0,1,0,0
1250255,4276,2017,0,3,28486.0,93189.3,1,0,0
887480,3026,498,2,4,13300.0,33966.7,1,0,0
559205,1902,887,2,4,5200.0,33360.5,1,0,0
123647,415,721,2,4,4800.0,37826.7,1,0,0
3616519,2603,1703,0,0,84.6,20894.3,7,0,0
36872,119,1106,2,1,8252.0,22226.9,5,10,21662587
3447006,1527,1733,0,0,166.2,42704.1,7,0,0
3468105,4000,1856,0,0,339.2,80401.7,7,0,0
234744,800,1980,2,4,4800.0,19916.1,1,0,0
64269,213,1615,2,4,9200.0,45294.8,1,0,0
2107109,7133,799,0,3,5300.0,22153.4,1,0,0
231226,787,616,2,1,122.0,21129.6,0,8,81038975
148655,496,272,2,4,14.6,28681.2,6,0,0
278366,953,1436,2,1,1768.0,34655.7,5,8,93842464
1988877,6738,820,2,4,9300.0,28747.6,1,0,0
432242,1468,1764,2,4,14.6,22644.2,6,0,0
378169,1286,2006,0,3,10300.0,54033.6,1,0,0
3595153,1956,2068,0,0,202.7,50144.6,7,0,0
3562525,971,1825,0,0,179.0,44325.5,7,0,0
1273375,4355,867,0,3,1500.0,22436.0,1,0,0
533328,1816,737,2,1,2824.0,18031.0,5,7,50690215
1736954,5891,174,2,4,12500.0,40910.3,1,0,0
617786,2107,1738,2,4,3100.0,20535.1,1,0,0
1023870,3495,1937,1,4,16059.0,71611.3,1,0,0
315210,1076,954,2,1,2640.0,31031.2,5,6,42470806
1245689,4260,766,2,4,4000.0,28786.2,1,0,0
936556,3196,941,2,4,14.6,29091.5,6,0,0
1296494,4427,2159,2,4,14.6,12389.7,6,0,0
1241029,4245,1491,2,4,14.6,54479.1,6,0,0
11355,38,2108,2,1,231.0,42860.6,0,6,83435654
965873,3291,1677,2,1,2505.0,18010.3,5,13,36294978
969914,3306,795,0,3,11862.0,47549.5,1,0,0
3670399,5358,1002,0,0,186.8,47255.8,7,0,0
31883,102,378,0,3,3500.0,24300.0,1,0,0
247586,851,1651,2,1,881.0,45341.3,0,5,26014739
313472,1070,1865,0,3,16417.0,41229.2,1,0,0
862464,2937,2104,2,1,3230.0,8652.2,5,5,18161338
3519792,10266,1094,0,0,43.2,19571.3,7,0,0
2687927,8896,1997,2,4,7000.0,6202.8,1,0,0
169650,568,2159,2,4,14.6,58100.6,6,0,0
374822,1276,489,2,1,169.0,22977.2,3,1,23086488
687167,2346,1413,2,1,334.0,10136.6,5,11,36571818
881870,3004,1764,2,4,14.6,12486.8,6,0,0
1159055,3969,1105,2,1,4299.0,14185.2,5,9,24362379
1248353,4269,1516,2,4,22900.0,94982.9,1,0,0
326592,1115,1033,2,4,14.6,19269.1,6,0,0
481963,1641,1621,2,1,1294.0,25461.3,0,7,57866871
3641691,3363,2129,0,0,94.6,23817.4,7,0,0
1097962,3751,849,2,4,14.6,35190.4,6,0,0
817105,2783,1476,0,3,400.0,36355.9,1,0,0
3451275,5092,1094,0,0,111.7,26233.9,7,0,0
392834,1335,1641,2,4,14.6,49212.6,6,0,0
326731,1116,770,0,3,12129.0,32442.3,1,0,0
253952,870,1445,2,4,3400.0,21524.2,1,0,0
2893481,9583,1256,2,4,8500.0,67522.9,1,0,0
165625,554,1810,0,3,900.0,33874.3,1,0,0
678407,2318,1075,2,1,654.0,77194.9,3,10,68937486
3658053,3863,1519,0,0,81.4,25998.8,7,0,0
3463957,2851,2129,0,0,132.4,51626.7,7,0,0
3540445,300,484,0,0,105.3,21615.9,7,0,0
429392,1458,711,0,3,24888.0,55459.4,1,0,0
3630879,3038,1550,0,0,323.3,92981.9,7,0,0
1034666,3538,550,0,3,23528.0,52899.2,1,0,0
261596,896,1381,2,1,3220.0,24739.9,5,9,9933358
3608288,2367,1611,0,0,148.1,32232.7,7,0,0
929153,3166,1733,2,4,14.6,77664.4,6,0,0
343469,1164,1968,2,4,3200.0,21819.3,1,0,0
412512,1403,1641,2,4,14.6,34445.5,6,0,0
3655234,3777,1703,0,0,93.5,22320.0,7,0,0
204035,692,2098,2,4,14.6,13800.8,6,0,0
544814,1852,1835,2,4,600.0,19268.8,1,0,0
1247553,4266,1556,2,4,11800.0,34547.3,1,0,0
660124,2253,698,2,4,14.6,28480.4,6,0,0
284887,978,1452,2,4,880.0,47313.4,1,0,0
1032351,3528,1688,2,4,14900.0,27257.3,1,0,0
984424,3357,1136,2,1,1841.0,25076.9,5,11,28360057
1263523,4321,300,1,4,15158.0,45451.1,1,0,0
671478,2293,1227,0,2,6745.0,25039.6,2,3,62203752
3444165,1871,1215,0,0,139.1,37378.2,7,0,0
104467,356,1526,2,4,16900.0,43461.4,1,0,0
3549789,580,1884,0,0,128.4,30509.4,7,0,0
3149,12,1751,2,4,480.0,27564.2,1,0,0
3505421,8934,2098,0,0,26.0,13257.5,7,0,0
615785,2099,101,2,4,27100.0,47892.5,1,0,0
1163407,3982,788,2,4,14.6,16631.9,6,0,0
1004029,3426,1683,0,2,25465.0,51787.1,1,1,19822824
966693,3294,1754,2,4,1200.0,55647.2,1,0,0
254725,874,2026,1,4,3457.0,30596.5,1,0,0
619315,2114,1861,2,1,5102.0,8326.6,5,11,20697045
1282069,4385,1316,2,4,600.0,33758.3,1,0,0
3631425,3052,1976,0,0,150.2,21484.4,7,0,0
105924,361,1409,2,1,1388.0,47555.6,0,10,59163767
2969210,9833,469,2,4,7500.0,36694.6,1,0,0
494537,1686,1802,2,1,1225.0,43979.8,0,13,74546420
605339,2061,342,2,1,1994.0,23886.2,5,9,55974131
191432,650,1617,2,1,1697.0,22991.2,5,13,70699482
657719,2247,1890,2,1,1344.0,47002.8,0,2,39011389
3611246,2459,1945,0,0,101.7,25843.8,7,0,0
393705,1338,1377,2,1,897.0,45749.9,0,8,42143994
965132,3288,982,2,4,700.0,27559.6,1,0,0
1119358,3824,1747,0,3,9298.0,17009.5,1,0,0
935550,3193,1703,2,4,14.6,18136.7,6,0,0
576153,1962,1955,2,1,1771.0,49724.5,3,7,43612647
454815,1545,1881,0,3,33724.0,128659.3,1,0,0
179633,608,1703,2,4,14.6,14748.1,6,0,0
1060248,3624,1419,0,3,38813.0,125522.8,1,0,0
58315,195,2088,2,4,10200.0,40277.7,1,0,0
1910707,6472,1873,2,4,1700.0,41461.8,1,0,0
996850,3402,1368,2,4,30.0,110831.6,6,0,0
834471,2840,1624,2,1,11282.0,29433.8,5,3,9861410
530027,1806,849,2,4,14.6,18549.3,6,0,0
62067,206,1033,2,4,14.6,30114.8,6,0,0
771121,2632,405,2,1,2042.0,38912.3,5,3,40250009
23666,78,2074,2,1,9039.0,55831.0,5,12,32111394
472249,1606,1920,2,4,700.0,47155.1,1,0,0
1055417,3609,394,2,4,3480.0,38604.4,1,0,0
3452572,5708,1825,0,0,241.9,42276.4,7,0,0
853095,2907,1456,2,4,850.0,17807.3,1,0,0
3668655,5072,1703,0,0,142.7,38159.5,7,0,0
1310894,4476,1215,2,4,14.6,31751.4,6,0,0
434708,1477,1680,0,2,3151.0,22559.9,1,6,92373114
1053241,3602,1702,2,4,19800.0,53541.1,1,0,0
206898,702,1898,2,1,2813.0,17630.8,5,3,53787499
854034,2911,1983,2,1,2572.0,52234.3,3,11,28014308
3646072,3509,1825,0,0,177.6,43551.1,7,0,0
578344,1969,1190,2,1,5403.0,10951.8,5,9,67560100
1115129,3808,1602,2,4,5400.0,33443.3,1,0,0
119617,401,1139,2,1,1769.0,16593.7,0,3,88922524
281850,966,2081,2,1,2129.0,20564.0,1,4,93294161
47723,160,1480,2,4,840.0,61523.4,1,0,0
1059915,3623,1159,0,2,3893.0,26567.9,1,3,61949133
3622820,2790,2190,0,0,304.6,62381.8,7,0,0
3588188,1761,1884,0,0,84.0,16809.8,7,0,0
629812,2150,1100,2,4,1530.0,18020.4,1,0,0
3043715,10093,1376,0,2,40377.0,59197.3,1,10,78757834
1278768,4375,1831,2,4,5400.0,40372.7,1,0,0
2966919,9826,1764,2,4,14.6,14610.3,6,0,0
139382,467,1106,0,3,10249.0,27032.0,1,0,0
617655,2107,1892,2,1,6395.0,33846.5,5,13,60404908
3626399,2897,2068,0,0,219.1,53295.8,7,0,0
328590,1120,884,2,4,3200.0,20499.0,1,0,0
972062,3311,1759,2,4,11100.0,25843.6,1,0,0
3451492,5213,1491,2,4,6.0,-1852.2,4,0,0
1161720,3978,894,0,3,33327.0,73901.9,1,0,0
480694,1638,1440,0,3,38268.0,92048.9,1,0,0
788812,2689,1625,2,1,2727.0,51669.0,5,13,50778090
769675,2627,1985,0,2,4822.0,35901.0,2,11,3880143
884273,3012,2068,2,4,14.6,47142.4,6,0,0
3564672,1037,1703,0,0,195.8,43055.1,7,0,0
915203,3119,1983,2,1,884.0,13487.2,1,7,80588805
3629565,2991,423,0,0,181.3,38934.9,7,0,0
781553,2665,1389,0,3,10941.0,48492.4,1,0,0
3635118,3164,1703,0,0,119.7,30078.4,7,0,0
298247,1017,1830,2,1,477.0,45751.0,0,4,13622379
3542076,346,1825,0,0,240.3,53507.0,7,0,0
343201,1164,1840,0,3,300.0,56724.4,1,0,0
459332,1562,1954,2,1,1933.0,22470.4,5,3,14241010
3461192,2077,1246,0,0,108.8,23054.7,7,0,0
112159,378,1418,2,4,40100.0,68981.8,1,0,0
3658196,3868,1185,0,0,71.9,18105.4,7,0,0
1659204,5628,733,2,4,3000.0,27648.1,1,0,0
849557,2894,2129,2,4,14.6,116092.3,6,0,0
710721,2430,1550,2,4,14.6,37736.7,6,0,0
1688991,5724,1096,2,4,5100.0,37608.0,1,0,0
425137,1444,1313,0,2,3037.0,18306.8,1,10,96897166
417370,1416,1276,0,3,31808.0,89927.5,1,0,0
1127151,3850,2136,2,1,2037.0,80307.6,5,5,3844541
1546956,5263,1845,2,4,600.0,29116.6,1,0,0
3540045,285,2129,0,0,302.8,72340.9,7,0,0
1159672,3971,1972,0,3,21662.0,25417.6,1,0,0
3600686,2128,1794,0,0,99.2,22635.5,7,0,0
295066,1006,2168,0,3,1900.0,52496.5,1,0,0
310595,1058,2103,2,1,4761.0,39484.1,5,12,49857848
849646,2894,2069,2,4,7300.0,80749.9,1,0,0
722698,2474,1471,0,2,3559.0,23291.5,1,13,85524874
1066638,3645,1264,0,3,300.0,300.0,1,0,0
2780428,9203,1030,0,3,38891.0,118059.2,1,0,0
3508832,9192,729,0,0,114.4,50424.6,7,0,0
312531,1066,2129,2,4,30.0,60055.5,6,0,0
1503548,5126,1975,2,4,3480.0,22927.2,1,0,0
1602548,5442,1427,0,3,36242.0,35126.5,1,0,0
445202,1513,1527,2,1,3912.0,32838.6,0,9,85800695
1596681,5423,645,2,1,4068.0,1273.9,3,1,59710752
3431226,11382,1611,2,4,14.6,31472.3,6,0,0
930454,3171,644,2,1,3102.0,19997.2,5,9,49371123
497042,1694,1519,2,4,30.0,52664.4,6,0,0
3579741,1497,760,0,0,131.2,29939.8,7,0,0
433227,1472,1410,2,1,3527.0,38395.1,5,7,39937996
1060791,3625,2159,2,4,14.6,12827.5,6,0,0
394206,1339,2048,2,4,1500.0,24871.0,1,0,0
909898,3099,788,2,4,14.6,18560.1,6,0,0
673064,2298,1803,2,4,17500.0,34597.8,1,0,0
204197,693,1740,2,1,6329.0,31274.1,5,5,37686020
1580606,5372,1087,2,4,32200.0,73776.3,1,0,0
449502,1528,1474,2,4,1320.0,33998.3,1,0,0
1250445,4276,910,2,4,14.6,57121.5,6,0,0
1130589,3863,668,2,4,14.6,28014.4,6,0,0
3460025,297,1794,0,0,230.2,43639.1,7,0,0
517355,1767,1252,2,4,16800.0,45461.1,1,0,0
334211,1136,621,2,1,6249.0,46301.2,5,13,58973252
1090582,3728,1524,0,2,11213.0,45619.4,1,2,97748749
1392034,4743,1825,2,4,14.6,94541.4,6,0,0
260828,893,1042,0,3,22130.0,62069.7,1,0,0
1372312,4681,1437,0,2,30492.0,57848.1,1,8,19404459
922354,3143,1915,2,4,14.6,42731.0,6,0,0
169220,566,2129,2,4,14.6,75755.4,6,0,0
2528708,8341,2026,2,4,7500.0,-15992.8,1,0,0
469573,1599,1575,2,4,3840.0,43695.5,1,0,0
522246,1782,2079,2,1,3231.0,76415.6,5,3,99716561
838990,2856,1616,2,4,3300.0,21381.3,1,0,0
618305,2110,1990,2,1,2050.0,25109.0,1,8,16387468
1090953,3729,1803,2,1,2941.0,15563.7,5,8,52811223
3575889,1383,1856,0,0,158.5,33130.0,7,0,0
198983,675,1836,2,4,3000.0,31839.3,1,0,0
3554688,737,2190,0,0,87.6,22501.4,7,0,0
3517993,10105,333,0,0,215.7,47017.9,7,0,0
251443,862,1109,2,5,2700.0,69846.6,1,0,0
790866,2697,1316,0,3,6224.0,37843.9,1,0,0
1256715,4296,1550,2,4,14.6,60360.9,6,0,0
644751,2201,1290,2,1,348.0,18945.8,1,3,16468906
1064373,3636,1915,2,4,14.6,51233.5,6,0,0
1197590,4099,1511,2,4,10500.0,28235.8,1,0,0
1139449,3894,1641,2,4,14.6,21138.0,6,0,0
563025,1915,2164,2,4,4200.0,15400.9,1,0,0
170753,572,1380,2,4,10900.0,40703.9,1,0,0
1119234,3823,1580,2,4,14.6,13485.3,6,0,0
1231069,4214,1856,2,4,14.6,25686.0,6,0,0
929365,3167,1862,0,3,21257.0,68085.3,1,0,0
1143733,3912,1437,2,1,1551.0,34317.6,0,6,95519256
515334,1762,1921,2,1,3352.0,18919.6,0,9,49858301
2039028,6910,2077,0,3,31473.0,106913.2,1,0,0
854795,2913,889,2,1,499.0,14049.3,5,8,76905709
3650872,3651,515,0,0,100.6,24861.7,7,0,0
1110288,3791,1714,2,1,3682.0,59972.5,5,12,1958173
636938,2175,1733,2,4,14.6,90199.2,6,0,0
844664,2876,771,2,1,5231.0,28087.5,5,5,30939269
3636914,3222,607,0,0,75.8,17947.0,7,0,0
1621983,5505,1518,2,4,10800.0,8901.1,1,0,0
3559581,886,1641,0,0,304.1,64954.5,7,0,0
43502,146,1807,0,2,6296.0,24990.8,2,3,53671467
631249,2155,1343,2,1,735.0,20029.2,5,5,66442948
976181,3326,1544,2,4,36700.0,12334.8,1,0,0
1103018,3767,2098,2,5,1400.0,45395.5,1,0,0
620034,2117,1812,2,4,2800.0,26589.3,1,0,0
479393,1634,1533,0,3,14851.0,64609.7,1,0,0
2349891,7753,360,1,4,12548.0,78017.0,1,0,0
3608729,2379,2037,0,0,103.0,23356.2,7,0,0
606171,2063,1501,2,1,1542.0,35133.7,5,13,7305825
95812,327,2108,0,3,15708.0,66771.3,1,0,0
1098608,3753,1892,2,1,1540.0,42316.4,5,5,9330445
1088839,3720,2005,2,4,10150.0,50607.6,1,0,0
165849,555,860,0,3,22668.0,41738.2,1,0,0
1281366,4383,1539,0,3,23242.0,73553.0,1,0,0
413178,1404,545,2,4,30.0,21072.8,6,0,0
665040,2271,617,0,2,3048.0,18583.4,1,11,96342283
1052642,3600,484,2,4,14.6,24087.6,6,0,0
814220,2771,1969,2,4,13400.0,16790.3,1,0,0
906580,3090,1754,0,3,41165.0,113959.1,1,0,0
1879419,6363,921,0,3,11720.0,28767.6,1,0,0
256919,882,2108,0,3,11587.0,71532.5,1,0,0
940753,3211,1856,2,4,14.6,14254.4,6,0,0
610547,2078,908,0,3,1500.0,24574.6,1,0,0
371596,1266,1714,0,3,20671.0,42599.8,1,0,0
308348,1051,1478,2,4,1200.0,39437.2,1,0,0
298123,1017,1712,0,3,21158.0,62375.4,1,0,0
983024,3354,2139,2,1,1540.0,30747.7,3,6,6017333
3603902,2233,1491,0,0,98.1,20700.2,7,0,0
535531,1824,1190,2,1,9515.0,44335.9,0,2,62974762
1092210,3734,1596,2,4,1000.0,10247.2,1,0,0
788706,2688,1764,2,4,14.6,13041.4,6,0,0
175206,589,2055,2,5,3200.0,48825.4,1,0,0
3592198,1868,1976,0,0,145.7,27306.4,7,0,0
1158675,3967,1550,2,4,14.6,16962.4,6,0,0
1203782,4119,1846,2,4,3600.0,34961.1,1,0,0
1069801,3654,395,2,4,14.6,39591.8,6,0,0
2028196,6872,2173,2,4,5700.0,54009.3,1,0,0
2915497,9656,515,2,4,14.6,21093.2,6,0,0
3560595,914,545,0,0,62.1,14543.3,7,0,0
3526964,11027,2068,0,0,140.4,31724.8,7,0,0
2120500,7181,1398,2,4,11000.0,36672.8,1,0,0
888415,3030,673,2,1,293.0,16167.0,5,4,12182104
434801,1477,1808,2,4,780.0,24757.9,1,0,0
928125,3164,948,2,1,2971.0,15323.3,5,11,53459769
3636093,3201,819,0,0,84.3,19917.9,7,0,0
829413,2824,1472,2,1,841.0,66195.0,8,13,96265625
629314,2148,1771,2,1,69.0,10841.2,0,7,6842810
1142645,3908,1833,2,1,1630.0,20873.1,5,6,49593687
596192,2030,673,0,3,22544.0,47150.7,1,0,0
994572,3392,1220,2,1,6139.0,23846.9,5,4,6041044
196117,665,1139,2,1,4149.0,35576.8,5,10,69178992
3479968,9353,1611,0,0,296.5,57226.7,7,0,0
472701,1609,1867,0,2,3026.0,18971.0,1,11,98472749
3639250,3284,698,0,0,91.8,21394.9,7,0,0
326513,1115,1463,2,4,660.0,16693.0,1,0,0
3545783,458,1338,0,0,198.8,46986.0,7,0,0
3557655,834,1976,0,0,52.3,12691.4,7,0,0
961987,3277,1662,2,4,16900.0,38717.2,1,0,0
717654,2458,1341,1,4,3353.0,25059.8,1,0,0
914425,3116,1368,2,4,14.6,55937.8,6,0,0
1146491,3921,1550,2,4,14.6,108129.4,6,0,0
83802,280,2172,2,1,3334.0,65263.8,5,6,10603589
3626873,2913,1276,0,0,54.6,13212.2,7,0,0
23112,76,1282,0,3,7813.0,29581.3,1,0,0
1123883,3838,2078,0,3,12573.0,42268.7,1,0,0
3660728,3947,1703,0,0,173.4,36546.4,7,0,0
335938,1142,1771,0,3,2200.0,25901.2,1,0,0
674126,2303,1928,2,1,7892.0,36467.0,5,6,25147950
737668,2520,1077,0,2,3533.0,31565.6,1,1,22529095
63035,208,1841,2,4,4700.0,27931.8,1,0,0
963340,3283,1852,2,4,6700.0,20988.3,1,0,0
3576966,1414,2129,0,0,133.5,31156.1,7,0,0
696799,2382,1703,2,4,14.6,15979.1,6,0,0
3537477,211,1884,0,0,264.5,66458.9,7,0,0
3536906,195,2129,0,0,169.2,35275.3,7,0,0
176579,596,1844,2,5,1600.0,72652.6,1,0,0
353209,1200,1561,2,1,3156.0,50752.9,3,3,13788360
513540,1757,1318,2,4,4800.0,78314.6,1,0,0
3587742,1743,1002,0,0,117.0,27346.9,7,0,0
236070,806,2005,2,4,420.0,13707.0,1,0,0
932405,3180,1886,2,4,3000.0,17850.7,1,0,0
1161192,3976,1710,2,1,967.0,27041.1,5,10,59522145
1110491,3791,1428,2,4,11500.0,37028.1,1,0,0
2452010,8085,1559,2,1,916.0,3869.3,5,6,18004334
882189,3006,1896,2,1,3783.0,17869.4,5,13,98815863
402643,1371,1215,2,4,14.6,19070.9,6,0,0
600591,2044,1033,2,4,14.6,31674.1,6,0,0
555588,1891,2165,2,1,293.0,87719.8,3,5,13493419
394005,1338,190,0,3,1400.0,22813.2,1,0,0
85619,287,1986,2,1,1572.0,20302.6,0,3,36382317
9839,34,495,2,1,6070.0,62204.1,0,5,58999049
3460826,2013,2037,0,0,193.9,49707.3,7,0,0
3466761,3656,1641,0,0,64.9,17463.2,7,0,0
518173,1770,1853,2,4,1600.0,58475.9,1,0,0
809288,2758,441,2,4,2280.0,24574.1,1,0,0
956710,3260,437,2,1,8462.0,73792.4,5,1,89460461
524894,1791,1832,0,3,13049.0,59794.1,1,0,0
766203,2617,1259,0,2,3050.0,21966.6,1,3,66249376
3535026,137,2190,0,0,196.5,49568.9,7,0,0
320900,1097,1776,2,1,577.0,36744.6,3,2,50336754
486827,1659,1604,2,4,6200.0,23635.0,1,0,0
702102,2404,1655,0,3,12834.0,33430.9,1,0,0
542585,1845,1898,2,1,12537.0,44627.6,5,9,5894870
3581835,1566,211,0,0,38.8,15218.8,7,0,0
834949,2841,666,2,4,4440.0,24177.3,1,0,0
3478,14,2146,2,4,16700.0,39156.6,1,0,0
431197,1465,1586,2,1,1904.0,14118.0,5,12,32052809
331815,1130,1865,0,2,6588.0,33871.6,2,1,50870400
273914,939,2164,0,2,3163.0,23644.9,1,8,95001059
14142,47,1313,2,1,141.0,32887.6,3,3,83359431
440793,1497,1186,2,4,5800.0,14795.4,1,0,0
495226,1688,957,2,4,3300.0,19282.0,1,0,0
78051,259,1980,2,4,1800.0,13394.6,1,0,0
155624,521,1337,0,3,21435.0,50059.3,1,0,0
1971341,6678,1246,2,4,14.6,66160.6,6,0,0
131461,441,733,2,4,2100.0,34581.2,1,0,0
985299,3361,1954,2,1,6154.0,72372.8,5,3,34121233
2373195,7824,1829,2,4,3000.0,24492.7,1,0,0
887433,3026,1185,2,4,14.6,29382.8,6,0,0
363937,1237,695,0,3,45097.0,107603.4,1,0,0
54356,181,1837,2,5,1800.0,44819.2,1,0,0
42621,142,862,2,1,1845.0,25508.5,5,13,23734498
31655,102,1042,2,1,377.0,27653.1,0,11,97521966
1279692,4377,1246,2,4,14.6,50146.7,6,0,0
834653,2840,1036,2,4,4700.0,37308.2,1,0,0
3547664,515,1519,0,0,60.5,15338.9,7,0,0
603437,2054,1259,0,3,29853.0,54536.0,1,0,0
614528,2095,1833,2,5,1000.0,51373.3,1,0,0
874744,2980,617,2,1,3316.0,17927.2,5,4,92280965
3630926,3039,1154,0,0,100.5,28142.6,7,0,0
3664617,4427,211,0,0,54.5,16278.5,7,0,0
3055550,10131,1227,2,1,5983.0,35315.9,8,13,64831644
3537768,220,423,0,0,69.9,17554.9,7,0,0
747063,2549,800,0,2,6345.0,30599.2,2,11,78077953
382698,1299,1764,2,4,14.6,19166.1,6,0,0
3145877,10440,984,2,1,1000.0,24816.7,8,1,1623732
3643454,3425,1641,0,0,161.5,39008.6,7,0,0
782496,2667,1404,0,2,3270.0,18517.5,1,4,32372063
284394,977,1497,2,1,6846.0,44403.1,5,10,60977023
719068,2463,1926,2,1,3077.0,26998.9,5,13,79603081
594106,2023,590,2,1,1687.0,56905.9,5,2,12073362
379950,1291,1519,2,4,14.6,17206.2,6,0,0
85145,285,1607,2,4,19900.0,61763.9,1,0,0
2237,9,1473,0,3,800.0,22635.2,1,0,0
3551257,629,1703,0,0,89.8,22428.7,7,0,0
285343,979,1491,2,4,14.6,29159.7,6,0,0
3454360,7203,576,0,0,212.0,47745.1,7,0,0
284808,978,827,2,1,2062.0,33477.4,5,11,70650827
276821,947,910,2,4,14.6,18603.4,6,0,0
3630072,3011,1368,0,0,57.3,13292.0,7,0,0
901404,3072,735,0,3,22227.0,67780.8,1,0,0
1298766,4434,1199,2,1,4495.0,91087.1,5,8,390536
448075,1522,1825,2,4,14.6,33964.4,6,0,0
3569942,1194,2037,0,0,226.1,48782.3,7,0,0
2095471,7101,1794,2,4,14.6,17381.1,6,0,0
840239,2861,2043,0,2,5915.0,22196.5,2,10,10531437
750682,2559,2081,2,4,5300.0,49569.7,1,0,0
697439,2384,1321,2,4,45500.0,51515.3,1,0,0
794598,2707,1256,2,1,2546.0,41869.2,0,4,63447183
424690,1442,1252,2,1,5950.0,56054.7,5,9,70648139
1037924,3550,1460,2,4,14.6,39994.8,6,0,0
297869,1016,1124,2,4,1900.0,37599.0,1,0,0
688501,2352,860,0,3,20252.0,58186.3,1,0,0
3605448,2280,1307,0,0,158.3,36128.3,7,0,0
784316,2673,1220,0,3,12395.0,43715.9,1,0,0
3508727,9188,576,0,0,94.0,20935.7,7,0,0
82742,277,2167,2,4,8400.0,80016.6,1,0,0
65718,219,2135,0,3,17766.0,60675.0,1,0,0
917951,3129,1098,2,4,1520.0,19765.0,1,0,0
471088,1603,1208,0,3,8600.0,29628.1,1,0,0
629249,2148,1255,2,1,2301.0,18556.0,5,9,41176962
355826,1205,1491,2,4,14.6,17266.0,6,0,0
3599051,2071,2190,0,0,190.3,50832.7,7,0,0
1111469,3795,1592,2,4,4400.0,37998.9,1,0,0
392769,1335,1982,2,1,1044.0,42124.3,0,7,66854125
1061682,3628,1497,2,1,189.0,58630.5,0,2,23473745
788476,2687,1711,2,4,11100.0,16638.5,1,0,0
3587210,1726,2006,0,0,104.2,30374.2,7,0,0
1571699,5343,750,2,4,2040.0,32688.5,1,0,0
3618556,2663,1491,0,0,96.1,17195.4,7,0,0
3606789,2325,2129,0,0,109.7,22027.0,7,0,0
30166,97,1400,2,4,11700.0,35324.4,1,0,0
2592470,8564,910,2,4,14.6,50484.2,6,0,0
533297,1816,1988,0,2,4236.0,17616.2,2,5,74559592
2256248,7445,892,2,1,2306.8,63810.0,8,12,21391058
3545717,456,607,0,0,194.2,42283.8,7,0,0
1183317,4055,876,2,4,5880.0,28400.9,1,0,0
1167449,4000,1623,2,4,11200.0,51376.3,1,0,0
1121763,3832,1476,0,3,4300.0,19793.3,1,0,0
1716157,5817,1884,2,4,100.0,88818.7,6,0,0
1001091,3417,1386,0,3,1000.0,34593.3,1,0,0
228302,775,1531,2,1,1168.0,58812.1,5,3,6431270
968912,3302,1475,2,4,2370.0,22431.8,1,0,0
491078,1675,2159,2,4,14.6,24528.0,6,0,0
1988997,6738,1713,2,4,22200.0,27137.9,1,0,0
673921,2302,1794,2,4,14.6,24357.1,6,0,0
302172,1029,1778,2,1,8136.0,53306.6,5,11,28123855
2120225,7181,1975,0,3,12323.0,82154.2,1,0,0
1701545,5767,556,0,3,10700.0,13063.5,1,0,0
3558321,855,1580,0,0,194.2,46809.1,7,0,0
2730119,9031,2098,2,4,14.6,17563.3,6,0,0
137200,460,1190,0,2,5922.0,16774.9,2,11,69185650
1012571,3462,1351,2,1,1491.0,27025.6,5,4,61501145
3565305,1054,910,0,0,144.4,20051.5,7,0,0
727276,2487,1924,2,1,842.0,23309.9,3,8,9106064
148442,496,736,0,3,5404.0,26805.1,1,0,0
54289,181,1835,0,3,10772.0,46619.2,1,0,0
86010,288,2109,2,1,207.0,29495.1,0,9,97550320
1310587,4476,1191,2,1,3195.0,36147.6,5,13,51957607
1245703,4260,1246,2,4,8400.0,16253.3,1,0,0
813283,2770,1585,0,2,3855.0,32173.8,1,12,11620170
2571652,8489,1927,2,1,7370.0,47896.5,8,4,20661109
656612,2244,1524,0,2,6888.0,38443.1,2,1,1630378
895400,3051,1857,1,4,22041.0,53872.5,1,0,0
3568879,1159,910,0,0,137.0,30664.9,7,0,0
3443224,1649,1338,0,0,110.5,14245.2,7,0,0
463067,1575,788,2,4,14.6,16673.1,6,0,0
3592159,1865,1519,0,0,122.1,30242.6,7,0,0
903363,3078,1743,2,1,2232.0,15127.5,1,6,30277490
693774,2372,1802,2,1,107.0,31420.2,3,4,21510470
1035178,3539,1002,2,4,14.6,25204.0,6,0,0
108360,367,1589,0,3,400.0,400.0,1,0,0
2979335,9869,1607,2,5,3400.0,79041.1,1,0,0
544243,1851,1621,0,3,9354.0,48235.4,1,0,0
571528,1944,1460,2,4,14.6,36528.7,6,0,0
3506600,9030,1915,0,0,178.7,43144.9,7,0,0
1024348,3497,1443,2,1,118.0,62527.5,3,6,42836803
647307,2213,1221,2,1,6273.0,28358.7,5,5,46736180
3535780,162,576,0,0,82.3,20274.1,7,0,0
3677804,6706,1825,0,0,220.7,50136.5,7,0,0
647309,2213,1282,2,1,6273.0,31051.3,5,5,46736180
701125,2399,849,2,4,14.6,28107.7,6,0,0
3629124,2978,1976,0,0,65.2,12924.4,7,0,0
1897687,6425,1107,2,4,800.0,32991.2,1,0,0
867051,2951,1399,2,4,14.6,51629.5,6,0,0
3466869,3662,1825,0,0,234.9,53228.8,7,0,0
3562484,968,1976,0,0,144.6,30842.2,7,0,0
3474614,8327,1002,0,0,199.2,37565.8,7,0,0
2355588,7769,1338,1,4,14224.0,75602.7,1,0,0
2873770,9510,1680,2,4,5760.0,25567.9,1,0,0
3578690,1468,2068,0,0,94.4,23139.3,7,0,0
1191121,4079,450,0,3,13522.0,90058.5,1,0,0
2885616,9549,1879,2,4,41700.0,86657.6,1,0,0
877008,2987,1276,2,4,14.6,39662.6,6,0,0
1043407,3568,1443,0,2,5243.0,23422.0,2,3,94403439
1170252,4013,1010,2,1,6686.0,32915.6,5,3,83890586
3466254,3532,972,0,0,31.4,15588.4,7,0,0
143627,481,1328,2,4,2600.0,24632.0,1,0,0
2627950,8688,1585,0,3,17636.0,55607.2,1,0,0
3545460,449,1550,0,0,64.6,15651.8,7,0,0
57468,192,1039,0,2,5859.0,35550.4,2,4,15384018
926362,3157,2006,2,4,14.6,42523.7,6,0,0
3293108,10942,909,2,4,12300.0,84201.4,1,0,0
919653,3134,738,2,4,720.0,59454.7,1,0,0
3314798,11013,890,2,1,756.0,51629.3,5,2,27690512
359694,1222,2052,2,4,720.0,33767.6,1,0,0
467654,1591,1794,2,4,14.6,41726.0,6,0,0
575959,1961,1301,2,4,2200.0,21478.0,1,0,0
591005,2011,802,2,1,272.0,15128.0,0,6,32849800
944800,3222,468,2,1,674.0,14793.6,5,11,18331057
102347,348,2134,0,3,18286.0,68903.4,1,0,0
3670933,5445,1945,0,0,143.2,36369.6,7,0,0
835279,2842,1016,2,1,358.0,20794.8,5,7,19413084
466449,1588,559,2,1,2443.0,19010.1,5,6,66344201
523144,1785,1733,2,4,14.6,22360.1,6,0,0
466573,1588,760,2,4,14.6,25075.6,6,0,0
290397,995,1625,0,2,3445.0,23532.2,1,5,391650
845763,2880,1836,2,4,3000.0,42414.4,1,0,0
3579561,1493,576,0,0,84.3,21472.2,7,0,0
1876246,6353,2042,2,1,586.0,20366.1,5,3,55760598
3568974,1161,849,0,0,69.8,17747.9,7,0,0
447653,1520,2104,2,1,2943.0,41833.9,5,13,12391865
3222651,10694,2008,2,4,1200.0,54285.8,3,0,0
447593,1520,1738,0,2,6005.0,37132.6,2,8,62281173
1013078,3464,1221,2,1,1852.0,30504.9,0,5,61951309
3047603,10105,1967,0,3,28063.0,117482.7,1,0,0
598511,2037,1661,2,4,5040.0,37197.3,1,0,0
1144625,3915,1847,2,4,2600.0,39514.8,1,0,0
1501821,5120,711,1,4,15574.0,22712.3,1,0,0
1210365,4140,1833,0,3,21059.0,46652.0,1,0,0
2730934,9034,795,2,4,5100.0,24832.2,1,0,0
732918,2504,1672,2,4,14.6,40650.9,6,0,0
1689341,5726,1635,0,3,23654.0,72530.9,1,0,0
3612092,2482,1611,0,0,106.1,26430.3,7,0,0
91216,309,1725,2,4,20200.0,33355.8,1,0,0
738879,2523,310,2,4,1300.0,26927.5,1,0,0
1028794,3513,788,2,4,14.6,42268.5,6,0,0
963151,3282,1873,0,3,4100.0,17447.7,1,0,0
3603669,2226,1825,0,0,187.7,36845.2,7,0,0
2775939,9188,2166,2,1,66.0,51292.8,3,8,96138745
3444549,5065,1976,0,0,180.7,27746.6,7,0,0
258742,886,407,2,1,9034.0,37356.2,5,1,44119823
69192,230,1641,2,4,14.6,20027.3,6,0,0
212632,721,1841,2,4,1110.0,18575.9,1,0,0
3615913,2582,454,0,0,246.3,64551.0,7,0,0
888935,3032,798,2,1,2858.0,25054.9,5,8,14357602
722744,2474,1778,2,1,121.0,14496.7,5,9,31394452
758499,2587,1804,2,4,2100.0,38311.9,1,0,0
1644417,5574,1976,2,4,30.0,62310.4,6,0,0
1208442,4134,845,0,3,46152.0,74403.9,1,0,0
468983,1597,1320,2,1,2376.0,18796.7,5,4,13610762
87838,294,2169,2,1,145.0,78858.3,0,6,94949411
351111,1193,2104,0,3,14407.0,32023.0,1,0,0
566799,1930,1680,2,1,3223.0,17611.9,5,10,47185248
767032,2619,2138,2,1,5454.0,20941.7,5,1,54822903
575772,1961,1260,0,2,5764.0,23831.7,2,6,17707205
497128,1694,1710,2,4,32200.0,68890.8,1,0,0
330977,1127,956,2,4,11500.0,53458.9,1,0,0
748850,2553,1924,2,4,8500.0,37659.6,1,0,0
789017,2690,1831,2,4,400.0,41015.8,1,0,0
204295,693,698,2,4,14.6,47626.6,6,0,0
901412,3072,978,0,3,22227.0,56618.3,1,0,0
40615,132,1556,2,4,27600.0,47710.0,1,0,0
2788939,9235,2110,2,1,1735.0,62156.5,8,11,2864957
284577,977,325,2,4,7700.0,33110.9,1,0,0
489050,1669,1376,0,3,8343.0,9043.0,1,0,0
148612,496,1828,2,4,3240.0,28436.3,1,0,0
3331607,11065,741,2,1,1445.0,38460.4,8,7,13170600
514077,1759,1625,2,4,4800.0,19316.0,1,0,0
790913,2697,556,2,1,378.0,33260.3,5,4,87258666
967526,3297,1227,0,3,15762.0,41944.3,1,0,0
154083,517,771,0,3,23755.0,56437.0,1,0,0
392856,1335,1143,2,4,11300.0,37564.3,1,0,0
2910448,9640,1838,0,2,19106.0,53893.4,1,11,13876933
225160,767,947,2,1,3564.0,53363.0,5,6,91866522
2123343,7190,370,0,3,8092.0,40733.8,1,0,0
2810287,9307,1809,1,4,21122.0,58617.0,1,0,0
1503100,5125,1336,0,3,49010.0,78120.6,1,0,0
1253864,4287,2029,2,4,4000.0,21436.6,1,0,0
294008,1005,1469,0,2,34483.0,110974.4,1,9,48252707
2644022,8742,2103,2,1,6089.0,10614.2,3,13,45149773
1273988,4356,1680,2,4,2400.0,1409.6,1,0,0
237774,813,1586,2,4,2000.0,39697.7,1,0,0
279247,956,759,2,4,250.0,17716.1,1,0,0
2106618,7133,1106,2,1,2683.0,15013.2,5,2,49628651
871143,2967,2102,2,4,10700.0,15588.7,1,0,0
531903,1812,1616,0,2,3454.0,17277.9,1,1,276083
2477602,8173,2015,2,4,26700.0,75178.5,1,0,0
3598793,2063,2068,0,0,185.3,44745.6,7,0,0
3552477,662,1491,0,0,72.6,17509.1,7,0,0
3517540,10068,1794,0,0,231.3,39606.0,7,0,0
1019804,3482,1018,2,4,2080.0,17276.1,1,0,0
105415,359,1836,2,1,3544.0,19694.1,5,11,86209541
18054,61,773,2,1,1645.0,14890.9,5,3,20533621
593893,2022,760,2,4,14.6,17184.7,6,0,0
373744,1272,1644,0,3,12200.0,62555.8,1,0,0
872914,2973,1839,0,3,16369.0,42112.4,1,0,0
2253763,7437,2044,2,1,6901.0,28589.2,5,3,2692229
3410879,11320,1105,2,4,17900.0,34763.1,1,0,0
3627895,2942,2159,0,0,167.8,43330.9,7,0,0
957591,3261,1357,0,3,3800.0,39515.3,1,0,0
55343,185,1855,2,4,3000.0,42009.6,1,0,0
371921,1267,1863,2,1,21.0,24732.7,3,8,38344526
1047800,3583,1125,2,4,14.6,21746.1,6,0,0
584655,1990,2082,0,2,3253.0,31080.8,1,6,71556716
124110,417,1505,2,4,54600.0,57197.6,1,0,0
200131,679,2170,2,1,450.0,66027.5,0,6,27114582
70197,234,1452,2,4,2160.0,19571.7,1,0,0
418874,1420,1038,2,4,2300.0,24714.3,1,0,0
925236,3153,2140,0,3,36884.0,94641.2,1,0,0
397289,1352,2049,2,1,2976.0,55298.1,5,4,58356165
219864,747,637,2,4,14.6,20936.6,6,0,0
3542850,370,1611,0,0,93.9,23085.4,7,0,0
467198,1590,1159,2,1,127.0,31403.7,0,4,23429125
3677655,6686,1976,0,0,88.0,21700.8,7,0,0
1149518,3932,1929,2,1,1593.0,16127.9,5,11,38860297
2354006,7765,1197,2,1,2332.0,12136.2,8,5,74587321
238570,815,607,2,4,14.6,15232.7,6,0,0
3466230,3520,2037,0,0,79.5,15479.5,7,0,0
201195,683,1856,2,4,14.6,16563.4,6,0,0
2969019,9833,1867,2,1,6531.0,71281.4,5,10,35473787
477068,1626,1926,0,2,19776.0,35798.5,1,5,81949048
8023,29,1433,2,4,2880.0,23213.6,1,0,0
3637078,3226,1338,0,0,96.0,23182.6,7,0,0
2268199,7485,729,2,4,14.6,26524.6,6,0,0
1065804,3641,1884,2,4,14.6,18946.8,6,0,0
3647867,3568,1794,0,0,83.1,21210.6,7,0,0
599035,2038,1307,2,4,14.6,27029.8,6,0,0
979900,3342,2129,2,4,14.6,36036.2,6,0,0
1050354,3593,830,2,1,4524.0,27513.7,5,11,49978005
3572184,1268,2159,0,0,158.8,34027.8,7,0,0
806047,2747,941,2,4,14.6,25452.4,6,0,0
667660,2279,1794,2,4,30.0,41067.6,6,0,0
1020590,3484,1566,2,4,18300.0,15102.0,1,0,0
1063671,3633,1617,2,4,4600.0,30576.4,1,0,0
477181,1626,668,2,4,14.6,42096.1,6,0,0
870933,2967,1983,0,3,20788.0,37097.0,1,0,0
2777482,9192,1342,2,4,23500.0,41674.9,1,0,0
3609299,2396,1856,0,0,96.7,22450.6,7,0,0
3590367,1820,788,0,0,141.8,34983.0,7,0,0
3538800,244,1884,0,0,193.9,46512.7,7,0,0
2956594,9790,1976,2,4,14.6,68987.5,6,0,0
3451936,5372,1550,0,0,306.2,67868.6,7,0,0
473053,1610,690,2,4,2760.0,59337.6,1,0,0
974564,3320,1830,2,4,690.0,18784.2,1,0,0
3656149,3804,1884,0,0,120.5,32107.4,7,0,0
690796,2360,2006,2,4,14.6,51150.4,6,0,0
3439515,847,1794,0,0,103.6,23541.9,7,0,0
82980,278,1193,0,3,700.0,700.0,1,0,0
143493,481,1408,2,1,64.0,25123.8,5,4,50636059
252976,866,1312,2,1,3844.0,36589.3,0,7,70676672
1486626,5066,1411,2,1,2568.8,31599.4,8,2,56157791
3442824,1553,1611,0,0,122.0,44859.0,7,0,0
387333,1316,1957,2,1,619.0,16148.0,1,12,87733494
326751,1116,1378,0,3,12129.0,49376.0,1,0,0
3440755,1109,1063,0,0,184.9,46180.5,7,0,0
775589,2645,591,2,4,2600.0,27720.6,1,0,0
420223,1425,1473,2,1,4069.0,51350.7,5,7,22342765
2407939,7944,1454,2,4,3840.0,69367.1,1,0,0
537543,1829,284,2,1,3684.0,30993.8,5,11,42750388
555538,1891,643,2,1,293.0,25182.9,3,5,13493419
1504636,5129,578,0,3,6200.0,11645.1,1,0,0
3621047,2738,1338,0,0,113.4,22906.0,7,0,0
1123707,3837,537,2,4,8600.0,35946.3,1,0,0
771543,2632,1801,2,4,5300.0,29959.2,1,0,0
565736,1926,278,2,1,2643.0,21268.6,5,12,87020074
780793,2662,1945,2,4,14.6,18862.6,6,0,0
362266,1231,1580,2,4,14.6,34468.5,6,0,0
3136913,10411,1863,2,1,3020.0,20834.7,5,10,41324371
1977617,6701,1157,0,3,47775.0,139856.3,1,0,0
844627,2876,1830,0,3,17385.0,37703.7,1,0,0
3643268,3421,1154,0,0,125.1,31671.5,7,0,0
3664101,4361,1215,0,0,274.0,81336.8,7,0,0
105414,359,1805,2,1,3544.0,18658.4,5,11,86209541
997794,3407,809,1,4,6015.0,16652.9,1,0,0
53404,177,1868,0,3,19450.0,66427.9,1,0,0
39775,128,679,2,4,3500.0,31578.1,1,0,0
1098330,3752,1490,2,4,2400.0,47817.3,1,0,0
468953,1597,1862,0,2,6701.0,38745.4,2,10,69547152
109033,368,1063,2,4,14.6,19997.8,6,0,0
3035505,10063,2110,2,1,6483.7,45227.0,8,11,42204785
919266,3133,739,2,4,720.0,22010.9,1,0,0
1016490,3474,1928,2,1,240.0,24615.5,0,13,72860312
634556,2167,1329,2,4,7700.0,35154.9,1,0,0
3608366,2370,1884,0,0,192.0,63472.3,7,0,0
1026444,3505,1652,2,1,3823.0,55946.4,5,6,66976618
1437097,4894,710,2,4,31300.0,64465.0,1,0,0
934364,3188,1836,2,4,2160.0,29053.1,1,0,0
372986,1270,2082,0,2,12464.0,26415.7,1,13,60244399
981543,3350,1438,0,3,12194.0,31800.2,1,0,0
763760,2608,1491,2,4,14.6,22110.2,6,0,0
728498,2490,1703,2,4,14.6,43276.7,6,0,0
427136,1451,1010,2,1,3734.0,28370.7,5,11,44489443
1093473,3738,362,2,4,23000.0,49233.8,1,0,0
699813,2394,1986,2,1,182.0,23200.2,0,2,11698562
1060247,3624,1400,0,3,46121.0,90191.8,1,0,0
195374,662,705,2,1,3330.0,29962.3,5,11,32952279
262117,897,1483,2,5,3900.0,25277.4,1,0,0
1106715,3780,1197,2,1,1241.0,28719.4,0,1,77057331
466327,1587,1890,2,4,14600.0,13886.1,1,0,0
205084,697,1470,2,1,6372.0,63664.3,5,10,77658992
771150,2632,1286,2,1,2042.0,26344.0,5,3,40250009
1084497,3704,862,2,1,3046.0,26229.6,5,13,11861372
251263,862,888,0,2,66500.0,98430.5,1,13,2834439
64731,216,1836,0,2,6460.0,25986.5,2,12,80643814
3513200,9635,2129,0,0,17.8,8671.2,7,0,0
3440827,1112,1825,0,0,242.4,61891.1,7,0,0
215891,733,1519,2,4,5700.0,67066.7,1,0,0
1441165,4907,1464,2,4,2640.0,26361.4,1,0,0
2489621,8212,1307,2,4,100.0,91445.7,6,0,0
703140,2409,1888,0,3,3200.0,43979.2,1,0,0
264016,902,1070,2,1,1726.0,35839.4,3,9,46706521
1065170,3639,1924,2,4,960.0,16095.2,1,0,0
350468,1190,2092,2,4,4800.0,19524.6,1,0,0
883058,3008,1647,0,2,6934.0,43476.1,2,9,33148783
924843,3152,1313,0,3,11922.0,30154.7,1,0,0
62066,206,1002,2,4,14.6,32452.3,6,0,0
1440875,4907,1685,0,3,15521.0,46722.5,1,0,0
777198,2649,310,2,4,1700.0,22779.9,1,0,0
1342055,4585,1684,2,1,1347.0,39684.4,8,4,3908431
3658016,3863,395,0,0,160.3,39542.9,7,0,0
1142177,3905,1915,2,4,100.0,25691.7,6,0,0
791055,2697,490,2,1,629.0,23358.9,3,3,3080630
2592264,8564,796,2,1,5483.0,27191.2,0,3,30920487
2523612,8327,1434,2,1,4104.0,25010.4,5,11,66402190
532239,1813,1103,2,1,812.0,31141.6,5,4,39702093
669848,2286,2020,0,2,10285.0,19279.2,1,9,65957486
894356,3049,972,2,4,14.6,25736.6,6,0,0
630173,2151,1832,2,1,1227.0,15396.6,0,4,97779327
853524,2909,2172,2,1,7036.0,44168.5,5,6,14482391
694456,2375,1709,2,1,7022.0,44205.2,0,6,35131472
342098,1161,2143,0,2,5921.0,47149.7,2,3,63046806
3508776,9188,2068,0,0,79.5,25031.4,7,0,0
499186,1701,1781,0,3,35210.0,122974.6,1,0,0
606181,2063,1804,2,1,1542.0,44667.8,5,13,7305825
6400,25,1489,2,4,7800.0,29115.5,1,0,0
3475175,8411,1915,0,0,101.1,31112.4,7,0,0
537735,1829,1215,2,4,14.6,15325.7,6,0,0
3511053,9422,1703,0,0,259.4,55790.3,7,0,0
701168,2399,2159,2,4,14.6,47270.2,6,0,0
687133,2346,1346,0,3,11519.0,67071.4,1,0,0
592256,2015,2108,2,4,2600.0,34726.0,1,0,0
680467,2322,1317,2,4,11400.0,30894.4,1,0,0
1125816,3845,1431,2,4,4700.0,35761.7,1,0,0
576887,1965,1373,2,1,9541.0,64219.8,5,5,40902030
176159,594,1399,2,4,14.6,20457.6,6,0,0
3682366,6083,2190,0,0,5.4,5198.8,7,0,0
194400,658,1881,2,4,3680.0,17945.7,1,0,0
762563,2603,1825,2,4,14.6,27358.3,6,0,0
3591383,1843,1063,0,0,139.9,32778.7,7,0,0
832899,2836,1764,2,4,14.6,45726.2,6,0,0
2094666,7099,1593,2,1,11766.0,50081.8,0,9,8235311
3622207,2770,1185,0,0,103.2,25049.8,7,0,0
1114187,3805,2159,2,4,14.6,29863.5,6,0,0
3571117,1231,1611,0,0,136.2,36984.7,7,0,0
515541,1762,606,2,4,1560.0,39976.6,1,0,0
809291,2758,578,2,4,840.0,25267.7,1,0,0
781663,2665,1020,0,3,1600.0,30678.4,1,0,0
3618198,2650,1884,0,0,103.9,42595.2,7,0,0
814838,2774,1801,0,3,8163.0,21772.2,1,0,0
707815,2424,1159,2,1,14138.0,83562.2,5,3,92266177
565204,1924,1500,2,1,1962.0,28950.0,5,12,86879318
306906,1047,529,0,3,9763.5,10563.5,1,0,0
870653,2965,1672,2,4,14.6,11422.4,6,0,0
795891,2711,760,2,4,14.6,22862.2,6,0,0
310883,1059,1041,2,1,1914.0,15011.7,0,10,66466748
991627,3381,2043,2,1,9971.0,8815.9,5,12,40119654
3586291,1696,1764,0,0,90.8,22234.0,7,0,0
1005559,3432,1550,2,4,14.6,19423.4,6,0,0
3444000,1818,2068,0,0,156.1,36516.9,7,0,0
120316,403,2129,2,4,14.6,73712.7,6,0,0
3610385,2429,576,0,0,205.1,44156.1,7,0,0
825335,2812,1483,2,4,1680.0,36157.4,1,0,0
1167036,3999,2139,2,1,563.0,104094.7,3,6,77352034
936563,3196,1154,2,4,14.6,29647.5,6,0,0
1910963,6473,886,1,4,3711.0,65353.1,1,0,0
1133853,3874,912,0,3,6400.0,19832.6,1,0,0
823911,2807,2002,0,3,2800.0,18501.9,1,0,0
1266639,4332,2121,0,3,26765.0,51593.8,1,0,0
103477,353,1807,2,1,879.0,47724.8,0,2,53546470
518036,1770,1073,0,3,31526.0,75353.2,1,0,0
963620,3284,1254,0,3,10963.5,31613.6,1,0,0
3678319,6792,1611,0,0,180.3,46612.8,7,0,0
68767,228,870,2,4,18000.0,36290.0,1,0,0
1166646,3998,2114,2,4,5880.0,32705.6,1,0,0
1580588,5372,738,2,4,49000.0,78561.9,1,0,0
827467,2818,744,2,4,13500.0,23688.7,1,0,0
27733,91,2006,2,4,14.6,-3462.1,6,0,0
56341,188,1408,2,1,7426.0,59098.3,5,1,26629168
302718,1031,1316,0,3,17205.0,54080.5,1,0,0
530871,1809,668,2,4,30.0,13532.7,6,0,0
3565958,1075,2098,0,0,225.6,50764.6,7,0,0
537729,1829,1033,2,4,14.6,17531.1,6,0,0
3575624,1377,2159,0,0,56.6,14206.9,7,0,0
853927,2911,1654,2,1,617.0,18155.0,5,13,52539229
217416,739,1381,0,3,23612.0,69654.4,1,0,0
803083,2737,1703,2,4,14.6,52615.3,6,0,0
555531,1891,429,2,1,293.0,22267.1,3,5,13493419
892063,3040,1580,2,4,14.6,17283.4,6,0,0
3660361,3936,1884,0,0,113.1,27541.6,7,0,0
1045938,3576,1125,2,4,14.6,18467.1,6,0,0
1766217,5991,1522,2,4,1320.0,31829.0,1,0,0
880117,2998,1959,2,1,3170.0,48936.9,5,8,27213704
125124,421,2142,2,1,5571.0,15748.0,5,13,94967096
3465742,3445,1641,0,0,121.6,45592.2,7,0,0
845757,2880,1466,2,4,2520.0,26379.2,1,0,0
814197,2771,1249,2,4,11600.0,35686.8,1,0,0
2434580,8026,2112,2,4,15200.0,74481.6,1,0,0
2868665,9493,943,2,4,3000.0,44631.5,1,0,0
3627896,2942,2190,0,0,191.1,47912.4,7,0,0
1200914,4109,895,0,3,300.0,22499.0,1,0,0
657691,2247,2141,2,1,592.0,57947.4,5,8,77294456
3509984,9307,1976,0,0,120.3,84419.5,7,0,0
365179,1241,1832,2,1,227.0,17783.5,3,12,87002157
632795,2161,1503,2,1,1068.0,42021.0,0,12,86137514
323359,1105,1776,2,1,1839.0,28965.2,5,3,96368914
1046875,3580,2045,2,1,3430.0,56585.0,5,3,31000817
412261,1402,2184,2,4,1200.0,24588.8,1,0,0
220809,750,1166,2,1,6615.0,48876.8,5,13,4588097
708194,2425,1224,2,1,5936.0,27569.3,5,6,64028662
1215200,4159,279,0,3,3300.0,20096.8,1,0,0
52018,173,760,2,4,840.0,16690.8,1,0,0
987674,3368,1409,2,1,176.0,45413.4,3,11,2184236
566734,1930,1894,0,2,6520.0,22543.4,2,2,66582178
3623777,2823,1215,0,0,74.3,17897.3,7,0,0
209611,711,1764,2,4,14.6,44025.7,6,0,0
3088306,10243,2126,2,4,11100.0,25209.8,1,0,0
1018877,3480,1696,2,4,15300.0,49206.7,1,0,0
55408,186,1065,0,3,41811.0,127246.8,1,0,0
2931617,9707,187,1,4,15729.0,22850.1,1,0,0
3630849,3035,1611,0,0,217.8,37868.9,7,0,0
3583892,1628,1368,0,0,78.8,17652.0,7,0,0
953991,3253,1452,0,3,39159.0,74880.9,1,0,0
123589,415,1063,2,4,14.6,30793.8,6,0,0
1065628,3641,1315,0,2,3371.0,20411.1,1,5,64889794
801311,2732,2127,2,4,30200.0,57281.3,1,0,0
1088459,3718,1190,0,3,900.0,24145.2,1,0,0
5727,23,423,2,4,14.6,39523.9,6,0,0
1160715,3974,1344,2,4,4800.0,26903.2,1,0,0
802683,2736,1714,2,1,4604.0,13377.6,5,10,28956604
1095511,3745,374,2,1,841.0,42860.9,0,11,77627140
215308,731,1107,0,2,4059.0,17017.9,2,8,46369719
1001693,3419,1226,2,1,532.0,23551.3,0,9,88912635
3569341,1173,1856,0,0,67.1,13774.9,7,0,0
3574456,1335,1460,0,0,188.4,40549.4,7,0,0
338915,1149,1009,0,3,10500.0,10700.0,1,0,0
541258,1840,2037,2,4,14.6,18857.1,6,0,0
978379,3336,956,2,4,3000.0,22173.6,1,0,0
982525,3353,1714,2,1,58.0,53116.8,0,2,19594610
284561,977,1884,2,4,14.6,79149.0,6,0,0
3615304,2562,1580,0,0,74.7,17817.0,7,0,0
2343760,7733,1486,2,4,3300.0,52160.8,1,0,0
299592,1020,1682,0,2,2984.0,16165.9,1,12,48951882
30766,100,1981,0,3,17836.5,74701.7,1,0,0
2722013,9006,1861,2,4,12000.0,38620.7,1,0,0
3460485,1885,2006,0,0,129.1,31164.6,7,0,0
1144452,3915,400,0,3,23131.0,58215.7,1,0,0
3658078,3864,1368,0,0,63.5,23782.6,7,0,0
3634005,3133,1519,0,0,92.5,20972.0,7,0,0
2979111,9869,675,2,1,5887.0,21309.2,5,13,58726429
520000,1775,880,2,4,14.6,31228.5,6,0,0
1155320,3953,1957,0,2,31786.0,84188.7,1,12,98710947
987304,3367,395,2,4,14.6,46126.9,6,0,0
416083,1412,1331,2,4,1200.0,29397.2,1,0,0
890001,3035,1101,2,1,7524.0,41254.8,5,6,58785599
763757,2608,1399,2,4,14.6,21307.6,6,0,0
2425403,7997,1240,2,4,9000.0,36110.0,1,0,0
1053224,3602,2037,2,4,14.6,46940.7,6,0,0
94558,321,1945,2,4,14.6,24492.2,6,0,0
785942,2677,1805,2,1,158.0,57846.1,0,13,80062365
1341040,4580,1048,2,4,20900.0,87478.3,1,0,0
547101,1862,1411,2,1,6601.7,79960.8,8,13,95449792
3629167,2980,1246,0,0,80.2,18629.7,7,0,0
133191,446,1167,2,1,6941.0,58509.4,5,3,81248056
301869,1027,1958,0,2,3868.0,15842.0,1,4,36504340
3554479,728,2190,0,0,78.7,21518.0,7,0,0
30642,99,1663,2,4,36800.0,86085.1,1,0,0
670725,2290,2016,0,2,6298.0,24672.7,2,3,68237256
1083585,3701,521,0,2,6192.0,27118.0,2,7,65036064
744840,2542,607,2,4,14.6,26513.1,6,0,0
704786,2413,2098,2,4,14.6,31061.4,6,0,0
366716,1247,1684,2,1,2077.0,62350.2,8,13,9652227
48017,161,2016,0,2,4419.0,21559.8,2,7,61771410
149131,497,1491,2,4,14.6,39293.7,6,0,0
72182,239,1109,0,3,6500.0,55343.5,1,0,0
3659774,3918,1002,0,0,137.5,32234.0,7,0,0
3232363,10728,1018,1,4,5953.0,37540.2,1,0,0
415925,1412,1713,2,1,1773.0,31827.6,0,7,65591120
477643,1628,131,0,2,4276.0,22155.6,2,11,15916598
786405,2680,1216,1,4,10493.0,17515.0,1,0,0
186225,630,869,2,4,500.0,16998.0,1,0,0
738250,2522,1819,2,4,6600.0,8080.5,1,0,0
578958,1970,1915,2,4,14.6,69691.2,6,0,0
306952,1047,1929,0,3,6509.0,22421.1,1,0,0
635840,2170,1884,2,4,100.0,70743.1,6,0,0
999976,3413,2023,0,3,900.0,104883.4,1,0,0
3655063,3772,1945,0,0,203.2,43664.3,7,0,0
3645900,3504,1672,0,0,67.5,13424.7,7,0,0
1787029,6061,2105,0,3,21417.0,41230.8,1,0,0
1169080,4008,1357,2,4,2300.0,26500.0,1,0,0
3536910,196,395,0,0,106.5,27707.4,7,0,0
1011246,3456,429,2,1,1500.0,27791.7,5,13,52054703
1012990,3464,1466,0,3,7522.0,31104.6,1,0,0
1104938,3775,1123,2,4,1280.0,14994.5,1,0,0
439855,1495,1398,2,5,1900.0,46212.7,1,0,0
414869,1410,436,0,3,20795.0,63910.4,1,0,0
722375,2472,1093,2,4,10500.0,55749.4,1,0,0
1146991,3923,1611,2,4,14.6,78259.0,6,0,0
759246,2590,2104,0,2,3030.0,17186.4,1,12,8662593
1546821,5263,1989,0,3,8888.0,59922.1,1,0,0
780957,2663,1482,2,4,3150.0,17579.3,1,0,0
634102,2166,2142,2,1,5263.0,23058.4,3,11,73421168
1038267,3551,1349,2,1,290.0,28834.4,3,4,22486317
1088786,3720,740,2,1,2957.0,23994.4,5,11,84661042
32254,104,1159,0,2,3063.0,24523.0,1,13,13231766
307671,1049,2075,2,1,1545.0,29175.4,5,3,93252652
982774,3354,1102,0,3,10352.0,32960.8,1,0,0
1596021,5422,2142,2,1,2320.0,19134.0,0,12,95722668
1450487,4937,1246,2,4,14.6,53014.3,6,0,0
443213,1507,724,2,4,17800.0,43921.1,1,0,0
194177,657,849,0,3,3100.0,24929.2,1,0,0
48765,163,1593,2,1,3116.0,30584.4,5,11,86180990
947675,3230,1135,0,3,46584.0,102237.9,1,0,0
971103,3309,1532,2,1,2991.0,26343.8,0,3,46898156
1098681,3753,1246,2,4,14.6,22176.0,6,0,0
274863,942,2172,0,3,36347.0,74560.5,1,0,0
887414,3026,607,2,4,14.6,14781.6,6,0,0
231633,788,1792,2,4,2160.0,25165.1,1,0,0
474014,1614,1561,2,1,5763.0,59667.2,5,2,41090893
602773,2052,677,2,1,4278.0,30843.8,5,3,4608887
463477,1577,1741,2,1,1282.0,23308.7,5,6,69888543
2730812,9034,559,2,1,9115.0,39480.5,3,1,22182023
825832,2813,734,2,4,3240.0,16033.6,1,0,0
300272,1022,1207,0,3,1400.0,47208.5,1,0,0
49510,165,1338,2,4,14.6,25350.7,6,0,0
1096803,3748,590,2,1,308.0,16915.3,1,9,77061086
391028,1330,1839,2,4,5100.0,48237.2,1,0,0
1119475,3824,819,2,4,14.6,26420.4,6,0,0
1793880,6083,1608,2,4,7600.0,21755.5,1,0,0
3526471,10973,637,0,0,320.4,88317.5,7,0,0
3571485,1244,1915,0,0,60.5,13104.6,7,0,0
3555707,764,2159,0,0,85.7,21748.0,7,0,0
164126,548,1752,2,4,7800.0,19378.5,1,0,0
2502904,8261,1703,2,4,14.6,21458.0,6,0,0
3661404,3973,1856,0,0,117.0,30495.0,7,0,0
667033,2276,2037,2,4,14.6,35431.9,6,0,0
3566780,1102,1945,0,0,109.0,24493.2,7,0,0
1114683,3807,1848,2,5,1100.0,59936.7,1,0,0
143621,481,2006,2,4,14.6,50435.6,6,0,0
3551620,638,1550,0,0,94.5,18103.2,7,0,0
313123,1069,1532,0,2,4621.0,18541.0,2,1,64733224
381669,1297,339,0,3,30766.5,74443.7,1,0,0
3580582,1523,1915,0,0,276.2,51706.2,7,0,0
887807,3028,1013,0,2,4214.0,17273.0,2,4,87715136
3145990,10440,819,2,4,14.6,22919.2,6,0,0
500910,1706,1124,0,3,4900.0,34284.7,1,0,0
518552,1771,369,2,4,900.0,22885.8,1,0,0
2454702,8094,1805,2,1,5665.0,95068.7,5,2,81951832
100014,342,1713,2,1,2332.0,19076.9,1,6,44861531
2908730,9635,1260,0,2,4470.0,12999.2,2,2,37906074
466109,1586,1580,2,4,14.6,55721.4,6,0,0
72129,239,1794,2,4,30.0,77069.6,6,0,0
388171,1319,1960,2,4,8700.0,93832.3,1,0,0
302727,1031,1589,0,3,17205.0,47612.4,1,0,0
253133,866,1307,2,4,14.6,40433.3,6,0,0
3653682,3735,1519,0,0,183.3,58720.2,7,0,0
895464,3051,1672,2,4,14.6,34940.3,6,0,0
3603888,2232,2159,0,0,232.1,57711.0,7,0,0
682227,2328,1161,2,4,2480.0,30510.7,1,0,0
2976653,9859,1854,2,4,4600.0,30946.4,1,0,0
973794,3318,2044,2,1,667.0,12734.1,1,3,97567843
1076383,3677,1581,2,4,1110.0,12730.5,1,0,0
3632690,3094,545,0,0,145.8,28511.0,7,0,0
209461,711,949,2,1,3243.0,28698.4,5,1,97111349
695792,2379,2169,0,3,7608.0,30278.8,1,0,0
1424233,4852,922,0,3,7191.0,34810.8,1,0,0
538997,1832,1856,2,4,14.6,24640.1,6,0,0
337101,1145,554,2,1,478.0,14281.5,1,5,24233013
247527,851,1680,2,1,3254.0,48111.3,5,4,75825410
514586,1761,556,2,1,3048.0,28687.5,5,1,93704944
14394,47,819,2,4,14.6,27904.4,6,0,0
3464125,2915,2129,0,0,281.3,60757.4,7,0,0
933439,3184,861,0,2,5115.0,24630.0,2,13,90299844
558364,1899,1853,2,4,1120.0,17534.1,1,0,0
904756,3083,2068,2,4,14.6,37600.0,6,0,0
3479751,9265,1094,0,0,298.8,90531.1,7,0,0
1342860,4588,1826,2,4,1600.0,4740.4,1,0,0
1031582,3525,1124,0,3,4800.0,25690.5,1,0,0
1128212,3854,1893,0,3,1700.0,23364.1,1,0,0
216619,737,1407,2,1,2817.0,21922.4,5,12,70212787
767980,2622,1482,2,4,600.0,22474.7,1,0,0
2454256,8092,1700,2,4,4400.0,11853.4,1,0,0
150793,503,2037,2,4,14.6,43881.7,6,0,0
1005064,3430,1836,0,2,3844.0,22619.0,1,4,99804210
346240,1174,1168,0,3,21904.0,51805.7,1,0,0
641249,2189,1225,2,1,2803.0,45553.9,3,1,32410866
3558651,862,1215,0,0,250.1,53545.8,7,0,0
692170,2365,1074,2,1,3061.0,24454.8,5,6,22873586
775579,2645,291,2,4,8700.0,34450.4,1,0,0
3458939,11320,1185,0,0,100.4,27728.4,7,0,0
464526,1580,1233,2,4,20000.0,104435.7,1,0,0
120237,403,1440,2,5,1300.0,54008.7,1,0,0
688173,2350,1801,2,1,575.0,33790.0,5,6,56521683
3634891,3158,1672,0,0,82.2,19544.5,7,0,0
1897480,6425,598,2,4,2700.0,28922.8,1,0,0
1061827,3628,1550,2,4,14.6,58609.5,6,0,0
345180,1169,1803,2,1,7748.0,23716.6,5,3,74447035
117133,395,1374,0,3,22054.0,56358.5,1,0,0
603928,2056,185,0,3,32230.0,80367.0,1,0,0
569628,1938,1733,2,4,14.6,40876.7,6,0,0
1033634,3534,1488,2,4,1080.0,24192.0,1,0,0
365410,1242,1771,2,1,4910.0,23554.2,5,4,12355560
1911027,6473,1095,2,4,3300.0,43403.3,1,0,0
1125414,3844,1101,2,1,2260.0,16407.9,1,11,74524152
921838,3142,1896,0,2,6029.0,22178.0,2,8,10931772
488677,1666,632,2,4,700.0,28508.5,1,0,0
3603176,2213,1976,0,0,143.7,35153.3,7,0,0
1142891,3909,1834,2,1,8279.0,40752.4,5,13,4480547
380263,1292,1251,2,1,221.0,42580.1,3,6,75588404
890289,3035,1794,2,4,30.0,53896.9,6,0,0
983534,3355,1473,2,4,1840.0,41221.2,1,0,0
2586433,8547,2110,2,1,4806.5,25334.1,8,1,64253020
859242,2928,1473,0,2,5531.0,31899.3,2,5,7849169
764067,2609,1437,2,4,3300.0,30675.6,1,0,0
744397,2541,2116,2,4,400.0,56488.7,1,0,0
3470824,4484,637,0,0,172.2,27663.6,7,0,0
120225,403,489,2,4,3920.0,23819.4,1,0,0
929016,3166,747,2,4,27600.0,6351.8,1,0,0
3512061,9510,1550,0,0,189.2,44585.0,7,0,0
1535014,5228,1282,2,4,6400.0,39820.4,1,0,0
528555,1803,1808,2,1,1474.0,50351.1,5,1,29663437
2780890,9203,1887,2,4,14800.0,72288.7,1,0,0
1055420,3609,753,2,4,2160.0,52444.9,1,0,0
362738,1234,436,0,2,6390.0,31373.0,2,6,57374542
791743,2699,1561,2,4,35600.0,65397.1,1,0,0
908098,3094,893,2,1,21.0,49279.9,3,5,79572272
763174,2606,1438,2,1,2443.0,32718.8,0,4,97712260
141312,472,1979,2,4,35300.0,57083.1,1,0,0
3570231,1201,1915,0,0,209.9,52655.6,7,0,0
90164,304,1884,2,4,14.6,26886.0,6,0,0
278933,955,1864,0,3,13861.0,24322.3,1,0,0
3134895,10404,2042,2,1,100.0,33901.9,3,1,21209323
947938,3230,1879,0,3,6800.0,16197.8,1,0,0
442612,1505,1368,2,4,14.6,23386.3,6,0,0
2735939,9051,1611,2,4,30.0,109658.4,6,0,0
863716,2940,444,0,3,6000.0,15912.7,1,0,0
219890,747,1429,2,4,14.6,17092.7,6,0,0
692755,2367,2068,2,4,14.6,49641.0,6,0,0
1291223,4413,1159,2,4,12200.0,25251.5,1,0,0
3654331,3751,1794,0,0,120.9,32660.1,7,0,0
778979,2655,1440,2,1,1339.0,59591.3,3,6,9168452
3582030,1571,1915,0,0,134.0,26742.8,7,0,0
439548,1494,2068,2,4,14.6,69054.2,6,0,0
1041733,3562,1580,2,4,14.6,49806.3,6,0,0
3595984,1978,972,0,0,199.3,38457.4,7,0,0
435980,1481,1298,2,4,600.0,18506.5,1,0,0
512364,1754,1764,2,4,14.6,51053.6,6,0,0
2023256,6856,2112,2,1,794.0,26723.0,0,13,61659604
301817,1026,2068,2,4,14.6,46861.9,6,0,0
592677,2017,2098,2,4,14.6,19698.5,6,0,0
1113348,3803,1945,2,4,14.6,23937.4,6,0,0
812489,2768,1133,0,3,400.0,29675.3,1,0,0
3597269,2016,1550,0,0,12.0,12763.0,7,0,0
2676038,8856,1658,2,4,9700.0,98079.7,0,0,0
684220,2335,1757,2,4,7800.0,-5383.4,1,0,0
85606,287,1590,2,1,1572.0,17450.0,0,3,36382317
3459286,32,2006,0,0,221.6,46071.7,7,0,0
1166422,3997,1067,2,4,3800.0,25020.5,1,0,0
119092,400,1524,0,3,13777.0,58456.9,1,0,0
2407885,7944,828,0,3,20568.0,66301.2,1,0,0
1649490,5591,1927,2,1,345.0,70622.1,3,8,87980109
730017,2496,772,0,3,7473.0,21509.8,1,0,0
3607809,2354,1580,0,0,47.7,22947.7,7,0,0
3554729,738,1429,0,0,357.6,83780.3,7,0,0
761457,2599,2107,2,4,12900.0,78440.0,5,0,0
2370083,7815,1586,2,1,268.0,85834.3,0,10,1738054
2776111,9188,760,2,4,14.6,22296.2,6,0,0
687172,2346,1564,2,1,334.0,37688.7,5,11,36571818
1159052,3969,1013,2,1,4299.0,27291.9,5,9,24362379
110930,375,1253,0,3,1100.0,1100.0,1,0,0
511188,1749,1252,2,4,33300.0,84451.3,1,0,0
776556,2648,1945,2,4,14.6,37756.1,6,0,0
3600515,2123,1580,0,0,67.7,16952.0,7,0,0
220645,749,1856,2,4,14.6,28054.2,6,0,0
3442075,1356,1580,0,0,102.9,27525.4,7,0,0
519368,1773,1483,2,4,480.0,14341.7,1,0,0
521483,1780,369,0,3,24999.0,72944.7,1,0,0
3674017,6030,1399,0,0,214.2,50218.3,7,0,0
731657,2501,1832,0,3,18521.0,66705.5,1,0,0
3617392,2627,972,0,0,84.1,20866.1,7,0,0
956487,3259,1275,0,3,3200.0,33575.9,1,0,0
147068,492,2022,2,4,3300.0,19911.3,1,0,0
709375,2427,2079,2,1,2342.0,23050.1,3,11,48815095
820337,2793,732,2,4,480.0,21464.2,1,0,0
391162,1331,1317,0,2,10790.0,32813.2,1,13,69191479
1787185,6062,1557,0,2,37379.0,84149.7,1,9,87766652
59214,197,505,2,4,12900.0,38030.3,1,0,0
797052,2714,869,2,4,2800.0,23397.1,1,0,0
695525,2378,1125,2,4,14.6,45050.9,6,0,0
1149326,3931,1841,2,5,2900.0,64684.0,1,0,0
1059039,3620,2143,0,3,500.0,15281.9,1,0,0
1033810,3535,1470,0,2,3197.0,19791.3,1,2,89602392
2349943,7753,379,2,4,4800.0,40968.1,1,0,0
834920,2841,759,2,4,3360.0,15717.8,1,0,0
3596955,2006,2098,0,0,86.7,22058.7,7,0,0
461501,1568,1550,2,4,14.6,43057.3,6,0,0
1598840,5428,2066,0,3,32121.0,53718.0,1,0,0
1144786,3915,1681,2,4,10200.0,54268.7,1,0,0
7867,29,862,2,1,829.0,53374.5,0,7,93088209
3439722,942,1338,0,0,219.5,43794.1,7,0,0
863649,2940,423,2,4,14.6,17068.7,6,0,0
3232499,10728,1672,2,4,14.6,49011.2,6,0,0
1580448,5372,1115,2,4,5700.0,94934.9,1,0,0
766182,2617,620,0,2,3050.0,16634.8,1,3,66249376
899226,3064,1222,2,4,100.0,36109.9,1,0,0
676874,2313,2075,0,2,11580.0,41059.0,1,2,38014137
2956252,9790,2164,0,3,27042.0,119240.7,1,0,0
19422,66,1924,0,2,44713.0,85344.9,1,6,76316427
401974,1368,1891,2,4,3700.0,19775.5,1,0,0
1387885,4729,1619,0,3,13737.0,14037.0,1,0,0
859104,2927,2161,1,4,21472.0,39857.4,1,0,0
1356760,4631,2162,2,4,6300.0,47730.0,1,0,0
323085,1104,1432,2,4,1600.0,30870.6,1,0,0
887827,3028,1622,0,2,4214.0,18775.5,2,4,87715136
388906,1322,1806,2,1,1431.0,27488.6,0,8,6584710
476723,1625,2103,2,1,1727.0,27954.9,0,4,10578328
3161952,10493,1709,2,1,8594.0,63315.4,5,13,11884606
3526501,10973,1550,0,0,141.6,24760.2,7,0,0
3566222,1083,1764,0,0,110.6,27775.6,7,0,0
53833,179,1845,2,4,16600.0,53244.1,1,0,0
251139,861,1065,2,4,10500.0,21348.7,1,0,0
2408019,7944,1399,2,4,14.6,71565.6,6,0,0
192145,652,1469,0,3,13851.0,60345.9,1,0,0
749634,2555,484,2,4,14.6,47393.6,6,0,0
207584,704,423,2,4,14.6,34102.6,6,0,0
474058,1614,1997,2,4,19200.0,68994.2,1,0,0
800638,2731,1138,2,1,5044.0,65904.5,5,2,94928621
3527812,11111,1063,0,0,158.6,31963.6,7,0,0
3457030,9707,1399,0,0,224.8,35917.9,7,0,0
3592372,1874,1945,0,0,119.3,29614.8,7,0,0
1921572,6512,1842,2,4,6900.0,941.4,1,0,0
488788,1667,2049,0,3,4537.0,18316.8,1,0,0
168269,562,1765,2,4,9700.0,46752.5,1,0,0
73395,243,459,2,4,16200.0,45130.3,1,0,0
1055719,3610,2108,2,1,1502.0,22234.3,5,5,97961097
297766,1016,1285,2,1,2155.0,40657.6,0,7,21620893
905,3,2044,2,1,327.0,30159.4,0,2,24485939
1064917,3638,1683,2,1,14417.0,44334.3,5,5,81354158
3447568,1993,1519,0,0,94.3,30444.9,7,0,0
1097185,3749,1984,0,3,35169.0,75734.4,1,0,0
816050,2779,644,2,1,10.0,45735.5,3,13,93445163
2733347,9041,2134,2,4,25000.0,29407.8,1,0,0
404634,1378,1320,0,3,24419.0,79312.5,1,0,0
786648,2681,1556,0,3,23938.0,75316.8,1,0,0
587685,2000,2165,2,1,14.0,47419.4,3,1,32802260
542460,1844,1703,2,4,14.6,36016.6,6,0,0
895042,3050,1399,2,4,14.6,30269.3,6,0,0
673851,2302,1507,2,4,1400.0,35261.8,1,0,0
952962,3249,1574,2,4,3500.0,21102.4,1,0,0
3655431,3781,1276,0,0,360.5,84998.3,7,0,0
3625066,2862,729,0,0,231.7,42972.4,7,0,0
908950,3096,1471,2,1,8.0,34247.6,3,3,74155062
171035,574,855,0,2,40486.0,100397.2,1,5,7372451
847474,2886,1769,0,3,5209.0,33384.8,1,0,0
733521,2507,1747,0,3,6834.0,27638.4,1,0,0
3640018,3306,1550,0,0,116.9,27647.6,7,0,0
323341,1105,1227,2,1,1839.0,19118.7,5,3,96368914
150336,501,1342,2,4,10200.0,29713.6,1,0,0
355936,1206,1256,0,2,5383.0,23446.4,2,13,91859644
831191,2829,2080,2,4,2000.0,15932.3,1,0,0
536348,1826,566,2,4,11400.0,33625.6,1,0,0
991005,3378,1067,0,3,1000.0,39655.0,1,0,0
147384,493,2049,2,4,15700.0,32887.0,1,0,0
966264,3292,2129,2,4,14.6,22594.4,6,0,0
1033982,3535,1616,2,4,1470.0,21066.4,1,0,0
782207,2666,1956,2,1,1287.0,13648.7,0,3,41393333
695843,2379,1528,2,1,3190.0,13550.5,5,1,13537359
117129,395,1252,0,3,33081.0,54932.3,1,0,0
1730718,5868,1491,2,4,14.6,23013.4,6,0,0
280027,959,2075,2,1,579.0,19380.9,5,8,48082047
754794,2575,1915,2,4,14.6,19259.2,6,0,0
132463,444,1620,2,1,4469.0,25380.3,5,9,53384882
597353,2033,1556,0,3,10929.0,35571.3,1,0,0
693784,2372,2106,2,1,107.0,11893.2,3,4,21510470
2137952,7240,1679,2,1,9136.0,13503.8,5,9,38210588
673387,2301,1378,2,1,6907.0,55705.0,5,3,56871384
801509,2733,1808,2,1,780.0,35399.7,5,9,12963968
1250419,4276,1591,2,4,10500.0,54841.5,1,0,0
3535339,151,1154,0,0,64.6,17069.1,7,0,0
3197144,10607,1526,2,4,16100.0,31498.3,1,0,0
3600173,2112,2006,0,0,143.4,15104.6,7,0,0
3560081,899,333,0,0,168.0,42424.4,7,0,0
558837,1901,1856,2,4,14.6,16944.5,6,0,0
1162439,3980,1647,2,1,1367.0,58691.5,5,10,74249100
3458960,11320,1825,0,0,161.4,47603.6,7,0,0
532820,1815,710,2,1,6037.0,40579.6,5,8,19580573
3681565,2335,1307,0,0,205.1,50163.7,7,0,0
766887,2618,1309,2,4,3300.0,14289.4,1,0,0
1691976,5735,1319,2,1,4845.0,9416.4,8,7,1054633
3630408,3024,2068,0,0,98.8,25109.7,7,0,0
71493,238,509,2,4,1290.0,14464.1,1,0,0
425786,1446,1465,2,5,900.0,41952.6,1,0,0
3119180,10351,1082,2,4,2100.0,22058.5,1,0,0
419919,1423,2000,2,4,3600.0,14026.8,1,0,0
348861,1183,1877,0,3,100.0,35292.8,1,0,0
325738,1113,1616,2,1,3837.0,30168.2,5,2,6762576
499864,1702,1794,2,4,14.6,29745.8,6,0,0
383904,1304,1692,2,4,25800.0,56669.9,1,0,0
655300,2241,826,0,3,11584.0,39256.2,1,0,0
2819200,9333,1611,2,4,14.6,62466.7,6,0,0
507044,1731,511,2,4,2640.0,16670.0,1,0,0
452492,1538,1451,0,3,48386.0,97101.3,1,0,0
3448008,2522,1611,2,4,14.7,-2955.9,4,0,0
1576197,5358,1033,2,4,14.6,45843.4,6,0,0
3611837,2473,2190,0,0,92.9,22547.5,7,0,0
3147367,10445,2107,2,5,2500.0,85014.1,1,0,0
520345,1777,1801,0,3,33336.0,88225.1,1,0,0
498505,1699,1318,2,1,3463.0,14302.5,5,5,62475007
1078761,3684,1488,2,4,720.0,15010.3,1,0,0
144128,484,1406,0,3,9409.0,33893.4,1,0,0
3147247,10445,1799,0,3,35865.0,88158.1,1,0,0
3579312,1485,972,0,0,212.9,42067.7,7,0,0
1253518,4286,1764,2,4,14.6,18097.9,6,0,0
2108382,7136,1218,2,4,27000.0,76193.8,1,0,0
1150646,3935,1146,2,4,2300.0,31217.3,1,0,0
928072,3164,1530,0,2,6154.0,20017.3,2,12,80071824
781034,2663,1491,2,4,14.6,17180.8,6,0,0
967938,3298,1338,2,4,14.6,51643.7,6,0,0
63817,212,977,2,1,13841.0,69682.0,5,3,58462047
50675,169,1960,2,4,8500.0,54813.9,1,0,0
3047664,10105,1721,2,4,5200.0,87794.4,1,0,0
1916709,6495,2141,2,1,8747.0,24497.0,8,3,70085698
3541980,345,1063,0,0,205.9,50979.8,7,0,0
1083096,3699,494,2,1,7085.0,45405.7,5,12,57787090
2915285,9656,2052,2,4,5000.0,27679.5,1,0,0
232617,791,1320,2,1,3054.0,20165.2,5,2,11072284
2956620,9790,1548,2,4,56200.0,92906.2,1,0,0
673489,2301,1368,2,4,14.6,55390.0,6,0,0
360995,1226,2112,2,1,3826.0,18013.2,5,2,52769649
880043,2997,2129,2,4,14.6,30758.5,6,0,0
3579531,1492,1856,0,0,57.1,13090.8,7,0,0
304125,1036,1772,2,4,16500.0,56285.5,1,0,0
507262,1732,1617,2,1,8050.0,32431.8,5,12,69793838
204984,697,618,0,3,22067.0,59949.5,1,0,0
1050052,3592,666,2,4,3040.0,27437.8,1,0,0
412107,1402,1640,2,4,2640.0,30623.0,1,0,0
895961,3053,744,2,4,8900.0,29638.3,1,0,0
624440,2131,2076,2,1,2560.0,36459.4,5,13,249672
908969,3096,2048,2,1,8.0,51031.2,3,3,74155062
110646,374,1636,2,4,24000.0,18839.0,1,0,0
2378899,7844,1769,2,4,25100.0,44232.6,1,0,0
204175,693,1070,2,1,6329.0,57323.3,5,5,37686020
3652129,3687,910,0,0,160.4,36270.7,7,0,0
590647,2010,741,2,4,1040.0,31682.8,1,0,0
969035,3302,1429,2,4,14.6,22611.4,6,0,0
991342,3380,1529,2,1,4376.0,21251.1,5,1,38360536
496380,1692,1795,2,4,8800.0,48249.7,5,0,0
29680,96,760,2,4,14.6,48353.7,6,0,0
705513,2417,1832,0,3,4744.0,32342.7,1,0,0
3554587,734,1703,0,0,86.3,21269.2,7,0,0
961561,3276,2135,0,3,5503.0,46191.5,1,0,0
1106039,3778,607,2,4,14.6,46253.7,6,0,0
931087,3173,336,2,4,350.0,18656.1,1,0,0
54816,183,1671,2,4,2280.0,36042.5,1,0,0
3479492,9227,2159,0,0,48.3,16986.2,7,0,0
462075,1570,2172,2,1,2865.0,20631.6,5,11,20745683
613881,2092,707,2,1,7598.0,40170.6,5,6,8791333
505545,1726,489,2,1,115.0,31303.5,0,11,65941238
1121278,3830,1780,2,4,4000.0,36486.5,1,0,0
1853123,6273,1307,2,4,14.6,89441.6,6,0,0
1784772,6051,2159,0,3,9800.0,14265.9,1,0,0
3640715,3330,1246,0,0,284.7,62612.2,7,0,0
2454670,8094,1927,2,1,6123.0,71388.9,8,11,16097522
89227,300,484,2,4,14.6,21601.3,6,0,0
18149,61,1465,2,1,668.0,18485.0,0,5,20426410
1450339,4937,548,1,4,22482.0,50623.2,1,0,0
315780,1077,1491,2,4,14.6,36019.4,6,0,0
3559435,884,1215,0,0,79.4,19098.0,7,0,0
1078331,3683,735,2,4,2640.0,43652.8,1,0,0
526894,1798,2017,2,1,2602.0,9536.6,5,1,9787851
1342136,4585,1884,2,4,14.6,32491.4,6,0,0
3609233,2395,1856,0,0,128.0,20185.5,7,0,0
204530,694,1828,2,4,2100.0,25827.9,1,0,0
2546792,8405,1215,2,4,14.6,29613.0,6,0,0
3235779,10738,2068,2,4,30.0,109353.6,6,0,0
49506,165,1215,2,4,14.6,30017.3,6,0,0
3680772,7190,1733,0,0,136.0,33681.2,7,0,0
1139715,3895,1344,2,4,2000.0,25167.8,1,0,0
1092472,3735,2019,2,1,1173.0,2858.7,0,4,60675847
785073,2675,1338,2,4,14.6,21555.1,6,0,0
1019988,3483,1710,0,2,3260.0,21259.7,1,5,84752761
322844,1103,1753,2,4,2800.0,45401.1,1,0,0
1255531,4293,2141,2,1,4797.0,53666.2,5,5,75312357
392641,1335,1015,0,3,14875.0,15075.0,1,0,0
2304753,7606,1135,0,3,28365.0,95355.6,1,0,0
235521,804,1981,0,3,12007.5,64273.8,1,0,0
217877,741,985,0,3,1300.0,56094.3,1,0,0
123352,415,676,0,3,13110.0,43082.4,1,0,0
725939,2484,1312,2,1,538.0,21592.1,0,8,83567636
2286820,7542,1470,2,4,2640.0,24048.5,1,0,0
3497343,8173,1338,0,0,270.3,55061.9,7,0,0
172302,577,1833,2,1,5120.0,54658.2,5,9,92529356
224430,764,460,2,1,2360.0,28169.5,5,3,41232329
3601008,2142,2037,0,0,123.4,35136.7,7,0,0
31526,102,1502,2,4,10100.0,11047.0,1,0,0
3607522,2345,1002,0,0,143.3,32362.1,7,0,0
804791,2742,1830,0,3,15541.0,61601.8,1,0,0
123654,415,961,2,4,2500.0,31636.6,1,0,0
906257,3088,2129,2,4,14.6,39875.7,6,0,0
58587,196,917,2,1,2554.0,33345.4,3,6,30200135
38697,126,701,0,3,12312.0,84456.0,1,0,0
989665,3373,1825,2,4,14.6,24836.7,6,0,0
3463552,2781,1794,0,0,281.9,63799.6,7,0,0
451282,1534,1002,2,4,14.6,31070.3,6,0,0
3583307,1610,698,0,0,250.4,59588.0,7,0,0
500176,1704,1865,2,1,3285.0,18146.3,5,6,36175376
1098048,3751,1547,2,4,13900.0,23154.6,1,0,0
333872,1135,1505,2,1,1735.0,19594.9,5,13,62011670
3621372,2747,1856,0,0,78.7,15498.5,7,0,0
127437,427,1460,2,4,14.6,51084.4,6,0,0
457175,1553,2068,2,4,14.6,39103.1,6,0,0
1240968,4245,724,2,4,4160.0,53730.2,1,0,0
1092115,3734,788,2,4,14.6,27077.7,6,0,0
490189,1673,2165,0,2,4408.0,18177.0,2,10,695646
1031685,3526,1738,0,3,42687.0,121244.1,1,0,0
8124,29,1592,2,4,9600.0,20497.9,1,0,0
534955,1822,1562,2,1,1996.0,30883.7,5,5,19228476
920982,3138,1960,0,3,300.0,14332.7,1,0,0
792335,2700,1307,2,4,14.6,19663.4,6,0,0
309149,1053,1863,2,4,1440.0,21033.3,1,0,0
247952,852,1986,2,1,2013.0,16820.8,1,6,63201045
710722,2430,1580,2,4,14.6,40212.1,6,0,0
895916,3053,1071,2,1,3675.0,43857.8,0,6,38718313
167720,561,1588,2,1,343.0,30467.0,5,9,37346130
3116904,10343,1945,2,4,14.6,2725.8,6,0,0
753408,2570,1343,2,1,2051.0,11964.9,1,6,48350596
879082,2994,1855,2,5,2500.0,44811.2,1,0,0
3462537,2533,2006,0,0,176.4,2917.7,7,0,0
3650020,3628,1125,0,0,179.4,43925.0,7,0,0
737920,2521,1679,0,3,24042.0,49209.2,1,0,0
3548364,535,1185,0,0,134.1,29755.2,7,0,0
432049,1468,795,2,1,1710.0,14877.3,1,5,53378862
84508,282,1771,2,1,802.0,60928.9,0,1,4248011
3563923,1008,1764,0,0,136.3,27360.1,7,0,0
737932,2521,2044,0,3,24042.0,65621.3,1,0,0
1474333,5024,1981,2,4,6800.0,9641.2,1,0,0
230127,784,1682,2,1,1485.0,15318.0,5,5,47865402
246618,847,1902,0,3,1500.0,29811.3,1,0,0
1087379,3714,738,2,4,6600.0,59210.8,1,0,0
1037305,3548,980,2,1,3586.0,18890.2,5,6,35372984
500434,1705,800,2,1,5502.0,33644.7,5,6,33791291
391091,1330,1650,2,4,58600.0,70818.4,1,0,0
3596039,1979,607,0,0,92.4,20809.7,7,0,0
3632104,3072,2006,0,0,213.4,52267.8,7,0,0
3570559,1212,1491,0,0,58.2,12805.3,7,0,0
682175,2328,1741,2,1,1846.0,60096.5,5,7,22747612
515949,1763,1520,2,4,9300.0,43547.7,1,0,0
780778,2662,1491,2,4,14.6,14785.5,6,0,0
663371,2265,1129,1,4,19216.0,47345.3,1,0,0
1064610,3637,1348,2,1,219.0,59380.9,0,10,57452273
369882,1257,1856,2,4,14.6,24311.5,6,0,0
958970,3267,1902,2,4,3960.0,38092.3,1,0,0
448084,1522,2098,2,4,14.6,54734.8,6,0,0
866237,2949,2140,2,1,1268.0,20528.9,0,9,82074588
3147273,10445,1498,2,1,3234.0,60941.9,5,7,24684030
3541851,343,849,0,0,102.9,25789.5,7,0,0
3555674,764,1154,0,0,85.6,20373.4,7,0,0
3587401,1731,1519,0,0,65.7,15770.2,7,0,0
754266,2574,1014,0,3,14319.0,46458.2,1,0,0
246672,847,1491,2,4,14.6,12386.0,6,0,0
3557895,841,1856,0,0,126.3,27347.0,7,0,0
988843,3371,766,2,1,11549.0,3296.5,5,10,31096357
756104,2580,1368,2,4,14.6,45419.5,6,0,0
792967,2702,1162,0,3,24443.0,51566.4,1,0,0
698368,2388,1125,2,4,14.6,26234.3,6,0,0
801578,2733,1709,2,1,1545.0,31519.4,0,3,39144194
429579,1458,515,2,4,14.6,52722.1,6,0,0
284879,978,858,2,4,1440.0,32061.6,1,0,0
10465,35,637,2,4,14.6,25053.5,6,0,0
507235,1732,1893,0,3,22154.0,72840.2,1,0,0
3617005,2617,1519,0,0,102.9,25500.9,7,0,0
602408,2051,1955,0,3,11944.0,65846.3,1,0,0
522587,1783,1924,0,3,1300.0,27527.4,1,0,0
2354037,7765,2132,2,4,2300.0,73810.8,1,0,0
893899,3047,849,2,4,14.6,20351.2,6,0,0
383969,1305,404,0,3,10239.0,41353.0,1,0,0
549057,1870,1620,2,4,9300.0,25362.1,1,0,0
3439817,956,1276,0,0,243.7,40364.8,7,0,0
907963,3094,1162,2,1,5421.0,51761.1,5,7,54152226
655999,2242,681,1,4,23912.0,61196.7,1,0,0
3242383,10762,1829,2,4,1900.0,23840.0,1,0,0
1124480,3840,676,2,1,2559.0,22639.3,5,2,87679588
1544700,5256,588,2,1,5388.5,77492.4,8,6,11066365
3598855,2066,1491,0,0,131.4,31118.9,7,0,0
347474,1178,1951,2,4,1200.0,46054.2,1,0,0
156518,523,1856,2,4,14.6,62575.4,6,0,0
2383474,7859,1833,2,4,4800.0,62446.0,1,0,0
3599402,2083,1764,0,0,112.1,19873.3,7,0,0
803411,2738,1099,2,4,1800.0,38215.2,1,0,0
3590088,1812,1703,0,0,70.0,15212.5,7,0,0
944720,3222,220,0,2,3185.0,3985.0,1,12,2390736
1530614,5213,1289,2,4,18500.0,49289.8,1,0,0
3543052,379,1429,0,0,85.8,18689.2,7,0,0
1100190,3758,1861,2,1,4009.0,52621.9,5,13,62182962
3596333,1987,1215,0,0,181.4,46290.6,7,0,0
888455,3030,1889,2,1,293.0,22808.4,5,4,12182104
656181,2242,2129,2,4,30.0,41090.7,6,0,0
43458,146,467,0,2,6296.0,26874.0,2,3,53671467
610838,2080,2094,1,4,7794.0,45916.8,1,0,0
1852928,6273,710,2,1,3639.5,59974.6,8,9,34498596
235763,805,2020,0,2,14244.0,30950.2,1,1,79217332
957009,3260,1519,2,4,14.6,99902.8,6,0,0
5549,23,981,0,3,22088.0,51542.5,1,0,0
661806,2259,1981,0,2,4442.0,20068.0,2,10,99080746
3590782,1828,1215,0,0,206.6,50399.9,7,0,0
3647871,3568,1915,0,0,64.2,16135.2,7,0,0
598752,2038,673,0,3,5463.0,31169.5,1,0,0
976144,3326,554,2,4,38100.0,65552.8,1,0,0
228377,775,1987,2,1,2439.0,84984.4,0,10,6988245
72164,239,659,2,4,34000.0,58240.3,1,0,0
369630,1256,1765,2,4,14100.0,20176.7,1,0,0
2571499,8489,1647,0,3,17606.0,59386.2,1,0,0
340969,1157,1915,2,4,6100.0,29816.2,1,0,0
766737,2618,1122,2,4,720.0,13765.9,1,0,0
1059090,3620,1703,2,4,14.6,70336.5,6,0,0
507019,1731,1114,2,4,1600.0,18681.0,1,0,0
299023,1019,1347,0,3,19746.0,55962.5,1,0,0
513989,1759,1744,0,3,9988.0,17562.4,1,0,0
3498983,8321,1672,0,0,189.7,53025.0,7,0,0
617986,2108,1432,2,4,12300.0,35169.2,1,0,0
3612736,2496,1915,0,0,61.5,15158.5,7,0,0
1063989,3635,2124,0,3,1100.0,16170.7,1,0,0
191371,650,1225,0,2,6914.0,26298.5,2,12,36090457
3607882,2357,849,0,0,99.8,25096.3,7,0,0
38738,126,2146,0,3,17967.0,61706.3,1,0,0
3469749,4301,2068,0,0,105.2,15894.4,7,0,0
2524909,8330,250,2,4,200.0,62585.7,1,0,0
3533559,90,1672,0,0,171.9,34626.7,7,0,0
3561897,947,1460,0,0,117.5,26335.0,7,0,0
46401,154,1611,2,4,14.6,62105.7,6,0,0
945132,3222,1611,2,4,14.6,23543.8,6,0,0
962093,3278,1738,0,3,21722.0,66336.3,1,0,0
978810,3338,2098,2,4,14.6,33588.6,6,0,0
3489025,7485,454,0,0,107.3,26222.5,7,0,0
554599,1888,1434,0,2,43260.0,68978.3,1,4,95071893
841252,2863,2159,2,4,14.6,49725.7,6,0,0
1117589,3818,1831,2,4,2880.0,50388.6,1,0,0
892420,3042,769,0,3,15208.0,29683.7,1,0,0
981772,3351,1587,2,1,2700.0,33413.7,5,12,48346024
1017543,3477,497,2,1,2132.0,15896.9,5,13,4360360
240833,822,1470,0,2,6911.0,28227.6,2,8,44182992
1145279,3917,1846,2,4,1800.0,39274.8,1,0,0
201271,684,1373,0,2,2904.0,13652.7,1,1,48218899
923679,3147,1094,2,4,14.6,42667.4,6,0,0
3568987,1161,1246,0,0,82.6,17209.0,7,0,0
1087792,3717,2080,0,2,15582.0,18950.4,1,10,65669673
290318,994,1947,2,4,5500.0,50260.8,1,0,0
3574154,1324,2006,0,0,284.7,57517.0,7,0,0
476744,1625,1284,2,1,679.0,21106.2,3,2,51059633
851866,2903,1255,0,3,33170.0,70859.2,1,0,0
1293403,4418,1274,2,4,4300.0,22281.8,1,0,0
430032,1460,1703,2,4,14.6,17415.2,6,0,0
3584219,1637,576,0,0,76.9,19912.2,7,0,0
1203846,4119,1751,2,4,350.0,47761.5,1,0,0
152316,510,1884,0,3,24988.0,86753.7,1,0,0
734385,2510,677,2,1,6922.0,26379.9,5,3,59125840
844230,2873,1884,2,4,14.6,42178.3,6,0,0
253929,870,2037,2,4,14.6,13439.3,6,0,0
785656,2676,771,0,3,1600.0,25481.8,1,0,0
20581,68,2104,2,1,61.0,63849.2,0,7,92248808
534248,1820,616,0,3,16771.0,56069.4,1,0,0
991683,3381,1764,2,4,13800.0,42259.3,1,0,0
3664883,4448,2190,0,0,323.5,77160.3,7,0,0
2258938,7454,710,2,1,471.0,18795.2,0,1,52242457
1041116,3559,1488,2,4,700.0,36120.0,1,0,0
596174,2029,1048,2,4,2000.0,11100.0,1,0,0
546843,1861,515,2,4,14.6,36749.1,6,0,0
1064991,3638,1987,2,4,6000.0,101627.5,1,0,0
533446,1816,1157,2,4,880.0,15077.6,1,0,0
691065,2361,1117,2,4,2160.0,19585.1,1,0,0
309894,1055,1794,2,4,14.6,18419.3,6,0,0
623349,2126,1853,2,4,3000.0,40437.2,1,0,0
306988,1047,1190,2,1,4339.0,21187.0,5,6,74345159
3541188,322,1672,0,0,135.0,30637.1,7,0,0
455050,1545,1106,2,4,3300.0,32340.6,1,0,0
335582,1141,1684,2,1,907.0,27975.7,0,9,31942546
10196,35,1251,0,2,5446.0,17816.5,2,10,60448020
61734,204,1825,2,4,14.6,18470.9,6,0,0
3563391,992,2098,0,0,58.0,13127.7,7,0,0
266685,913,1282,0,3,13476.0,35657.6,1,0,0
2866377,9484,2018,0,3,8380.0,13336.3,1,0,0
1131733,3868,1616,0,2,5362.0,29339.2,2,6,47036463
115328,389,1589,2,4,2200.0,16952.0,1,0,0
1650329,5593,1380,1,4,17962.0,44179.9,1,0,0
1052556,3600,521,2,4,13600.0,18287.2,1,0,0
949942,3238,1921,2,1,793.0,47815.6,0,10,45814847
1121265,3830,1976,2,4,14.6,34604.6,6,0,0
773211,2639,1545,2,4,1500.0,36440.5,1,0,0
1159375,3970,1836,0,2,38155.0,88531.4,1,7,16941190
697902,2386,2098,2,4,14.6,80276.4,6,0,0
912970,3112,1475,2,4,4500.0,29160.0,1,0,0
769796,2627,2020,2,1,561.0,15898.5,0,13,29709238
1688818,5724,1378,2,1,561.0,49933.9,0,7,30744582
3573488,1302,1915,0,0,116.6,29225.9,7,0,0
121923,409,2015,2,1,6810.0,36461.2,5,9,11262268
731166,2499,2080,0,3,5855.0,42344.4,1,0,0
526024,1795,1741,0,3,19370.0,42775.7,1,0,0
622145,2122,577,2,4,6900.0,39833.5,1,0,0
3458157,10670,1033,0,0,419.3,77308.3,7,0,0
614101,2092,1863,2,4,32500.0,36053.5,1,0,0
738071,2521,1641,2,4,14.6,26691.9,6,0,0
167667,561,1441,0,3,400.0,400.0,1,0,0
194114,657,880,2,4,14.6,26773.2,6,0,0
736616,2516,2080,2,1,9721.0,52067.7,8,1,61216103
618521,2111,909,0,3,37963.0,67828.0,1,0,0
696043,2379,730,2,4,1560.0,25134.1,1,0,0
853501,2909,1473,2,1,7036.0,36844.0,5,6,14482391
162113,542,1190,2,1,2750.0,15805.3,5,12,82309841
5265,22,1104,2,1,6352.0,33279.7,5,10,34691494
2477597,8173,1865,2,4,11600.0,47939.6,1,0,0
3583455,1614,2098,0,0,317.3,66527.6,7,0,0
1295038,4423,1075,2,1,2051.0,52968.7,8,4,47825217
641054,2189,1869,0,3,20782.0,64288.8,1,0,0
295804,1009,1812,2,4,31100.0,74177.5,1,0,0
429624,1458,1884,2,4,14.6,32943.2,6,0,0
855452,2915,1986,0,2,71974.0,126017.7,1,2,9798497
145195,485,1743,0,3,2100.0,44984.0,1,0,0
3441425,1225,1368,0,0,259.2,57604.3,7,0,0
1281848,4385,1625,0,3,1900.0,30327.3,1,0,0
3640886,3338,1641,0,0,81.6,16896.5,7,0,0
1040824,3558,1185,2,4,14.6,61075.3,6,0,0
981360,3349,1951,0,3,18159.0,33065.2,1,0,0
895265,3051,2059,0,3,5701.0,85999.1,1,0,0
458950,1561,1105,0,2,5327.0,33770.6,2,6,73723697
1288105,4405,2159,2,4,14.6,27128.7,6,0,0
1031472,3525,1928,2,1,3084.0,13487.6,5,11,81389748
1157002,3959,1776,2,4,12800.0,35704.2,1,0,0
1215142,4159,484,2,4,14.6,26296.0,6,0,0
3613241,2508,2129,0,0,107.9,27161.7,7,0,0
900815,3069,2034,2,4,3900.0,70536.2,1,0,0
3353910,11138,1185,2,4,30.0,94724.3,6,0,0
452030,1536,2048,2,1,13204.0,52948.1,5,10,11303443
811032,2763,619,2,1,9480.0,38405.8,5,1,90810441
495991,1691,1044,0,2,2901.0,3301.0,1,5,72301327
284588,977,655,2,4,8700.0,33830.8,1,0,0
278016,951,2018,0,2,4479.0,26076.4,2,4,83476292
771302,2632,1525,2,1,2300.0,25637.7,3,5,36942219
1112124,3797,1900,2,4,700.0,30713.0,1,0,0
821224,2797,2027,2,4,9500.0,10366.6,1,0,0
3496845,8129,1307,0,0,233.2,57049.9,7,0,0
207638,704,2068,2,4,14.6,33580.6,6,0,0
1079707,3687,1265,2,4,16000.0,36873.5,1,0,0
854757,2913,1929,0,2,4471.0,15894.3,2,11,21839374
3597725,2027,1915,0,0,94.2,23479.3,7,0,0
489402,1670,1915,2,4,14.6,16596.3,6,0,0
864911,2944,1251,2,1,615.0,31816.1,0,7,7655978
139705,467,1915,2,4,14.6,34145.3,6,0,0
3452226,5483,637,0,0,77.4,19701.1,7,0,0
3633497,3119,1884,0,0,63.1,14689.6,7,0,0
187970,635,2006,2,4,14.6,85266.1,6,0,0
671363,2292,1239,2,4,1200.0,26194.7,1,0,0
262664,899,1131,0,2,16266.0,37711.3,1,9,61017179
1158463,3966,1825,2,4,14.6,19272.2,6,0,0
3594376,1931,1460,0,0,146.0,36667.2,7,0,0
964773,3287,1016,2,4,13900.0,34139.0,1,0,0
3568611,1151,1338,0,0,205.2,49397.7,7,0,0
1134382,3876,592,2,4,45200.0,58861.2,1,0,0
645874,2206,2049,0,3,5896.0,46675.8,1,0,0
553733,1885,1445,0,3,600.0,46773.9,1,0,0
2571830,8489,560,2,4,5800.0,29373.7,1,0,0
997118,3403,1900,2,4,17200.0,46549.8,1,0,0
3657134,3834,2129,0,0,100.1,16935.3,7,0,0
3515490,9869,637,0,0,133.1,32937.1,7,0,0
917371,3127,669,2,4,22000.0,51077.7,1,0,0
3565945,1075,1703,0,0,157.0,36769.6,7,0,0
313041,1068,1926,0,3,10200.0,26871.0,1,0,0
1103562,3770,1491,2,4,14.6,30525.2,6,0,0
1239138,4240,1002,2,4,14.6,42515.6,6,0,0
854614,2912,1595,2,4,22500.0,36802.5,1,0,0
3617643,2638,1215,0,0,159.2,37152.4,7,0,0
791084,2697,1374,2,1,629.0,36218.4,3,3,3080630
731067,2498,1215,2,4,1200.0,24341.6,1,0,0
3630909,3039,637,0,0,104.4,24126.2,7,0,0
560424,1907,1988,0,3,27397.5,70443.8,1,0,0
714815,2445,1794,2,4,14.6,19140.8,6,0,0
1121174,3830,1868,0,2,14313.0,28868.2,1,7,94253438
997238,3404,2158,2,4,19700.0,51760.3,1,0,0
409877,1396,1429,0,3,14586.0,54057.6,1,0,0
883905,3011,831,2,1,138.0,18944.9,0,12,47335153
1069351,3653,1097,2,4,600.0,42429.4,1,0,0
889051,3032,2088,2,4,3760.0,39855.3,1,0,0
766255,2617,644,2,1,166.0,16522.0,5,9,48354953
3450703,4588,2190,2,4,39.0,-2823.0,4,0,0
896114,3053,474,2,4,5900.0,30949.2,1,0,0
723603,2477,1924,2,1,3096.0,17534.5,5,3,3161973
1131499,3866,1157,2,4,12000.0,28648.3,1,0,0
3577675,1437,2190,0,0,91.9,22467.2,7,0,0
904747,3083,1794,2,4,14.6,44529.0,6,0,0
590349,2009,1945,2,4,14.6,54260.6,6,0,0
3563120,986,2159,0,0,105.5,22711.1,7,0,0
772224,2636,2170,0,2,4882.0,20282.5,2,10,3386146
1691910,5735,781,0,3,16096.0,110047.1,1,0,0
3466670,3602,1550,0,0,365.0,100169.5,7,0,0
3292839,10942,888,0,3,38574.0,110005.4,1,0,0
3621102,2739,1154,0,0,55.7,11419.5,7,0,0
1657279,5622,1501,2,4,5700.0,28582.7,1,0,0
3539723,277,1519,0,0,304.1,60297.6,7,0,0
581762,1979,1893,0,2,3021.0,17636.5,1,11,38265723
383117,1301,1429,2,4,14.6,14917.1,6,0,0
213909,726,401,0,3,5546.0,5846.0,1,0,0
267002,914,1108,0,2,3448.0,14254.0,1,7,44114095
671608,2293,367,2,4,1840.0,30584.5,1,0,0
2868976,9494,1443,0,3,17136.0,32806.0,1,0,0
1056373,3612,1102,2,4,1440.0,23160.9,1,0,0
1814629,6148,1042,2,1,7847.0,42640.7,5,13,26888096
750129,2557,1474,2,4,2000.0,21083.2,1,0,0
1113812,3804,1825,2,4,14.6,37093.0,6,0,0
552848,1882,1524,2,1,1907.0,12422.3,5,5,5768174
140187,469,2159,2,4,14.6,13678.4,6,0,0
260457,892,1011,2,1,406.0,33898.3,5,2,66285890
491858,1678,1349,0,3,23116.0,64355.4,1,0,0
76878,255,1550,2,4,14.6,66649.2,6,0,0
586473,1996,2123,2,4,22700.0,30257.0,1,0,0
2583100,8533,1155,0,3,23053.0,91150.6,1,0,0
62666,207,1315,0,3,700.0,31321.1,1,0,0
356099,1206,1593,2,4,3000.0,16050.4,1,0,0
3147286,10445,1891,2,1,3234.0,80345.1,5,7,24684030
695838,2379,1377,2,1,3190.0,14671.3,5,1,13537359
950152,3239,1471,2,1,8838.0,47139.3,5,9,42712515
1246580,4264,886,2,5,3600.0,43434.6,1,0,0
449545,1528,1641,2,4,14.6,38417.7,6,0,0
680144,2322,1180,0,3,44024.0,57639.7,1,0,0
3663996,4352,454,0,0,279.0,65657.1,7,0,0
446088,1515,1110,1,4,8650.0,51435.6,1,0,0
694239,2374,1945,2,4,14.6,24275.3,6,0,0
1409003,4803,1619,0,3,6620.0,35885.5,1,0,0
289887,993,2162,0,3,43273.0,92279.3,1,0,0
617844,2108,1621,0,3,21092.0,41417.1,1,0,0
1027101,3507,1943,2,4,4800.0,64860.9,1,0,0
617016,2104,2014,0,3,12370.0,56193.0,1,0,0
1008785,3445,1137,0,3,3400.0,18196.1,1,0,0
700145,2396,338,0,2,4203.0,26075.0,2,8,27204734
3625987,2886,1276,0,0,126.8,25344.3,7,0,0
169676,568,1596,2,4,12200.0,29544.8,1,0,0
325967,1114,1566,0,3,8598.0,25209.3,1,0,0
1093464,3738,2037,2,4,14.6,36804.6,6,0,0
3466448,3554,1825,0,0,217.9,42200.4,7,0,0
923711,3147,2068,2,4,14.6,64693.1,6,0,0
423982,1440,1489,2,4,1620.0,16060.1,1,0,0
2571746,8489,2027,2,4,5760.0,34713.9,1,0,0
365611,1242,1733,2,4,100.0,49619.2,6,0,0
1065151,3639,2165,2,4,500.0,24204.0,1,0,0
179070,606,1862,0,3,23024.0,67286.8,1,0,0
371059,1263,2076,0,3,25782.0,66092.9,1,0,0
1123320,3836,2073,2,4,15300.0,47270.9,1,0,0
431645,1467,1164,2,1,6814.0,58158.8,5,9,10475975
23059,75,1794,2,4,13700.0,12046.9,1,0,0
1486771,5066,1438,2,1,132.0,25959.4,3,13,10269540
3559946,896,1307,0,0,103.3,24628.0,7,0,0
3625664,2878,2129,0,0,54.4,12920.1,7,0,0
855077,2913,1081,2,4,2000.0,15607.2,1,0,0
887901,3028,1680,2,1,2200.0,11690.3,5,10,81761723
631212,2155,2048,0,2,3404.0,20377.4,1,11,19977993
3596084,1979,1976,0,0,72.4,17941.1,7,0,0
1309566,4471,1893,1,4,20488.0,20118.8,1,0,0
87366,291,1844,2,4,11100.0,35229.3,1,0,0
1159465,3970,2084,1,4,16034.0,34227.8,1,0,0
3447886,2261,1550,0,0,210.9,36056.5,7,0,0
748312,2552,1440,2,1,7035.0,48534.1,5,4,17411059
3509050,9201,2006,0,0,183.8,52872.7,7,0,0
463902,1578,910,2,4,14.6,25063.0,6,0,0
725015,2482,1038,2,1,7381.0,28400.9,5,1,35457408
662086,2260,650,0,3,8538.0,40966.3,1,0,0
3672120,5632,1884,0,0,315.9,57554.9,7,0,0
700148,2396,428,0,2,4203.0,24956.2,2,8,27204734
935657,3194,2140,0,3,13492.0,31576.8,1,0,0
196459,666,1469,2,1,955.0,29237.5,3,4,93173819
425795,1446,990,2,4,4000.0,32014.8,1,0,0
24869,82,1519,2,4,14.6,84832.7,6,0,0
527599,1801,2174,2,4,6300.0,58838.7,1,0,0
96973,331,1338,2,4,14.6,29604.8,6,0,0
2879562,9528,1733,2,4,10200.0,25770.4,1,0,0
139976,468,1476,2,4,5520.0,48604.2,1,0,0
175485,591,2175,2,4,900.0,22658.6,1,0,0
1053449,3604,1406,0,2,6945.0,28287.5,2,13,9589982
320013,1093,1648,2,1,10261.0,46511.9,5,3,21858203
1272142,4350,1293,2,4,10000.0,72929.3,1,0,0
840122,2860,2006,2,4,30.0,18594.1,6,0,0
56670,189,1803,0,3,31530.0,66592.2,1,0,0
809153,2758,2110,0,3,7039.0,64568.7,1,0,0
27124,90,1349,2,1,2774.0,23124.5,5,10,68375611
767296,2620,518,2,4,9440.0,15145.2,1,0,0
896729,3055,1381,0,2,6814.0,34901.2,2,3,61558067
406410,1383,1618,0,2,6909.0,44923.3,2,8,65543824
198912,675,1101,2,4,1900.0,34612.7,1,0,0
2777497,9192,1792,2,4,24300.0,13036.5,1,0,0
306801,1046,1856,2,4,14.6,19396.5,6,0,0
470704,1603,1805,0,3,11416.0,43210.8,1,0,0
1095940,3746,2043,0,3,19025.0,91837.4,1,0,0
458119,1558,1769,0,3,6071.0,22872.1,1,0,0
71600,238,1516,2,4,1600.0,13770.1,1,0,0
3586531,1702,1094,0,0,111.8,24699.6,7,0,0
2938175,9730,1687,2,4,4800.0,27764.7,1,0,0
749663,2555,1368,2,4,14.6,60804.9,6,0,0
3606579,2319,1856,0,0,119.0,23822.1,7,0,0
1689372,5726,1532,2,4,11800.0,6510.8,5,0,0
30153,97,1945,2,4,14.6,45911.3,6,0,0
555765,1891,759,0,3,3000.0,23426.5,1,0,0
960569,3272,1559,2,1,1126.0,49955.4,3,12,47639417
429970,1460,2142,2,1,3417.0,26106.6,5,11,8283299
505568,1726,1190,2,1,115.0,16329.7,0,11,65941238
1155506,3954,1318,0,2,6109.0,29268.1,2,4,60466706
904759,3083,2159,2,4,14.6,30993.6,6,0,0
897912,3059,2016,2,4,17000.0,44592.2,1,0,0
2539530,8381,1561,2,4,8100.0,78167.2,1,0,0
1255413,4293,1674,0,3,20350.0,72187.8,1,0,0
1028059,3510,1206,2,4,20200.0,50635.6,1,0,0
530926,1809,495,2,4,10500.0,29609.8,1,0,0
696672,2382,1894,2,1,3123.0,20637.2,5,1,6405681
869234,2960,1708,2,1,8884.0,14440.1,5,12,53651827
1170464,4013,1672,2,4,100.0,41552.4,6,0,0
3497225,8159,1580,0,0,138.4,28760.4,7,0,0
848445,2889,1297,2,4,39500.0,61031.6,1,0,0
733293,2506,1867,0,3,31058.0,52896.2,1,0,0
3592359,1874,1550,0,0,133.6,32532.9,7,0,0
3621087,2739,698,0,0,111.1,26215.9,7,0,0
3506722,9034,1945,0,0,121.8,34005.6,7,0,0
638634,2179,1984,2,1,240.0,83507.8,3,13,6092787
515845,1763,1680,2,1,5539.0,29918.3,0,9,52545648
675523,2307,2013,2,1,123.0,13329.8,0,13,84354322
1765886,5991,1044,0,3,16248.0,42097.0,1,0,0
721177,2470,1041,2,1,2105.0,49258.1,0,4,17039579
1652604,5602,1556,0,3,4000.0,24640.3,1,0,0
947505,3229,1473,2,4,2100.0,37978.0,1,0,0
363777,1236,1794,2,4,14.6,19321.8,6,0,0
756464,2581,849,2,4,14.6,56806.3,6,0,0
87857,294,2014,2,1,430.0,57368.6,3,5,58432865
576571,1964,1773,0,2,6547.0,18950.4,2,3,54870903
165335,553,1841,0,3,200.0,23635.2,1,0,0
858433,2926,1469,0,3,10584.0,53257.2,1,0,0
3665726,4576,2129,0,0,106.6,33334.2,7,0,0
3655850,3794,1550,0,0,160.4,44296.2,7,0,0
1587200,5395,2037,2,4,14.6,75759.8,6,0,0
781437,2664,714,2,4,11900.0,34203.2,1,0,0
312195,1065,607,2,4,14.6,29270.7,6,0,0
494085,1685,1361,0,3,11892.0,35082.9,1,0,0
667042,2276,684,2,4,3400.0,27939.4,1,0,0
553781,1885,1812,0,3,1900.0,26725.8,1,0,0
555987,1892,1013,2,1,2398.0,20873.3,5,8,48820698
688551,2352,924,2,1,5581.0,60146.0,5,7,33949649
1857852,6289,2084,1,4,17307.0,50800.3,1,0,0
731486,2500,1858,2,4,1150.0,16348.9,1,0,0
3652831,3706,1794,0,0,115.7,27181.9,7,0,0
1279369,4377,809,0,3,12427.0,103174.5,1,0,0
2042900,6924,666,2,4,10800.0,29949.8,1,0,0
1042281,3565,1836,2,4,720.0,30835.3,1,0,0
266001,908,1563,2,4,4600.0,23904.8,1,0,0
1167154,3999,275,2,4,8700.0,37408.4,1,0,0
1023000,3492,1739,0,3,21535.0,62686.1,1,0,0
533266,1816,1045,0,2,4236.0,19384.7,2,5,74559592
1050053,3592,903,2,4,480.0,16282.3,1,0,0
1066959,3646,1964,0,3,17168.0,84462.4,1,0,0
787975,2686,1530,0,2,5896.0,20373.5,2,11,71632808
3578190,1451,1460,0,0,88.5,22103.5,7,0,0
366026,1244,1623,2,1,748.0,19049.0,8,1,67696446
3285606,10915,1896,2,4,4200.0,18351.5,1,0,0
682159,2328,1254,2,1,1846.0,27537.1,5,7,22747612
127062,426,1429,2,4,14.6,35535.8,6,0,0
2538346,8377,1954,2,1,1172.0,45047.6,5,9,50940710
349642,1187,1971,2,4,3760.0,34610.1,1,0,0
1005391,3431,1959,2,4,11800.0,35666.7,1,0,0
78463,261,2017,2,1,2182.0,14795.4,5,5,49824553
3284330,10911,373,2,4,3000.0,40424.6,1,0,0
621804,2122,542,0,3,5757.0,61800.2,1,0,0
42281,141,2017,2,1,3462.0,39049.1,5,6,65986662
1474302,5024,1051,2,4,5000.0,25093.4,1,0,0
2286749,7542,1646,2,1,3389.0,30881.6,0,11,94022273
310944,1059,1104,2,4,570.0,14699.0,1,0,0
2789461,9236,1096,2,4,3000.0,41332.7,1,0,0
500836,1706,1080,2,4,510.0,28369.0,1,0,0
163595,546,2187,2,4,800.0,13861.8,1,0,0
1154517,3948,1611,2,4,14.6,43315.6,6,0,0
630990,2154,745,2,4,840.0,17355.0,1,0,0
1111468,3795,1562,2,4,5600.0,32278.2,1,0,0
982841,3354,948,2,1,489.0,19709.4,5,5,6930423
393297,1337,1563,2,4,1900.0,46454.9,1,0,0
617530,2106,1764,2,4,14.6,17243.6,6,0,0
1304864,4456,1525,0,3,14706.0,85615.5,1,0,0
3453876,6715,1733,0,0,202.3,35009.0,7,0,0
297499,1015,1811,2,4,1900.0,24913.3,1,0,0
1470497,5011,468,0,3,20614.0,34803.5,1,0,0
3528432,11186,2006,0,0,300.4,67193.4,7,0,0
2984717,9883,167,0,3,2200.0,22100.0,1,0,0
555177,1890,1682,0,2,33722.0,34322.0,1,2,88180535
537174,1828,946,2,1,1498.0,34116.7,0,13,21647364
473501,1611,2066,2,4,7500.0,59431.7,1,0,0
2267970,7485,2112,2,4,3800.0,36078.1,1,0,0
140592,470,686,2,4,1700.0,22791.0,1,0,0
3630979,3040,1884,0,0,103.4,24042.3,7,0,0
3638847,3270,1491,0,0,223.8,45007.9,7,0,0
3646804,3536,1033,0,0,122.5,27760.4,7,0,0
2371737,7819,499,2,4,4700.0,25802.8,1,0,0
660689,2255,2134,2,1,2084.0,19394.5,1,12,25985443
2779633,9199,1472,2,1,2454.5,10042.8,8,12,42162633
1109649,3788,898,2,4,2300.0,26678.3,1,0,0
914361,3116,1984,0,3,26637.0,85010.3,1,0,0
2121820,7184,1118,2,4,1320.0,29385.3,1,0,0
923835,3148,1648,0,2,3718.0,19064.9,1,10,60092472
1109201,3787,1850,2,4,2300.0,43928.6,1,0,0
1005272,3431,1502,2,1,8649.0,62168.8,5,9,92135792
739194,2524,880,2,4,14.6,28253.0,6,0,0
589520,2007,1945,2,4,14.6,32735.7,6,0,0
1134840,3878,1804,2,1,1648.0,18651.6,0,13,38488340
1026242,3504,2074,2,4,500.0,15025.4,1,0,0
3610090,2424,1611,0,0,227.5,48682.0,7,0,0
795024,2708,1329,2,4,18400.0,52151.9,1,0,0
864847,2944,1504,0,3,5746.0,16807.4,1,0,0
824798,2810,1666,2,4,3100.0,22078.0,1,0,0
3478060,9006,1215,0,0,108.3,27360.8,7,0,0
96944,331,1183,2,4,480.0,28192.4,1,0,0
876663,2986,1672,2,4,14.6,57521.7,6,0,0
315714,1077,954,2,4,1900.0,28131.0,1,0,0
1145520,3918,1531,2,1,4865.0,17815.4,5,10,11387104
314004,1071,819,2,4,2800.0,28601.5,1,0,0
64255,213,1839,2,1,5625.0,64026.7,5,3,4553950
36211,116,2105,2,4,31400.0,15470.1,1,0,0
2256328,7445,1334,1,4,21825.0,23133.7,1,0,0
3634510,3146,1764,0,0,70.2,16295.6,7,0,0
979009,3339,1764,2,4,14.6,25347.9,6,0,0
1070009,3655,1105,0,3,15412.0,16312.0,1,0,0
12020,40,2164,0,3,9753.0,28940.9,1,0,0
356938,1210,1640,2,4,18100.0,33977.7,1,0,0
1070387,3656,1111,0,3,1500.0,15110.3,1,0,0
446501,1516,890,2,1,2277.0,25439.9,5,13,87859165
146528,490,1802,2,4,1600.0,15544.3,1,0,0
1026014,3503,1519,2,4,14.6,51583.6,6,0,0
497524,1695,1307,2,4,14.6,65860.8,6,0,0
158872,532,1004,0,3,12900.0,13800.0,1,0,0
621556,2121,2049,2,1,3382.0,50086.7,0,2,4398906
505697,1726,576,2,4,14.6,22445.5,6,0,0
890031,3035,2013,2,1,7524.0,28679.3,5,6,58785599
3584975,1662,2006,0,0,272.5,71709.9,7,0,0
16870,57,1122,2,4,2200.0,32532.4,1,0,0
3628917,2972,1733,0,0,430.8,115786.4,7,0,0
903297,3078,1926,0,2,3348.0,15387.6,1,10,85435038
3547300,503,1884,0,0,176.5,44738.6,7,0,0
3545335,446,364,0,0,180.6,40687.2,7,0,0
929893,3168,1491,2,4,14.6,20085.0,6,0,0
2286722,7542,1927,2,1,3683.0,40393.0,5,8,63780206
491697,1677,1652,2,1,5530.0,33494.4,5,5,52726864
180797,613,1475,2,4,1500.0,41451.2,1,0,0
558942,1902,589,0,2,11237.0,37671.1,1,2,4289520
3542232,354,637,0,0,154.9,35169.9,7,0,0
106823,363,621,0,3,12824.0,53543.3,1,0,0
1104202,3772,1835,2,1,7775.0,60855.1,5,9,93521964
569016,1937,1988,0,2,4896.0,20141.7,2,13,86112963
999789,3413,1679,2,1,139.0,76270.1,0,6,48610538
551963,1879,1473,2,1,1119.0,12375.2,1,9,75441211
1166272,3997,720,2,4,700.0,44019.0,1,0,0
3612710,2496,1125,0,0,76.2,16800.7,7,0,0
3647239,3548,484,0,0,87.9,27611.9,7,0,0
274391,940,1825,2,4,14.6,61010.6,6,0,0
528909,1804,1039,1,4,15827.0,29106.9,1,0,0
1034920,3538,1659,2,4,14000.0,37309.4,1,0,0
1149357,3931,1368,2,4,14.6,68860.1,6,0,0
161881,541,523,2,4,16100.0,38233.3,1,0,0
981472,3349,1422,2,4,12500.0,38551.7,1,0,0
1238262,4237,1892,2,4,55400.0,74640.6,1,0,0
674531,2305,2076,0,2,3542.0,-20041.8,1,11,49954766
2524931,8330,922,2,1,319.0,70317.7,8,3,4814380
1085946,3710,1118,2,4,2640.0,20948.8,1,0,0
552372,1880,602,2,4,1000.0,53281.6,1,0,0
2572564,8492,1519,2,4,14.6,31424.0,6,0,0
199549,678,1132,0,3,7632.0,18962.1,1,0,0
3657508,3845,972,0,0,160.2,39768.0,7,0,0
3601020,2143,1338,0,0,232.7,49663.5,7,0,0
2912643,9645,1681,2,1,5183.0,70881.8,5,6,32246267
3463355,2718,2006,0,0,89.7,51286.6,7,0,0
48125,161,1655,2,1,892.0,16965.1,0,12,62378322
86957,290,1123,2,4,7800.0,29592.0,1,0,0
591414,2012,1894,2,1,3844.0,31931.1,5,5,87907689
565674,1926,588,0,3,4507.0,25707.5,1,0,0
120703,404,1447,2,4,21800.0,70501.7,1,0,0
2586375,8547,1605,0,3,11255.0,109695.6,1,0,0
48413,162,889,2,1,3458.0,15800.3,5,4,1325488
757842,2584,1550,2,4,14.6,11917.1,6,0,0
2489681,8212,843,2,4,44600.0,64286.5,1,0,0
3447836,2260,1215,0,0,38.5,5544.9,7,0,0
1579235,5369,535,0,3,5000.0,25086.5,1,0,0
815482,2778,1260,2,1,192.0,30729.7,5,8,72472995
3410802,11320,788,2,4,14.6,37671.7,6,0,0
1239041,4240,888,2,4,75600.0,11921.9,1,0,0
254036,871,1652,0,3,24977.0,71035.9,1,0,0
588586,2003,1865,0,2,46967.0,94013.4,1,2,8372825
3606584,2319,2006,0,0,19.1,4689.9,7,0,0
357617,1213,1594,0,2,4909.0,20233.3,2,5,84123497
366419,1246,1464,2,4,880.0,19004.8,1,0,0
603679,2054,2037,2,4,14.6,52775.1,6,0,0
1910453,6472,1045,2,1,3597.0,82238.7,8,9,3375345
879873,2996,1701,0,3,800.0,44378.2,1,0,0
395237,1344,1652,0,3,38627.0,84563.0,1,0,0
464127,1579,1816,2,5,2700.0,48086.3,1,0,0
476759,1625,1741,2,1,679.0,20639.1,3,2,51059633
109504,370,1533,0,2,3113.0,24160.8,1,8,86727231
3602132,2176,2037,0,0,19.8,2930.6,7,0,0
207787,705,1807,0,3,9363.0,35264.9,1,0,0
125673,423,1103,2,4,420.0,18345.9,1,0,0
175157,589,2166,0,3,30406.5,76602.9,1,0,0
172014,576,196,2,4,3920.0,13958.2,1,0,0
1087143,3714,2043,2,1,3217.0,43352.9,5,12,44852805
499884,1702,1027,2,4,1900.0,27536.8,1,0,0
799199,2725,1652,0,3,20250.0,61978.9,1,0,0
413718,1406,1861,2,1,2302.0,21715.9,5,3,24323117
1117604,3818,906,2,4,2040.0,31722.5,1,0,0
1198457,4102,1562,0,3,3700.0,27300.0,1,0,0
937565,3199,1254,0,2,29270.0,30370.0,1,13,72882389
1107411,3782,1759,1,4,10228.0,51407.4,1,0,0
263362,900,810,2,4,1800.0,21161.9,1,0,0
3509727,9263,2068,0,0,102.4,24269.2,7,0,0
3468370,4078,2006,0,0,426.9,95599.6,7,0,0
3452404,5661,1185,0,0,200.1,46934.8,7,0,0
621432,2121,1923,0,3,22121.0,56435.8,1,0,0
247105,849,1733,2,4,14.6,65499.3,6,0,0
946711,3227,1412,0,3,24650.0,65092.9,1,0,0
564687,1922,1368,2,4,14.6,61090.7,6,0,0
577748,1967,1819,0,3,35703.0,99080.8,1,0,0
78137,260,1374,0,3,7871.0,37851.7,1,0,0
3575348,1370,1519,0,0,84.5,27124.5,7,0,0
1033602,3534,1746,2,1,4075.0,45112.8,0,4,64108812
3449504,3734,1491,2,4,0.2,205.6,4,0,0
3609242,2395,2129,0,0,172.4,42819.1,7,0,0
3541615,335,2190,0,0,121.8,29041.3,7,0,0
845762,2880,1828,2,4,600.0,34127.4,1,0,0
202184,686,1002,2,4,14.6,24710.5,6,0,0
350126,1189,2013,2,1,344.0,24226.1,1,4,59060120
3633679,3126,2159,0,0,77.3,19621.4,7,0,0
503785,1719,856,0,2,4152.0,22036.9,2,5,25589144
209163,710,1405,2,1,3200.0,20978.8,5,6,95556771
3611687,2470,1976,0,0,125.3,31285.9,7,0,0
862338,2936,1764,2,4,14.6,23158.4,6,0,0
130512,437,546,2,4,17900.0,47005.1,1,0,0
3281610,10904,1985,0,3,7632.0,22434.1,1,0,0
176575,596,1474,2,5,2900.0,76051.8,1,0,0
741937,2533,1672,2,4,14.6,23484.1,6,0,0
487120,1660,2025,2,4,31300.0,103803.6,1,0,0
217284,738,531,2,4,13000.0,42643.3,1,0,0
625331,2135,1808,0,3,15393.0,39773.1,1,0,0
316497,1079,1366,2,4,2700.0,30555.4,1,0,0
1116358,3813,2108,2,1,5645.0,38014.4,5,3,81887119
335367,1139,2160,2,4,19500.0,118515.9,1,0,0
3467683,3921,1945,0,0,185.4,43072.9,7,0,0
702684,2407,1884,2,4,14.6,19792.1,6,0,0
3621357,2747,1399,0,0,63.3,13262.8,7,0,0
2779743,9199,1519,2,4,14.6,14426.3,6,0,0
922470,3144,1650,2,1,3786.0,15440.8,5,6,24305564
60405,201,2037,2,4,14.6,36649.7,6,0,0
4600,19,1380,2,1,2523.2,18895.9,8,9,14132368
566876,1930,450,2,4,1600.0,21085.0,1,0,0
2089066,7082,2110,2,1,4045.0,27400.8,8,13,25515216
3567169,1115,1672,0,0,79.1,19591.7,7,0,0
827106,2817,1956,2,4,9400.0,73257.0,1,0,0
2984610,9883,1835,2,4,5700.0,49760.4,1,0,0
1613977,5481,310,0,2,36430.0,82524.3,1,10,47793597
1069592,3654,890,0,3,29895.0,74055.2,1,0,0
217891,741,1413,0,3,1300.0,47119.6,1,0,0
668076,2281,1321,2,1,5720.0,35850.2,5,13,7258689
599352,2039,1611,2,4,14.6,38328.4,6,0,0
2572305,8492,1319,0,3,11142.0,45720.9,1,0,0
3439687,942,272,0,0,28.8,12031.4,7,0,0
550679,1875,2007,2,4,2640.0,17225.8,1,0,0
931948,3178,1466,2,4,180.0,14019.4,1,0,0
2288183,7546,1154,2,4,14.6,28573.3,6,0,0
435159,1478,1634,2,4,14700.0,41850.1,1,0,0
513580,1757,1641,2,4,14.6,26804.6,6,0,0
104862,358,1622,2,1,532.0,17980.4,5,11,86354624
776482,2648,1301,2,4,900.0,22856.0,1,0,0
1244963,4259,1008,2,1,2255.0,42531.8,0,1,40486842
1292559,4416,2006,2,5,1100.0,50233.8,1,0,0
3568142,1136,395,0,0,268.4,45870.9,7,0,0
3653331,3724,1856,0,0,302.7,56741.9,7,0,0
220912,750,1362,2,4,1080.0,45632.4,1,0,0
810346,2762,528,2,1,6892.0,26577.5,5,11,85078340
573267,1950,1806,0,3,19135.5,43570.9,1,0,0
248336,854,1923,0,3,10405.0,34812.5,1,0,0
2572370,8492,1468,2,1,4403.0,34220.2,5,10,72004610
3443573,1746,2006,0,0,368.0,79008.9,7,0,0
898084,3061,1378,0,2,2967.0,21425.4,1,6,32453257
35697,115,830,2,1,5110.0,25454.0,5,3,51975733
976604,3327,2037,2,4,14.6,56114.0,6,0,0
1120088,3826,1945,2,4,14.6,48874.4,6,0,0
628688,2146,1046,2,1,3230.0,47724.6,0,1,64262807
965460,3289,1905,2,4,2280.0,38572.5,1,0,0
729715,2494,785,2,4,14100.0,30434.6,1,0,0
564162,1919,1152,2,4,6100.0,51504.5,1,0,0
602194,2050,637,2,4,14.6,32102.1,6,0,0
45658,152,1857,0,3,300.0,12285.6,1,0,0
3655502,3783,1672,0,0,145.9,35702.2,7,0,0
929635,3168,796,0,2,6303.0,24628.5,2,1,54928976
3583660,1621,849,0,0,139.2,33023.6,7,0,0
620049,2117,1830,2,4,1700.0,19477.0,1,0,0
1501703,5120,892,2,1,6738.7,13950.3,8,7,4935771
2777468,9192,922,2,4,7000.0,34664.3,1,0,0
1012626,3462,1926,2,1,4743.0,32084.3,0,6,83431678
1114435,3806,2044,2,1,18.0,24255.0,3,10,6164783
3571510,1246,788,0,0,77.8,17977.8,7,0,0
477067,1626,1895,0,2,19776.0,56062.3,1,5,81949048
835776,2843,1938,2,4,5300.0,20968.0,1,0,0
1119513,3824,1976,2,4,14.6,22176.7,6,0,0
3626715,2909,1519,0,0,139.8,35244.3,7,0,0
1067788,3649,253,0,3,18395.0,58720.5,1,0,0
1146860,3923,1351,2,1,5037.0,59362.7,5,10,4434031
1614236,5481,1720,2,4,8100.0,70445.8,1,0,0
1065353,3640,1616,2,1,2040.0,13148.4,5,1,21871125
3606727,2323,1491,0,0,227.0,46022.9,7,0,0
604365,2057,1926,2,1,769.0,64119.1,3,6,24007451
1215087,4159,1478,2,4,1200.0,35785.7,1,0,0
2736310,9052,1884,2,4,100.0,33117.9,6,0,0
1240836,4245,1983,0,3,22856.0,79386.8,1,0,0
1119406,3824,1375,2,1,6198.0,12835.9,5,11,61468034
110040,372,1108,0,3,22396.0,68171.3,1,0,0
221412,751,1915,2,4,14.6,17330.3,6,0,0
314267,1073,954,0,3,5765.0,30981.1,1,0,0
2984330,9883,1317,2,1,713.0,28097.5,5,2,27317208
52118,173,719,2,4,2700.0,28696.6,1,0,0
1474335,5024,2041,2,4,14700.0,-688.3,1,0,0
745051,2543,863,0,2,6148.0,35911.6,2,2,4203528
321050,1097,1988,0,3,17700.0,27187.0,1,0,0
669762,2285,2037,2,4,14.6,28866.5,6,0,0
891118,3037,1350,0,3,8100.0,21209.4,1,0,0
1122975,3835,668,2,4,14.6,37246.4,6,0,0
843569,2871,1490,2,4,2450.0,21288.5,1,0,0
638555,2179,1407,2,1,3650.0,59619.6,0,8,48367720
655703,2241,1945,2,4,14.6,55248.6,6,0,0
825550,2813,887,2,1,798.0,18066.0,5,8,75464439
1053605,3604,1088,2,4,2160.0,27670.6,1,0,0
778474,2653,2038,2,4,15000.0,36662.4,1,0,0
1038831,3552,1248,0,3,600.0,34699.0,1,0,0
3216024,10670,1011,2,4,8300.0,128379.7,1,0,0
1309900,4473,1710,0,3,24425.0,70718.5,1,0,0
951609,3244,1258,2,1,1858.0,14455.0,5,1,53532010
649424,2219,211,2,4,14.6,83390.4,6,0,0
799526,2726,1849,2,4,3120.0,71929.4,1,0,0
642526,2193,1432,0,3,10000.0,15935.0,1,0,0
3479632,9242,1368,0,0,160.1,38420.4,7,0,0
227596,773,1460,2,4,14.6,39299.2,6,0,0
157321,526,1716,2,1,5074.0,28473.6,5,7,22128474
818846,2788,1841,2,4,3360.0,20894.7,1,0,0
943623,3219,1180,0,3,400.0,400.0,1,0,0
181046,615,1441,0,2,3144.0,19751.3,1,3,23401397
3545968,462,1460,0,0,184.9,38933.6,7,0,0
940405,3210,2045,2,1,7388.0,11801.9,5,12,29783749
700225,2396,587,2,1,2548.0,24364.0,5,1,75456380
529259,1805,1188,0,3,8352.0,90732.8,1,0,0
943702,3219,1452,2,4,2600.0,49813.3,1,0,0
349424,1186,1993,0,3,1400.0,26063.3,1,0,0
122558,411,605,2,4,3200.0,36650.5,1,0,0
2144354,7262,1979,2,4,19200.0,16518.9,1,0,0
1105633,3777,1063,2,4,14.6,17209.6,6,0,0
2309106,7618,1283,0,3,2700.0,16507.6,1,0,0
574611,1956,1633,0,3,9600.0,20418.0,1,0,0
3664116,4361,1672,0,0,327.5,78816.6,7,0,0
542937,1847,1529,0,2,5679.0,34876.9,2,6,21921652
3601720,2161,2098,0,0,104.4,28901.1,7,0,0
858775,2926,1121,2,4,2280.0,23876.8,1,0,0
3468495,4093,1794,0,0,55.8,14753.1,7,0,0
340439,1155,1927,0,2,5959.0,29206.0,2,7,39938503
1474280,5024,1580,2,4,14.6,35557.7,6,0,0
67746,225,760,2,4,14.6,14541.8,6,0,0
828939,2823,374,2,1,2210.0,18716.1,1,4,22294932
615850,2099,1562,2,4,19300.0,107057.5,1,0,0
484330,1649,1307,2,4,14.6,27234.7,6,0,0
308017,1050,2149,2,4,10500.0,80733.9,1,0,0
3535075,142,637,0,0,83.6,20106.7,7,0,0
865335,2946,1557,2,1,2672.0,14544.8,5,12,52027302
3648369,3582,1307,0,0,77.2,18168.0,7,0,0
833683,2838,2129,2,4,30.0,127467.5,6,0,0
3544021,408,760,0,0,124.9,24152.0,7,0,0
388257,1320,1773,0,3,13490.0,36291.7,1,0,0
128359,430,1394,0,3,3500.0,36987.7,1,0,0
1988704,6738,1071,0,2,28431.0,71122.5,1,3,22608131
471075,1603,818,0,3,1900.0,28539.3,1,0,0
717428,2457,1641,2,4,14.6,17854.9,6,0,0
645937,2206,1797,2,4,4480.0,36164.0,1,0,0
700645,2397,1794,2,4,14.6,32097.6,6,0,0
1681681,5700,1137,2,1,1728.0,28290.6,8,11,47866308
186445,631,1641,2,4,14.6,19746.1,6,0,0
731074,2498,1425,2,4,5100.0,25259.0,1,0,0
267026,914,1839,0,2,3448.0,22467.4,1,7,44114095
997709,3406,2037,2,4,14.6,21689.6,6,0,0
154916,519,2017,0,2,6987.0,27633.1,2,13,96366220
967399,3296,1483,2,4,7500.0,47697.0,1,0,0
160893,539,1036,2,4,1100.0,29487.8,1,0,0
3110366,10320,619,2,1,4328.8,38258.5,8,6,11919367
570181,1940,1998,2,4,5600.0,15480.8,1,0,0
423000,1437,1407,0,2,3258.0,20509.9,1,13,10694808
3564104,1016,1276,0,0,209.7,42827.2,7,0,0
3607233,2336,1215,0,0,61.8,15141.6,7,0,0
2695636,8919,2018,2,1,3171.0,23050.0,8,5,5126792
998553,3409,1415,2,4,1120.0,16354.1,1,0,0
926552,3158,1512,2,4,1200.0,14806.3,1,0,0
1101047,3760,2028,2,4,10500.0,31836.9,1,0,0
10534,35,1297,2,4,200.0,15477.4,1,0,0
496101,1691,1465,2,1,1214.0,17562.3,0,9,60282856
406681,1384,1534,2,4,11400.0,56101.0,1,0,0
1535068,5228,760,1,4,20647.0,8356.5,1,0,0
1339704,4576,875,2,4,4300.0,33086.5,1,0,0
1125562,3844,880,2,4,14.6,24335.7,6,0,0
593481,2020,1856,2,4,14.6,36607.6,6,0,0
222185,755,2109,0,3,24680.0,66421.8,1,0,0
3657231,3837,637,0,0,132.4,35729.4,7,0,0
956672,3260,1686,0,3,25269.0,113278.1,1,0,0
728777,2491,1794,2,4,14.6,25703.3,6,0,0
132184,443,1374,2,1,67.0,22094.1,1,9,69234090
514019,1759,1556,2,1,1856.0,11479.1,5,3,39091742
238447,815,1680,2,1,1949.0,17139.7,1,7,93358599
9173,32,1989,2,4,19900.0,61750.1,1,0,0
3677133,6592,1856,0,0,198.0,29216.9,7,0,0
237983,813,1180,2,4,11400.0,34008.0,1,0,0
922439,3144,1801,0,2,6085.0,23061.9,2,10,22013318
854420,2912,1837,2,1,6336.0,56894.1,8,4,80799913
3602518,2189,1276,0,0,259.4,65753.1,7,0,0
514623,1761,1683,2,1,3048.0,34873.8,5,1,93704944
423246,1437,1900,2,4,870.0,19031.8,1,0,0
669772,2285,1600,2,4,2200.0,20041.4,1,0,0
246313,846,1296,0,3,24212.0,89875.7,1,0,0
3134967,10404,2049,2,1,3238.0,51910.9,8,10,55139064
840754,2862,1044,2,1,5728.0,51939.5,0,2,24443286
845587,2880,585,0,3,17287.0,46522.4,1,0,0
816438,2780,1593,0,3,14005.0,58256.8,1,0,0
1060757,3625,1125,2,4,14.6,19832.6,6,0,0
2583186,8533,2141,2,1,3626.0,44342.9,8,13,84493583
2144314,7262,2139,2,1,6875.0,26830.3,0,11,4781288
3547766,517,1641,0,0,219.5,59262.5,7,0,0
1008309,3443,1560,0,2,4133.0,19161.5,2,2,49408882
173012,580,1950,2,1,1715.0,27191.3,0,1,27916240
2715922,8982,1154,2,4,14.6,34499.4,6,0,0
833980,2839,1257,2,1,4885.0,58171.7,0,6,46831309
874942,2980,1825,2,4,14.6,21026.7,6,0,0
3600883,2139,1215,0,0,172.2,46193.6,7,0,0
506941,1731,986,2,1,2631.0,22945.0,5,9,29816907
576496,1963,1698,2,4,17400.0,60009.8,1,0,0
393196,1337,1349,2,1,3264.0,36950.3,5,12,46227514
2938111,9730,1590,2,1,4764.0,30775.1,0,1,9366584
1085733,3709,1368,2,4,14.6,36517.8,6,0,0
779343,2657,2078,0,2,4281.0,28146.5,2,9,555372
839730,2859,1438,2,4,8400.0,20164.9,1,0,0
687212,2346,1685,2,1,1939.0,721.8,0,9,74352502
494393,1686,1804,0,3,6204.0,49223.8,1,0,0
442005,1502,1850,2,4,16100.0,39099.9,1,0,0
707549,2423,303,2,4,14.6,23780.6,6,0,0
480517,1637,1840,2,4,640.0,28317.3,1,0,0
615776,2099,1976,2,4,30.0,76572.4,6,0,0
551999,1879,1446,2,4,300.0,14648.8,1,0,0
1030661,3521,1272,2,4,56100.0,33541.4,1,0,0
1244894,4259,742,2,1,9516.0,67264.1,5,2,73520475
565559,1925,1550,2,4,14.6,34405.8,6,0,0
3558298,855,880,0,0,128.3,29071.8,7,0,0
59115,197,918,2,4,2880.0,54572.9,1,0,0
3621497,2749,2006,0,0,358.2,81301.6,7,0,0
191410,650,947,2,1,1697.0,24434.9,5,13,70699482
1089158,3721,1957,2,1,132.0,23225.1,0,1,86966162
3402835,11295,810,2,4,1800.0,31739.1,0,0,0
3565685,1069,1154,0,0,64.4,16235.9,7,0,0
3462943,2648,1519,0,0,70.2,19961.1,7,0,0
1080654,3690,1847,0,3,34783.0,79891.7,1,0,0
21876,72,1679,0,3,17404.0,109014.8,1,0,0
987147,3367,1107,2,1,904.0,91566.2,5,6,62753373
1086318,3712,1439,0,2,6074.0,21937.1,2,2,97933172
532214,1813,1878,0,3,5826.0,92759.7,1,0,0
1047289,3581,1833,2,1,2846.0,10603.6,0,5,1107889
1074622,3672,1486,2,5,1400.0,44668.1,1,0,0
488891,1667,2045,2,4,4200.0,13779.8,1,0,0
952838,3248,1436,2,4,800.0,21358.2,1,0,0
971100,3309,1442,2,1,2991.0,40684.6,0,3,46898156
1100417,3759,1229,0,2,4930.0,15330.5,2,4,37056750
483641,1646,2141,0,3,22783.0,71167.5,1,0,0
652908,2232,1222,0,3,900.0,900.0,1,0,0
1596270,5422,1079,2,4,31100.0,50520.4,1,0,0
3546830,489,1307,0,0,146.7,26151.2,7,0,0
1143445,3910,2068,2,4,14.6,18169.4,6,0,0
586071,1994,959,0,3,9800.0,10900.0,1,0,0
221295,751,742,2,4,1040.0,21005.1,1,0,0
265851,908,1071,2,4,800.0,21953.1,1,0,0
925016,3152,637,2,4,14.6,17331.2,6,0,0
304796,1039,881,1,4,2436.0,57313.7,1,0,0
567989,1934,647,0,3,10983.0,11283.0,1,0,0
3249390,10789,1754,2,4,2900.0,50809.0,1,0,0
226708,772,1625,0,3,36014.0,76109.1,1,0,0
1097034,3748,607,2,4,14.6,16969.5,6,0,0
1137421,3886,1299,2,4,58400.0,100554.8,1,0,0
3656206,3805,1976,0,0,129.4,28793.9,7,0,0
185987,630,2139,0,2,3542.0,32184.3,1,13,62620174
844223,2873,1672,2,4,14.6,27807.2,6,0,0
639962,2185,1717,0,2,5266.0,33579.2,2,7,13153678
808317,2754,1678,2,1,226.0,17325.2,0,9,77635740
577184,1965,1808,2,4,19100.0,48522.3,1,0,0
1399825,4768,1308,2,4,36700.0,87674.8,1,0,0
590854,2011,581,0,2,3016.0,17336.7,1,7,35820675
809605,2759,1837,2,1,12692.0,39936.5,5,7,6377709
79587,266,1856,2,4,14.6,32192.5,6,0,0
744504,2542,1653,0,3,5071.0,19398.8,1,0,0
3581807,1565,1368,0,0,179.3,41797.7,7,0,0
854621,2912,1799,2,4,53500.0,63748.1,1,0,0
1009589,3448,2129,2,4,30.0,27359.4,6,0,0
3565304,1054,880,0,0,137.3,33082.7,7,0,0
505683,1726,150,2,4,14.6,51949.7,6,0,0
136122,456,1399,2,4,14.6,95252.3,6,0,0
3588080,1759,1550,0,0,71.9,13349.7,7,0,0
1263331,4320,1389,2,4,11500.0,31591.2,1,0,0
513445,1757,1315,0,2,44101.0,83114.6,1,11,36027544
544318,1851,1712,2,1,3649.0,34894.0,5,12,48939102
721615,2471,1923,2,1,3277.0,73444.8,5,2,40398550
354817,1203,1560,2,1,3232.0,48700.8,0,11,74031829
194790,660,1286,2,1,5338.0,31591.2,0,12,50051724
160689,539,1416,1,4,16920.0,35543.5,1,0,0
3646283,3515,2129,0,0,75.4,14726.5,7,0,0
1135674,3881,1825,2,4,14.6,26287.3,6,0,0
1684028,5708,1988,2,4,13100.0,37356.8,5,0,0
753848,2572,913,1,4,3260.0,25430.8,1,0,0
922303,3143,1847,2,4,2640.0,35276.0,1,0,0
235017,802,1439,2,1,1876.0,37237.7,5,11,13280040
3611522,2467,242,0,0,164.5,44240.7,7,0,0
3602535,2189,1794,0,0,225.6,45876.0,7,0,0
3210057,10652,2047,2,4,23300.0,34428.2,1,0,0
2874720,9513,1446,2,4,1600.0,43081.9,1,0,0
764611,2611,1340,2,4,10000.0,48654.8,1,0,0
1158102,3965,1750,2,4,4200.0,42478.1,1,0,0
3658972,3893,1856,0,0,64.2,13066.3,7,0,0
584716,1990,1743,2,1,2168.0,22604.6,1,12,24609065
409867,1396,1435,0,3,47440.0,92127.1,1,0,0
3145288,10439,885,2,1,10134.0,15383.5,5,12,55833750
3445642,507,1580,0,0,107.3,23354.5,7,0,0
757414,2583,1300,0,3,2200.0,45496.6,1,0,0
258793,886,1957,2,1,9034.0,98151.9,5,1,44119823
1088049,3717,1429,2,4,14.6,22737.6,6,0,0
443080,1507,1118,2,4,1920.0,33806.1,1,0,0
3658901,3891,2190,0,0,376.3,86488.5,7,0,0
3648867,3595,972,0,0,103.9,24886.7,7,0,0
907274,3091,554,2,4,5400.0,33088.9,1,0,0
760657,2596,743,0,2,3428.0,17393.9,1,6,45731806
493561,1683,1550,2,4,14.6,42932.2,6,0,0
3598735,2062,2159,0,0,224.8,49968.2,7,0,0
115830,391,1356,0,3,1000.0,43967.7,1,0,0
1151603,3938,1160,2,4,19200.0,52670.0,1,0,0
55887,187,1260,0,2,4197.0,18783.7,2,5,69323509
819704,2790,1063,2,4,14.6,40866.2,6,0,0
2438948,8041,2162,0,3,17416.0,122028.9,1,0,0
3509501,9235,1703,0,0,133.1,38460.2,7,0,0
3660653,3944,2037,0,0,131.4,28350.2,7,0,0
3026779,10036,1602,0,3,23380.0,61797.1,1,0,0
155285,520,1349,0,2,3498.0,18370.1,1,13,5587023
103662,354,1316,0,3,11466.0,43583.8,1,0,0
43489,146,1412,0,2,6296.0,28409.8,2,3,53671467
48372,162,1831,0,2,5188.0,30637.6,2,7,66186195
3674103,6040,1945,0,0,106.9,19535.3,7,0,0
392018,1333,1105,2,1,6508.0,14987.1,5,7,53933286
3459565,128,1215,0,0,187.7,46313.0,7,0,0
3627318,2928,1580,0,0,127.4,31715.7,7,0,0
490222,1673,977,2,1,2447.0,16991.3,5,1,20515662
715957,2452,2137,0,2,5563.0,25990.0,2,1,86956369
427152,1451,1499,2,1,3734.0,11585.3,5,11,44489443
3589652,1801,1641,0,0,59.2,20490.3,7,0,0
397438,1352,1107,2,1,213.0,70069.8,0,3,98708682
247145,849,1815,2,4,29600.0,29309.3,1,0,0
605721,2062,1160,0,3,300.0,300.0,1,0,0
644922,2201,1611,2,4,14.6,14798.1,6,0,0
155843,521,1491,2,4,14.6,51675.7,6,0,0
2611884,8628,1803,2,4,22300.0,47194.1,1,0,0
399129,1359,1445,0,3,1700.0,33429.3,1,0,0
784455,2673,1802,2,1,4111.0,29738.0,0,7,7310396
869611,2961,2080,2,4,720.0,29814.8,1,0,0
135454,454,1976,2,4,14.6,29217.9,6,0,0
377154,1284,1994,2,4,5200.0,61673.0,1,0,0
215699,732,1433,2,4,14000.0,30585.4,1,0,0
455630,1547,1464,2,5,3500.0,36423.7,1,0,0
493528,1683,1842,2,4,3000.0,17561.0,1,0,0
137501,461,1131,0,2,6388.0,39356.6,2,13,91520028
382736,1299,951,0,3,400.0,19814.2,1,0,0
904588,3082,2142,0,3,11245.0,26669.1,1,0,0
287791,986,1703,2,4,14.6,20284.3,6,0,0
996895,3402,1240,2,4,26600.0,106959.5,1,0,0
477809,1628,384,2,4,880.0,16440.4,1,0,0
392463,1334,1185,2,4,14.6,22672.2,6,0,0
162545,543,2171,2,1,1086.0,16329.7,0,9,32736635
869526,2961,1806,2,1,606.0,27933.2,5,1,60457706
671918,2294,2187,2,4,1760.0,25237.9,1,0,0
106887,363,2129,0,3,28847.0,110260.6,1,0,0
810185,2762,924,0,3,15732.0,20735.3,1,0,0
1130272,3862,1976,2,4,14.6,26438.9,6,0,0
132426,444,1593,0,3,6704.0,34527.5,1,0,0
2305067,7606,863,2,4,14300.0,36642.3,1,0,0
3537249,204,2006,0,0,85.5,20298.4,7,0,0
220518,749,1773,2,1,4965.0,24112.5,5,12,49041187
1033656,3534,2120,2,5,2400.0,38484.4,1,0,0
537801,1829,1707,2,4,8500.0,14243.6,1,0,0
355153,1204,1007,0,3,23618.0,64509.1,1,0,0
441615,1500,1909,2,4,12000.0,49962.6,1,0,0
844897,2876,951,2,4,14500.0,35051.8,1,0,0
3604669,2253,1794,0,0,117.0,29673.7,7,0,0
3640528,3323,545,0,0,195.1,51961.5,7,0,0
987927,3369,1716,0,3,4550.0,27472.5,1,0,0
702327,2405,2129,2,4,14.6,29410.1,6,0,0
389270,1323,1399,2,4,14.6,47443.4,6,0,0
767202,2620,1561,0,3,5783.0,18684.4,1,0,0
802679,2736,1591,2,1,4604.0,27450.8,5,10,28956604
3559169,879,1641,0,0,10.6,3651.6,7,0,0
2108329,7136,1154,2,4,30.0,36477.7,6,0,0
905421,3086,1314,2,4,1300.0,42394.1,1,0,0
343773,1166,680,2,1,3105.2,38726.3,8,2,62584346
941609,3213,1012,2,1,562.0,19209.7,1,4,67793083
3605715,2290,1733,0,0,81.2,20264.5,7,0,0
474208,1615,1778,0,2,6626.0,7526.0,2,10,96091472
3591597,1848,1125,0,0,70.8,13643.5,7,0,0
164796,551,516,2,4,8800.0,29969.1,1,0,0
3643779,3435,1672,0,0,91.2,22863.8,7,0,0
2820607,9337,1755,2,4,12500.0,66784.9,1,0,0
3444071,1867,1703,0,0,272.7,68802.4,7,0,0
3463433,2740,1519,0,0,65.2,17475.1,7,0,0
771653,2633,1393,0,3,14450.0,113229.8,1,0,0
317107,1081,2112,2,4,1120.0,26859.0,1,0,0
204354,693,851,2,4,6500.0,38610.1,1,0,0
562924,1915,1957,2,1,4052.0,18934.6,5,3,85960626
924028,3148,1712,0,3,1000.0,21057.9,1,0,0
866168,2949,1863,2,1,783.0,15377.7,5,11,79491674
601925,2050,1557,2,1,5542.0,41229.8,0,12,28735864
363421,1235,484,2,4,14.6,21187.2,6,0,0
1134944,3878,1386,2,4,690.0,13797.5,1,0,0
1143186,3909,1641,2,4,14.6,49693.2,6,0,0
3170405,10520,1716,2,5,4800.0,36100.3,1,0,0
3461871,2333,849,0,0,100.9,24965.6,7,0,0
1036931,3547,711,2,1,2684.0,17889.9,5,1,35709709
539412,1834,1621,2,4,840.0,79199.3,1,0,0
682229,2328,1171,2,4,560.0,34869.7,1,0,0
700758,2398,2112,0,3,200.0,51167.6,1,0,0
185388,628,1276,2,4,14.6,32396.9,6,0,0
768692,2624,1752,2,4,10300.0,53918.5,1,0,0
640002,2185,1471,2,1,2004.0,28835.1,5,7,23456716
2068944,7011,718,2,4,10500.0,88112.2,1,0,0
8779,31,1605,1,4,8696.0,45076.5,1,0,0
967518,3297,984,0,3,15762.0,44628.6,1,0,0
445173,1513,645,2,1,3912.0,29974.6,0,9,85800695
2034999,6897,2022,1,4,4711.0,54221.4,1,0,0
1158445,3966,1276,2,4,14.6,25221.2,6,0,0
481750,1640,1903,2,4,9200.0,50544.9,1,0,0
281320,964,1723,2,4,100.0,44427.5,1,0,0
870042,2962,1915,2,4,14.6,72080.8,6,0,0
3669822,5270,272,0,0,360.4,86703.2,7,0,0
968030,3298,2165,2,4,4600.0,41078.3,1,0,0
1013957,3466,1001,2,4,3400.0,42006.8,1,0,0
3598347,2048,2190,0,0,175.3,47586.7,7,0,0
802672,2736,1379,2,1,4604.0,18731.0,5,10,28956604
841367,2864,1320,2,1,890.0,51297.4,5,4,51518619
361266,1227,2169,2,1,980.0,34666.8,3,7,14547312
744546,2542,739,2,1,435.0,19123.7,5,11,28103435
401099,1366,1806,2,1,310.0,35286.5,0,10,24074399
703766,2411,777,2,4,16300.0,43177.3,1,0,0
3633355,3116,1215,0,0,60.2,18918.2,7,0,0
585375,1993,1292,0,3,5976.0,12730.5,1,0,0
829150,2823,1847,2,4,300.0,22961.4,1,0,0
2938124,9730,1986,2,1,4764.0,21830.4,0,1,9366584
305873,1042,1387,2,4,9300.0,47771.8,1,0,0
3465596,3379,1915,0,0,148.4,36403.9,7,0,0
3544123,411,119,0,0,196.9,52760.7,7,0,0
3637616,3240,2068,0,0,95.2,21896.2,7,0,0
629266,2148,1773,2,1,2301.0,8540.2,5,9,41176962
452277,1536,1221,2,4,100.0,51209.6,1,0,0
2969274,9833,1276,2,4,14.6,27723.8,6,0,0
971710,3310,1641,2,4,14.6,15523.5,6,0,0
677569,2315,1621,0,2,4439.0,50142.8,2,4,19011515
499912,1702,1897,2,4,3500.0,31728.1,1,0,0
1142970,3909,2046,2,1,713.0,42581.4,0,9,5039710
215448,731,2020,2,4,1840.0,15242.5,1,0,0
1143728,3912,1284,2,1,1551.0,27727.7,0,6,95519256
147371,493,1659,2,4,16500.0,44258.1,1,0,0
488523,1666,885,2,4,8800.0,17761.0,1,0,0
165189,552,2068,2,4,14.6,20591.0,6,0,0
252106,863,395,2,4,14.6,22065.0,6,0,0
641278,2189,2108,2,1,2803.0,58160.6,3,1,32410866
368561,1252,1986,0,3,500.0,25903.8,1,0,0
320351,1094,1650,2,4,3680.0,16953.2,1,0,0
285082,979,278,0,3,17914.0,51720.9,1,0,0
216073,734,1593,0,2,3410.0,19843.5,1,4,50193864
3587346,1730,1884,0,0,229.8,54032.0,7,0,0
63771,212,1773,0,2,49590.0,97534.4,1,5,58325630
359171,1220,1437,2,1,2770.0,33978.4,5,2,48306894
134918,452,2104,1,4,15994.0,70678.8,1,0,0
695620,2378,1421,2,4,49900.0,78994.7,1,0,0
46738,155,1430,0,3,100.0,26853.3,1,0,0
896780,3055,1831,2,1,1279.0,34845.2,5,6,99765395
3438212,554,1338,0,0,104.6,27403.9,7,0,0
416907,1414,972,2,4,14.6,26626.2,6,0,0
3560992,925,484,0,0,187.6,40648.1,7,0,0
1598933,5428,163,2,4,4600.0,54196.0,5,0,0
127680,428,1224,2,1,3987.0,22368.8,5,7,64758032
3542516,361,1002,0,0,226.6,49950.1,7,0,0
5846,23,2001,2,4,10800.0,84498.7,1,0,0
184277,626,888,0,3,8188.5,42464.0,1,0,0
872317,2971,986,2,4,34000.0,52747.0,1,0,0
273544,937,1839,2,1,1751.0,25172.1,5,5,99500470
834999,2841,760,2,4,14.6,15831.9,6,0,0
87661,293,1867,2,1,1366.0,31689.4,3,3,34143477
1102097,3764,1257,2,1,2506.0,36118.6,5,2,8085334
275003,942,2024,0,3,600.0,32495.0,1,0,0
918973,3132,2150,2,4,3700.0,25478.0,1,0,0
3682812,9814,1399,2,4,0.1,21800.7,4,0,0
3565778,1071,941,0,0,223.5,53158.0,7,0,0
883855,3011,1504,2,1,2042.0,11950.6,5,4,88863443
583981,1987,680,2,4,22100.0,40235.4,1,0,0
1019832,3482,880,2,4,14.6,24060.7,6,0,0
709326,2427,587,2,1,2342.0,38355.2,3,11,48815095
1027952,3510,607,2,4,14.6,46681.6,6,0,0
161630,541,1620,2,1,72.0,42605.1,0,12,97620743
281568,965,1108,2,4,1100.0,16084.0,1,0,0
216545,737,1350,0,2,4497.0,23691.3,2,13,90013026
699122,2391,2161,2,4,4300.0,34397.4,1,0,0
107593,365,1747,2,1,1782.0,30438.4,0,9,93025660
776739,2649,1346,0,3,10427.0,62606.6,1,0,0
560776,1908,941,2,4,14.6,29614.4,6,0,0
968698,3302,371,2,1,1376.0,25228.2,5,13,76450466
3591170,1836,1185,0,0,40.3,18784.3,7,0,0
578660,1970,1808,0,3,33658.5,90167.8,1,0,0
3439138,733,1733,0,0,184.9,42504.4,7,0,0
458773,1560,2173,2,1,3332.0,45744.0,5,13,49192738
3589766,1805,484,0,0,153.8,30419.5,7,0,0
963226,3283,1260,0,3,27700.0,43218.5,1,0,0
1170507,4013,1090,0,3,100.0,30239.5,1,0,0
199901,678,941,2,4,14.6,15108.1,6,0,0
60312,201,1464,2,4,1500.0,27791.5,1,0,0
544452,1851,849,2,4,14.6,28636.6,6,0,0
16774,57,1374,0,3,21308.0,51263.3,1,0,0
655480,2241,1925,2,1,455.0,56130.0,0,6,37085980
2593102,8566,1738,0,3,37929.0,70220.1,1,0,0
556600,1894,1825,2,4,14.6,53947.3,6,0,0
597661,2034,1994,2,4,4680.0,28978.4,1,0,0
687016,2345,597,2,4,5100.0,35037.5,1,0,0
607004,2066,1734,2,4,2600.0,21065.9,1,0,0
3546537,478,2190,0,0,345.3,92283.0,7,0,0
2653485,8776,1771,0,3,13464.0,69781.5,1,0,0
831983,2833,1215,2,4,14.6,22065.4,6,0,0
909163,3096,1368,2,4,14.6,29072.2,6,0,0
1070411,3656,1838,0,3,1500.0,32710.0,1,0,0
244125,837,1010,2,4,9000.0,38546.4,1,0,0
142913,478,1185,2,4,14.6,54881.2,6,0,0
1326,5,2006,2,4,14.6,28095.0,6,0,0
737419,2519,1823,2,4,1300.0,39473.5,1,0,0
137611,461,1255,2,4,2600.0,43124.2,1,0,0
3565888,1073,2159,0,0,372.5,89091.7,7,0,0
827059,2817,546,2,4,5700.0,36120.9,1,0,0
1067359,3647,1679,2,1,5842.0,32247.2,5,8,97101318
940554,3210,646,2,4,12900.0,42353.9,1,0,0
1130800,3864,2077,0,3,30718.0,107757.1,1,0,0
123187,414,1479,2,4,1600.0,27115.6,1,0,0
369925,1257,2003,2,4,7100.0,41223.4,1,0,0
359242,1220,1930,2,4,720.0,44456.4,1,0,0
747233,2549,1844,2,4,400.0,42000.4,1,0,0
1118341,3820,677,2,4,100.0,32132.5,1,0,0
3610525,2433,515,0,0,100.9,24858.8,7,0,0
3477402,8899,1338,0,0,147.2,35575.1,7,0,0
788840,2689,1744,2,1,2121.0,54060.5,0,11,36906784
136177,456,710,2,4,18500.0,42848.2,1,0,0
833575,2838,1102,2,4,7200.0,48484.0,1,0,0
1779091,6034,2081,0,3,6784.0,31048.6,1,0,0
1754547,5952,741,2,1,1594.0,73790.5,0,12,37493223
1118626,3821,1743,2,4,30300.0,36812.3,1,0,0
338065,1147,1474,2,5,2400.0,52519.1,1,0,0
338182,1147,2159,2,4,14.6,47316.3,6,0,0
383447,1302,1472,2,4,2640.0,28098.6,1,0,0
1093148,3737,2098,2,4,14.6,37418.4,6,0,0
3437646,432,423,0,0,105.8,28331.0,7,0,0
3542703,365,2190,0,0,121.2,22599.6,7,0,0
3445294,245,1491,2,4,2.5,24148.3,4,0,0
828486,2821,1733,2,4,14.6,20773.2,6,0,0
441143,1499,1318,2,1,3666.0,31669.4,5,3,54662084
1037704,3549,1703,2,4,14.6,20606.0,6,0,0
1053441,3604,1161,0,2,6945.0,27711.7,2,13,9589982
3227363,10710,1453,0,3,23390.0,57689.9,1,0,0
3494413,7965,1976,0,0,208.2,39108.1,7,0,0
1167828,4001,1244,0,3,1800.0,17564.9,1,0,0
869333,2960,1033,2,4,14.6,29272.9,6,0,0
889291,3033,2140,2,1,192.0,18877.4,1,8,9593081
561075,1909,986,2,1,1156.0,21259.8,0,6,63000541
129591,435,490,2,1,3189.0,13883.4,5,7,75157016
3646684,3533,1884,0,0,132.7,31806.7,7,0,0
488525,1666,1622,2,4,5900.0,36853.2,1,0,0
692413,2366,2108,0,2,5226.0,9329.7,2,3,55076229
779853,2660,1270,0,3,6436.0,53729.1,1,0,0
390204,1327,857,2,4,2400.0,21204.3,1,0,0
265664,907,849,2,4,2000.0,26542.6,1,0,0
357137,1211,1921,2,1,3073.0,19900.5,5,9,57585883
275451,943,157,2,4,990.0,15958.9,1,0,0
2824842,9353,2070,0,3,48588.0,81784.7,1,0,0
648375,2216,1154,2,4,14.6,61569.2,6,0,0
3561837,945,1672,0,0,231.4,27367.8,7,0,0
3639984,3306,515,0,0,143.7,32653.7,7,0,0
726747,2486,1345,1,4,12893.0,14947.5,1,0,0
1290905,4413,1256,0,2,50178.0,74988.4,1,6,32251250
1149765,3933,1789,2,4,6000.0,18463.3,1,0,0
3533881,102,576,0,0,248.1,58268.6,7,0,0
3542723,366,2006,0,0,173.5,37449.2,7,0,0
427347,1451,1074,2,4,200.0,30104.3,1,0,0
1160394,3973,1137,0,3,10412.0,37437.6,1,0,0
294811,1006,1287,2,1,33.0,31819.1,0,6,51874184
490968,1675,1485,2,4,400.0,18816.6,1,0,0
1077013,3679,1106,0,3,17241.0,55923.1,1,0,0
417901,1417,1505,2,1,7394.0,61905.5,5,9,84443246
1099781,3756,834,2,4,25500.0,49894.1,1,0,0
3117452,10345,2049,2,1,2605.0,21913.1,8,11,38070029
3526889,11021,668,0,0,222.9,88063.1,7,0,0
110434,373,2100,2,4,2880.0,57116.6,1,0,0
59460,198,1439,2,1,700.0,21012.5,5,7,67775189
1715927,5817,1776,0,3,21376.0,49552.4,1,0,0
3601000,2142,1794,0,0,132.8,49906.2,7,0,0
873019,2973,1854,2,5,1400.0,37612.4,1,0,0
3501714,8564,972,0,0,240.3,63895.6,7,0,0
2810537,9307,1853,0,3,18800.0,58695.6,1,0,0
1142773,3909,436,0,3,24400.0,59804.0,1,0,0
973559,3317,1747,2,1,2166.0,15415.5,1,6,89721625
3654795,3764,1580,0,0,139.3,37794.2,7,0,0
549067,1870,1920,2,4,27700.0,35594.2,1,0,0
902765,3076,1047,0,2,4164.0,19667.7,2,7,57857745
1273717,4356,950,0,3,6592.0,27632.1,1,0,0
1110816,3792,1580,2,4,14.6,16041.8,6,0,0
622139,2122,487,2,4,23700.0,53087.0,1,0,0
1309324,4470,880,2,4,14.6,39885.8,6,0,0
514030,1759,1890,2,1,1856.0,18931.7,5,3,39091742
630164,2151,1557,2,1,1227.0,12655.8,0,4,97779327
622856,2124,337,2,4,1440.0,40849.9,1,0,0
12560,42,1504,2,1,4239.0,23326.3,5,2,1007766
3618983,2673,788,0,0,154.8,38367.1,7,0,0
852787,2906,1745,2,1,341.0,44225.5,3,3,13827365
167122,559,2074,2,1,2175.0,11772.6,5,2,77164244
917542,3128,2140,0,3,6829.0,66290.5,1,0,0
620491,2119,1856,2,4,14.6,13881.9,6,0,0
1218476,4171,1882,0,3,25426.0,68890.9,1,0,0
60413,201,790,2,4,15200.0,37410.2,1,0,0
624789,2132,1519,2,4,14.6,25548.9,6,0,0
3442102,1359,607,0,0,98.6,25466.5,7,0,0
2780725,9203,629,2,4,4800.0,60067.1,1,0,0
3446125,949,1338,0,0,77.8,8908.3,7,0,0
3215674,10670,1422,0,3,39475.0,130422.6,1,0,0
425356,1445,1526,0,3,6786.0,26024.9,1,0,0
710374,2429,272,2,4,14.6,30535.5,6,0,0
1024294,3497,1624,2,1,5650.0,60864.4,0,6,58310377
3544443,420,1580,0,0,178.2,43417.8,7,0,0
844599,2876,977,0,3,17385.0,47318.1,1,0,0
79589,266,1915,2,4,14.6,46785.8,6,0,0
840821,2862,390,2,4,1300.0,55356.9,1,0,0
1223897,4190,1816,2,4,3500.0,35480.7,1,0,0
654082,2237,1528,0,3,18232.0,49530.6,1,0,0
416221,1412,1787,2,4,11900.0,17548.2,1,0,0
778503,2654,566,0,3,900.0,900.0,1,0,0
900343,3068,915,2,1,3878.0,18543.0,5,13,6201172
3615061,2555,637,0,0,189.7,49263.8,7,0,0
3633135,3108,1307,0,0,64.1,14428.2,7,0,0
956858,3260,1316,1,4,20147.0,37458.3,1,0,0
2956434,9790,1618,2,1,2488.0,62429.0,3,9,93822401
3588154,1761,849,0,0,109.0,27558.7,7,0,0
1010256,3451,1332,2,4,17400.0,39102.1,1,0,0
3600267,2117,1368,0,0,104.4,31397.9,7,0,0
313750,1071,619,2,1,4219.5,18553.7,8,4,21432626
1140153,3897,2164,2,1,5350.0,66641.9,5,7,68786066
1229492,4208,1658,0,3,1200.0,27315.2,1,0,0
427046,1451,467,0,2,6490.0,25770.0,2,8,75701802
2781995,9208,2042,0,2,20529.0,41373.9,1,8,22525698
595613,2027,1764,2,4,14.6,28205.3,6,0,0
12077,40,1710,2,1,33.0,22620.1,5,10,31161588
96154,327,1292,0,3,3900.0,40980.5,1,0,0
3630626,3030,1460,0,0,90.5,21804.5,7,0,0
476288,1623,1399,2,4,14600.0,43063.0,1,0,0
3575913,1385,1976,0,0,240.2,54516.2,7,0,0
2523603,8327,1159,2,1,4104.0,46840.7,5,11,66402190
372807,1269,1185,2,4,14.6,26486.7,6,0,0
1076277,3677,1136,0,2,3425.0,17583.6,1,6,78434604
166696,557,2098,2,4,14.6,17889.7,6,0,0
646094,2207,1132,0,3,22143.0,22343.0,1,0,0
732529,2503,1083,2,4,4400.0,35451.7,1,0,0
1784730,6051,749,0,3,12200.0,21215.2,1,0,0
140441,470,1593,2,1,1078.0,22073.4,3,8,43083483
999056,3411,1838,0,3,13373.0,59483.0,1,0,0
2761799,9138,2161,0,3,19167.0,38344.9,1,0,0
101259,345,2037,2,4,14.6,63310.9,6,0,0
773910,2641,1550,2,4,14.6,77287.3,6,0,0
525510,1793,1716,0,3,12435.0,44853.0,1,0,0
22878,75,2044,0,3,12550.0,28164.2,1,0,0
2378637,7844,1383,2,4,3900.0,41135.9,1,0,0
2698823,8931,1216,0,3,39065.0,102153.1,1,0,0
401528,1367,1775,2,1,3872.0,31849.7,5,7,3021765
235556,804,1952,2,1,2342.0,58200.2,5,6,68166583
305059,1039,2169,2,5,6200.0,93813.5,1,0,0
77581,258,1991,2,4,2700.0,27728.4,1,0,0
265548,907,701,2,4,240.0,28938.6,1,0,0
674581,2305,1413,2,4,2800.0,10658.6,5,0,0
469532,1599,2169,2,4,4160.0,84197.8,1,0,0
344799,1168,1405,2,1,40.0,32742.2,0,12,34381449
3445366,347,637,0,0,163.3,60429.9,7,0,0
837524,2849,1429,2,4,14.6,20262.7,6,0,0
762521,2603,1851,2,4,2320.0,13994.3,1,0,0
24378,81,2047,0,2,3084.0,34442.2,1,13,10088116
1470543,5011,1638,0,3,38259.0,69836.9,1,0,0
1106629,3780,1496,0,2,6272.0,18915.7,2,5,47954368
334109,1136,1896,0,2,30818.0,50694.5,1,6,84885888
37756,122,1468,0,3,22602.0,62511.2,1,0,0
822677,2802,740,2,4,210.0,22718.3,1,0,0
1073163,3667,753,2,4,3360.0,16018.9,1,0,0
3629627,2992,1794,0,0,142.9,36840.5,7,0,0
1266442,4330,1185,2,4,38300.0,55118.0,1,0,0
78206,260,2016,2,1,5247.0,41500.4,5,4,71713226
1134237,3876,2037,1,4,5867.0,29737.2,1,0,0
3597027,2009,515,0,0,56.2,23299.2,7,0,0
200328,680,1915,2,4,14.6,47818.8,6,0,0
1096288,3747,1956,2,1,2389.0,18382.1,5,5,82686203
3560668,915,1338,0,0,117.9,26788.6,7,0,0
3459963,223,2068,0,0,180.8,44205.0,7,0,0
3449080,3345,1794,0,0,28.6,2874.2,7,0,0
227875,774,1112,0,3,1200.0,24171.0,1,0,0
834197,2839,1794,2,4,14.6,17042.9,6,0,0
3519750,10257,1794,0,0,219.1,46754.8,7,0,0
168148,562,211,2,4,14.6,48271.0,6,0,0
345104,1169,1466,0,3,34279.0,56010.4,1,0,0
1583848,5385,1817,2,4,2700.0,29120.9,1,0,0
789344,2691,1330,0,3,1400.0,24798.1,1,0,0
604559,2058,1681,2,1,131.0,23551.0,0,10,17455786
110539,374,124,0,2,23041.0,65924.5,1,12,4004806
3550906,621,2098,0,0,149.5,16699.2,7,0,0
3650741,3649,242,0,0,157.7,40325.5,7,0,0
1011389,3456,972,2,4,14.6,21148.1,6,0,0
3213181,10663,1071,0,2,65008.0,84976.3,1,5,57889914
555550,1891,1008,2,1,293.0,38120.5,3,5,13493419
100335,343,788,2,4,14.6,24093.8,6,0,0
834451,2840,1015,2,1,11282.0,53763.9,5,3,9861410
1010323,3452,1474,0,2,4694.0,10201.3,2,10,77822822
1289026,4408,1958,2,4,52100.0,61855.0,1,0,0
364769,1239,1215,2,4,14.6,24606.7,6,0,0
8193,30,792,0,3,400.0,400.0,1,0,0
230860,786,1622,2,1,365.0,71293.6,0,5,47281622
3653347,3725,1063,0,0,132.3,29496.0,7,0,0
2350136,7753,1418,2,4,31600.0,103503.0,1,0,0
1108793,3786,502,2,4,35400.0,57851.0,1,0,0
3455844,8896,1307,0,0,287.7,82448.4,7,0,0
272181,931,1620,2,1,461.0,19069.2,3,6,13773954
331162,1128,2166,0,2,6189.0,66388.4,2,9,96233039
552351,1880,752,2,4,850.0,26594.2,1,0,0
765540,2615,746,2,4,2700.0,29628.7,1,0,0
445463,1513,668,2,4,14.6,34299.4,6,0,0
404594,1378,102,0,3,24419.0,50603.2,1,0,0
850464,2896,1959,2,4,810.0,25701.1,1,0,0
971849,3311,2170,0,3,46209.0,109770.3,1,0,0
1245411,4260,1837,2,1,4075.5,43167.2,8,3,42941677
1191251,4079,1562,2,1,3312.0,19559.5,8,12,16481298
705318,2416,1261,2,4,12000.0,41185.9,1,0,0
550389,1874,1915,2,4,300.0,28444.5,1,0,0
988162,3369,2129,2,4,14.6,51558.9,6,0,0
473658,1612,1437,2,4,24400.0,45345.4,1,0,0
3533596,95,1429,0,0,251.4,61932.9,7,0,0
3647644,3559,2098,0,0,184.4,45144.9,7,0,0
3110368,10320,680,2,1,4328.8,44100.8,8,6,11919367
3534907,131,1733,0,0,106.0,27101.0,7,0,0
1524135,5194,1874,0,3,11800.0,32122.9,1,0,0
268082,917,1315,2,4,3700.0,27655.9,1,0,0
3511738,9491,1794,0,0,195.7,60961.5,7,0,0
521126,1779,618,2,1,61.0,52921.7,3,5,7877719
2915371,9656,415,1,4,11640.0,24106.8,1,0,0
3463232,2710,1825,0,0,378.6,98526.0,7,0,0
288557,989,2077,2,1,1147.0,24731.5,0,6,78910153
3600500,2123,1125,0,0,70.3,15314.6,7,0,0
814642,2773,2049,2,1,36.0,51359.4,3,12,5557954
115545,390,2078,1,4,22513.0,48516.6,1,0,0
554947,1889,1616,0,2,5841.0,34502.9,2,4,80125170
914451,3116,2159,2,4,14.6,54323.0,6,0,0
677718,2315,576,2,4,14.6,21470.7,6,0,0
24665,82,1330,0,3,30534.0,96025.3,1,0,0
546385,1859,1577,2,4,1400.0,19945.5,1,0,0
1059015,3620,1923,0,3,11490.0,23117.6,1,0,0
1126798,3849,2188,2,4,3680.0,74368.7,1,0,0
3529898,11349,1276,0,0,171.4,20386.5,7,0,0
1082559,3697,1041,2,1,5632.0,34772.0,0,6,90743112
495924,1690,1129,2,4,1400.0,26158.8,1,0,0
3562069,954,1154,0,0,66.9,21228.7,7,0,0
3600867,2138,2037,0,0,195.4,46317.6,7,0,0
1288856,4408,1027,1,4,21971.0,69356.9,1,0,0
3149221,10451,1951,2,1,2439.0,15158.1,5,2,58286762
597142,2032,1921,2,1,225.0,8751.4,0,9,61507683
3461409,2113,1764,0,0,137.5,24256.3,7,0,0
325459,1112,1252,0,3,28228.0,73080.3,1,0,0
438047,1487,1692,2,4,800.0,24395.5,1,0,0
526333,1796,1208,2,4,3960.0,51481.8,1,0,0
2989315,9897,2070,1,4,3235.0,26294.8,1,0,0
1045453,3575,1689,2,4,2700.0,37538.3,1,0,0
608048,2069,2042,2,1,118.0,39265.2,0,13,80550372
969704,3305,1684,2,1,2858.0,10172.3,0,13,41987031
655668,2241,880,2,4,14.6,30272.1,6,0,0
3678937,6930,454,0,0,266.0,65059.5,7,0,0
676970,2313,621,2,1,1341.0,31802.6,0,4,52766847
499605,1701,2111,0,3,8000.0,26479.1,1,0,0
537190,1828,1434,2,1,1498.0,50875.9,0,13,21647364
51612,173,556,2,1,6256.0,40351.5,5,6,95605074
325310,1111,2168,2,4,1440.0,17597.2,1,0,0
753144,2569,1114,2,4,480.0,25614.4,1,0,0
1326348,4526,771,0,3,12473.0,29986.3,1,0,0
3642648,3394,2159,0,0,88.5,20141.7,7,0,0
1122354,3834,922,2,1,1921.0,30074.6,8,12,34075695
215503,731,1911,2,4,3500.0,13281.8,1,0,0
1118785,3822,1349,2,1,11657.0,41942.3,5,4,32954842
999679,3413,523,2,1,247.0,29534.9,3,12,78589880
3451064,4768,1976,0,0,26.2,-164.1,7,0,0
23871,78,1747,2,4,3800.0,43050.8,1,0,0
239358,817,1168,2,1,4605.0,11145.0,5,4,53805935
687531,2347,2139,2,1,3477.0,22055.9,5,12,25791567
1111829,3796,324,2,4,10300.0,34611.7,1,0,0
186384,631,2136,2,1,2394.0,34254.4,5,4,89184629
1977264,6699,1843,2,4,5400.0,33276.2,1,0,0
1108606,3786,1452,1,4,6820.0,2909.9,1,0,0
1292157,4415,1806,2,1,6170.0,73646.2,8,3,42558240
666391,2274,1827,2,4,1300.0,35253.0,1,0,0
104260,355,1396,0,3,1300.0,26895.2,1,0,0
615835,2099,1301,0,3,6300.0,53285.9,1,0,0
479863,1635,628,2,4,600.0,44599.8,1,0,0
353301,1200,1217,2,4,4800.0,38148.0,1,0,0
773253,2639,972,2,4,14.6,30029.7,6,0,0
562196,1912,1603,2,4,1280.0,24593.2,1,0,0
689834,2357,192,0,2,6434.0,16217.1,2,8,34144538
2121852,7184,1885,2,4,960.0,31547.9,1,0,0
1164615,3989,1251,0,2,4016.0,34336.2,2,2,73123591
953840,3252,1017,2,4,570.0,15235.9,1,0,0
206314,700,1656,2,4,2700.0,24454.0,1,0,0
1154576,3948,1542,2,5,2600.0,34227.4,1,0,0
1225275,4195,1097,0,3,30121.0,81435.4,1,0,0
320574,1095,1980,2,4,3840.0,38567.0,1,0,0
21768,71,1508,2,4,8100.0,48770.0,1,0,0
551948,1879,1015,2,1,1119.0,10990.8,1,9,75441211
744461,2542,345,0,3,7606.0,34581.1,1,0,0
3631401,3051,1733,0,0,266.5,84304.4,7,0,0
944764,3222,1559,0,2,3185.0,23855.6,1,12,2390736
870719,2966,1563,0,3,7640.0,38446.8,1,0,0
748314,2552,1502,2,1,7035.0,19960.5,5,4,17411059
3453654,6473,1672,0,0,208.0,69564.1,7,0,0
3571275,1235,1672,0,0,72.4,15913.7,7,0,0
176869,597,555,2,1,6135.0,43774.0,5,3,43030637
1288093,4405,1794,2,4,14.6,25868.2,6,0,0
326231,1114,586,0,3,700.0,24749.5,1,0,0
315342,1076,1114,2,4,2800.0,24730.3,1,0,0
1130444,3863,1007,2,1,8504.0,21489.4,5,9,88157391
958079,3264,1710,2,1,1886.0,19008.1,5,7,52467608
3655826,3793,1519,0,0,123.4,33863.2,7,0,0
3550541,609,1002,0,0,72.6,17285.8,7,0,0
740025,2527,248,2,1,5774.0,52155.6,5,2,27758234
630304,2151,1825,2,4,14.6,24123.6,6,0,0
1147769,3926,1560,0,2,5427.0,33938.2,2,9,96191042
549342,1871,1611,2,4,14.6,41358.8,6,0,0
814424,2772,1825,2,4,14.6,42790.2,6,0,0
2736142,9052,1927,2,1,2999.3,55097.0,8,9,10905218
1100803,3760,1347,0,3,12257.0,52868.1,1,0,0
2384116,7861,1738,2,1,26.0,75603.2,3,12,69198441
3616901,2614,2098,0,0,51.4,12385.7,7,0,0
574707,1957,1745,2,1,1595.0,28276.2,5,11,19923216
529643,1805,625,2,4,44300.0,75099.3,1,0,0
445966,1515,1312,2,1,774.0,57674.1,0,2,84623413
228123,774,1808,0,3,400.0,29332.3,1,0,0
1174262,4026,2104,2,1,9711.0,26019.4,0,9,60125994
1291254,4413,2149,2,4,24300.0,21669.7,1,0,0
1116573,3814,1180,0,3,4100.0,19400.0,1,0,0
3468182,4009,1338,0,0,209.9,50747.9,7,0,0
600821,2045,1844,2,4,880.0,21445.6,1,0,0
3656267,3807,1641,0,0,178.0,40327.4,7,0,0
780327,2660,1589,2,4,43500.0,51906.5,1,0,0
62318,207,1525,2,1,403.0,20398.1,5,6,71656483
316502,1079,1516,0,3,1300.0,28702.0,1,0,0
334279,1136,494,2,1,2884.0,42749.2,0,13,17459643
788889,2689,1641,2,4,14.6,51880.0,6,0,0
3506614,9031,1641,0,0,182.4,29650.1,7,0,0
858544,2926,459,2,1,1093.0,27053.1,0,12,11561584
3632175,3076,1764,0,0,82.5,20865.0,7,0,0
1043260,3567,1125,2,4,14.6,56906.7,6,0,0
3629438,2987,2006,0,0,163.7,31966.6,7,0,0
894589,3050,499,2,4,6300.0,42288.5,1,0,0
3447902,2261,2068,0,0,100.1,18983.9,7,0,0
3649234,3606,1884,0,0,185.6,47596.4,7,0,0
834804,2841,1744,0,3,9010.0,24453.7,1,0,0
457197,1553,2020,0,3,1800.0,15134.2,1,0,0
105848,361,1283,2,1,1941.0,66423.9,5,13,95369791
187595,635,741,2,1,1683.0,55642.6,5,8,12794989
528532,1803,1108,2,1,1474.0,29686.5,5,1,29663437
3550106,594,1672,0,0,80.4,19728.9,7,0,0
3649549,3615,1856,0,0,95.7,15950.7,7,0,0
604073,2056,333,2,4,14.6,65048.1,6,0,0
3557317,823,1945,0,0,76.7,18962.7,7,0,0
3556174,786,1033,0,0,141.4,30936.7,7,0,0
683578,2333,1454,2,4,2350.0,68633.3,1,0,0
1951116,6609,1963,0,3,27184.0,33623.3,1,0,0
2586366,8547,1742,0,3,6030.0,44782.7,1,0,0
311545,1062,1246,2,4,14.6,46457.2,6,0,0
451563,1535,1071,2,1,2757.0,41585.6,5,11,60955130
1256606,4296,374,2,4,1920.0,40847.5,1,0,0
628646,2146,1959,2,1,2400.0,56833.7,5,11,75200062
3596033,1979,423,0,0,73.4,17983.1,7,0,0
1144330,3914,1307,2,4,14.6,43420.9,6,0,0
1110349,3791,1375,2,1,1033.0,46709.3,3,7,4485118
978238,3336,1016,2,1,2974.0,23972.7,5,5,52481698
1045696,3576,1466,0,2,4065.0,31523.9,2,2,28097510
3644314,3456,1033,0,0,93.2,16587.3,7,0,0
908701,3096,463,0,3,20684.0,56264.5,1,0,0
3552760,678,395,0,0,125.8,31751.7,7,0,0
573618,1952,1290,0,3,15380.0,44885.6,1,0,0
272081,931,773,2,1,1151.0,24647.1,0,8,98647319
115176,389,1115,2,4,1440.0,19575.9,1,0,0
968801,3302,1319,2,1,572.0,23879.2,0,11,73494863
702616,2407,2107,2,1,7292.0,30654.0,5,13,5476630
1027627,3509,1703,2,4,14.6,39099.8,6,0,0
610565,2078,1478,2,4,1900.0,23598.3,1,0,0
885652,3017,648,2,4,10800.0,32354.4,1,0,0
991428,3380,760,2,4,14.6,28856.9,6,0,0
1084312,3703,1865,2,1,192.0,14254.5,1,4,25207352
829427,2824,1896,2,1,841.0,78081.9,8,13,96265625
3552777,678,910,0,0,94.2,22015.4,7,0,0
183223,623,716,2,4,270.0,23997.6,1,0,0
3650661,3646,1733,0,0,292.1,97533.9,7,0,0
1163342,3982,1472,2,4,270.0,30373.2,1,0,0
904589,3082,2172,0,3,16868.0,30098.3,1,0,0
13383,44,515,2,4,14.6,13314.8,6,0,0
373881,1273,1862,0,3,20485.0,63166.3,1,0,0
951723,3244,1187,2,4,930.0,20751.1,1,0,0
194416,658,1460,2,4,14.6,25591.6,6,0,0
758915,2588,1807,2,4,11900.0,48469.7,1,0,0
355371,1204,1113,2,4,1200.0,60701.3,1,0,0
3448380,2660,2006,0,0,196.2,13311.8,7,0,0
97583,334,1712,0,3,18372.0,92209.3,1,0,0
1167093,3999,454,2,4,14.6,36390.0,6,0,0
432582,1470,1224,0,3,12431.0,50666.2,1,0,0
2373302,7824,1191,2,4,19300.0,24938.7,1,0,0
1897357,6425,1222,0,3,12368.0,33913.6,1,0,0
945444,3223,819,2,4,14.6,100676.7,6,0,0
3655331,3779,1399,0,0,215.6,42935.2,7,0,0
754560,2574,962,2,4,5300.0,36716.4,1,0,0
1106370,3779,2170,2,1,853.0,74952.7,0,6,79480331
829498,2824,493,2,4,2400.0,47492.9,1,0,0
49207,164,1621,2,4,5000.0,12456.9,1,0,0
2107059,7133,1185,2,4,14.6,17449.5,6,0,0
3556884,813,729,0,0,183.8,41541.8,7,0,0
400905,1366,277,0,3,7626.0,32267.6,1,0,0
944649,3221,2088,2,5,600.0,47881.7,1,0,0
3633615,3124,1794,0,0,126.2,24302.5,7,0,0
893530,3046,1920,2,1,1889.0,23501.7,5,5,27034569
849059,2893,1681,2,1,1503.0,18929.2,1,9,48678463
1239232,4240,1718,2,4,23300.0,29029.8,1,0,0
211654,718,1341,2,4,49800.0,55729.4,1,0,0
1032806,3531,1619,2,1,2868.0,13507.5,5,8,70772456
3604281,2243,1703,0,0,130.9,32953.4,7,0,0
3469994,4343,2159,0,0,361.7,79151.2,7,0,0
1067060,3646,1921,2,1,3182.0,50895.7,0,5,47689282
3324589,11042,1118,0,3,3600.0,25669.8,1,0,0
32815,106,2143,0,3,17765.0,59588.4,1,0,0
542001,1843,1836,2,4,2100.0,35594.9,1,0,0
683489,2333,2020,0,3,1300.0,17740.0,1,0,0
3592505,1877,1976,0,0,151.1,36877.3,7,0,0
1112825,3800,1774,2,4,400.0,15067.3,1,0,0
486278,1658,1132,0,2,3184.0,16998.4,1,6,35297125
699061,2391,2184,2,4,960.0,40656.9,1,0,0
439774,1495,1469,2,1,670.0,66729.8,0,7,97259157
597262,2032,2128,2,4,5040.0,22342.9,1,0,0
858507,2926,1531,2,1,1348.0,42935.1,5,12,66115546
333415,1134,1405,2,1,1973.0,20081.5,5,8,83356666
8896,31,721,2,4,25400.0,45900.0,1,0,0
1372576,4681,1125,2,4,14.6,25583.9,6,0,0
3068,12,1869,0,2,5938.0,18366.2,2,2,70369857
3576414,1402,2037,0,0,123.1,29552.6,7,0,0
566223,1927,1708,2,1,2283.0,23882.1,1,10,54550802
3538853,248,1825,0,0,156.5,33968.7,7,0,0
3647724,3565,1976,0,0,98.0,22247.4,7,0,0
603398,2053,1989,0,3,3400.0,19421.8,1,0,0
1644254,5574,1837,2,1,11878.0,82688.3,5,9,36525643
459709,1564,1945,2,4,14.6,30580.7,6,0,0
552585,1881,1808,0,3,12795.0,39287.5,1,0,0
3445543,472,2190,0,0,164.7,30746.9,7,0,0
420221,1425,1412,2,1,4069.0,51829.3,5,7,22342765
2810511,9307,1283,0,3,11200.0,50822.2,1,0,0
1575823,5357,1122,2,4,2280.0,25887.7,1,0,0
1460092,4969,1356,0,3,12200.0,12400.0,1,0,0
425988,1447,1715,2,1,2084.7,29525.1,8,13,1155138
264883,904,1672,2,4,14.6,84792.0,6,0,0
269066,922,1622,2,1,255.0,32139.6,0,12,73872160
168260,562,1495,2,4,22100.0,50142.9,1,0,0
1059264,3621,2169,2,1,5319.0,10045.9,5,12,1515150
1133949,3875,1772,0,2,38482.0,39582.0,1,7,94303905
387815,1318,1899,0,3,16685.0,33285.0,1,0,0
1093228,3738,525,0,3,30501.0,65326.2,1,0,0
99510,340,979,2,1,901.0,18366.0,0,13,80708729
1488330,5072,1838,2,1,1863.0,27249.6,5,2,10877579
3666613,4715,2006,0,0,214.3,46368.2,7,0,0
925979,3156,2110,2,4,31200.0,56261.6,1,0,0
424855,1442,1611,2,4,14.6,28722.6,6,0,0
294151,1005,1443,2,1,7896.0,92043.9,5,7,13424891
365966,1244,1981,2,1,406.0,12643.3,3,12,97042274
263993,902,371,2,1,1726.0,37913.4,3,9,46706521
3537964,225,819,0,0,82.5,23388.5,7,0,0
483019,1644,2075,2,1,1022.0,52947.8,0,5,76071583
928240,3164,886,2,4,5050.0,13383.8,1,0,0
345069,1169,1009,0,3,28715.0,105070.7,1,0,0
885501,3017,1469,2,1,1877.0,32048.3,0,7,8393472
3655057,3772,1764,0,0,190.5,42650.6,7,0,0
938079,3201,854,0,3,9376.0,32887.7,1,0,0
1163528,3983,217,0,3,14626.0,50187.0,1,0,0
3622779,2790,941,0,0,167.9,38899.3,7,0,0
846903,2884,1134,2,1,3854.0,30410.9,5,11,41624492
898841,3064,739,2,1,1455.0,25259.7,5,5,63995122
577124,1965,128,2,4,3300.0,26751.5,1,0,0
3574990,1353,1491,0,0,158.5,42920.1,7,0,0
2472826,8159,1892,2,1,3034.0,53629.4,5,12,6845528
3091815,10257,2141,0,3,42631.0,75909.7,1,0,0
3443097,1627,1733,0,0,172.2,42244.3,7,0,0
27075,90,1686,0,3,24306.0,48076.1,1,0,0
3637397,3235,880,0,0,160.2,39717.8,7,0,0
303657,1034,1684,0,3,6329.0,42812.4,1,0,0
571050,1943,1808,2,1,1412.0,52957.8,0,6,17804307
338248,1147,2079,2,4,16900.0,44676.3,1,0,0
405003,1378,374,2,4,2800.0,37340.8,1,0,0
165882,555,1867,0,3,22668.0,42169.3,1,0,0
1180582,4047,1151,2,4,23900.0,49651.4,1,0,0
981116,3348,1478,2,4,9760.0,49296.1,1,0,0
397845,1353,1099,2,1,6646.0,48775.6,0,9,98736470
1166212,3997,679,0,3,8018.0,39940.5,1,0,0
326727,1116,647,0,3,12129.0,32894.8,1,0,0
3242236,10762,1589,0,3,18902.0,50616.5,1,0,0
532130,1813,733,0,3,17741.0,64352.7,1,0,0
3592408,1875,1215,0,0,71.6,16652.1,7,0,0
3479243,9188,1703,0,0,115.3,32463.0,7,0,0
3659535,3912,1185,0,0,108.2,27873.4,7,0,0
1065376,3640,1630,2,4,5350.0,14252.4,1,0,0
1743593,5912,1528,0,2,18461.0,65517.7,1,3,77622216
138410,463,1439,2,4,2560.0,46159.3,1,0,0
1195490,4093,849,2,4,14.6,29980.9,6,0,0
482822,1644,460,0,3,15306.0,49650.6,1,0,0
304561,1038,1850,2,4,600.0,15431.1,1,0,0
2931525,9707,1947,0,3,24627.0,94839.6,1,0,0
1070563,3656,1733,2,4,14.6,39571.6,6,0,0
2868226,9491,1809,2,4,4000.0,91048.5,1,0,0
477706,1628,2049,0,2,4276.0,20599.4,2,11,15916598
697087,2383,1945,2,4,14.6,46425.6,6,0,0
683675,2333,1425,2,4,3700.0,33920.8,1,0,0
386244,1312,1252,2,4,1800.0,34360.6,1,0,0
300580,1023,764,2,4,6400.0,24817.3,1,0,0
721813,2471,2140,1,4,2916.0,57977.9,1,0,0
3449282,3407,1825,0,0,67.8,9712.2,7,0,0
756365,2581,720,2,5,2200.0,66487.9,1,0,0
886590,3022,1679,0,2,4755.0,22800.1,2,1,51916289
1165866,3995,1321,2,1,983.0,26119.5,3,13,70030551
218555,743,1282,0,2,4440.0,28293.1,2,6,14418650
366618,1247,1249,0,3,10404.0,31890.1,1,0,0
251763,863,849,0,3,7279.0,39429.7,1,0,0
41548,137,1528,0,3,23209.0,61948.5,1,0,0
3597735,2030,668,0,0,62.7,24606.7,7,0,0
944090,3220,1063,2,4,14.6,69104.4,6,0,0
1056896,3613,760,2,4,14.6,22337.8,6,0,0
619797,2116,1775,2,1,3407.0,79375.3,0,9,59543710
468179,1593,1845,2,4,510.0,13294.8,1,0,0
638554,2179,1376,2,1,3650.0,54873.0,0,8,48367720
3625229,2866,1033,0,0,54.0,21212.0,7,0,0
3648936,3597,2068,0,0,328.3,56992.7,7,0,0
1971388,6678,1517,2,4,21100.0,45551.0,1,0,0
2979440,9869,892,0,3,5500.0,33997.3,1,0,0
3518427,10131,637,0,0,29.4,52986.1,7,0,0
743554,2539,1981,0,2,6160.0,27166.5,2,3,22219884
3423988,11362,1920,0,3,16141.0,38623.4,1,0,0
423807,1440,1560,2,1,56.0,13062.4,5,10,85377597
3628587,2963,2068,0,0,195.9,51236.9,7,0,0
173095,580,1925,2,4,3000.0,32367.0,1,0,0
3664567,4423,1764,0,0,90.9,16860.6,7,0,0
1291427,4414,1193,2,1,3716.0,30058.9,5,10,75805902
499062,1700,1801,2,4,16300.0,36658.4,1,0,0
1020466,3484,1835,2,5,1400.0,54319.5,1,0,0
458325,1558,1524,2,4,7100.0,27121.2,1,0,0
472373,1607,1525,0,3,23294.0,59683.3,1,0,0
3601388,2152,2006,0,0,98.0,21588.9,7,0,0
717452,2457,524,0,3,200.0,22117.5,1,0,0
905940,3087,701,2,4,1350.0,16236.4,1,0,0
3613348,2511,1154,0,0,157.9,40963.5,7,0,0
3447109,1583,698,0,0,72.5,70376.5,7,0,0
2043575,6927,1720,0,3,45500.0,61632.5,1,0,0
1365449,4659,1310,0,3,33363.0,45842.8,1,0,0
914250,3115,1703,2,4,14.6,28317.6,6,0,0
857844,2924,1276,2,4,14.6,49459.9,6,0,0
109040,368,1276,2,4,14.6,15734.4,6,0,0
3626145,2891,1733,0,0,142.9,36013.7,7,0,0
3653373,3725,1856,0,0,238.7,51382.5,7,0,0
857719,2924,1593,0,3,10539.0,42920.9,1,0,0
166764,558,2048,0,3,8336.0,33410.0,1,0,0
2820264,9337,1664,0,3,33996.0,121365.1,1,0,0
1115589,3809,2020,2,4,6100.0,47650.7,1,0,0
758181,2585,400,2,4,8900.0,34252.0,1,0,0
3581008,1536,1063,0,0,208.6,44131.2,7,0,0
2687880,8896,1825,2,4,100.0,15592.6,6,0,0
409982,1396,1466,2,4,6900.0,20707.1,1,0,0
691343,2362,1922,2,1,2259.0,16946.4,5,6,47032982
632356,2159,1455,2,4,21200.0,39575.6,1,0,0
1082777,3697,928,2,4,5700.0,32482.8,1,0,0
268058,917,1733,2,4,14.6,43357.7,6,0,0
3576048,1392,2037,0,0,369.4,90009.6,7,0,0
608309,2070,734,2,4,2280.0,30392.7,1,0,0
392200,1333,1506,2,4,3300.0,14769.8,1,0,0
1004270,3427,1330,0,3,1100.0,1100.0,1,0,0
3523124,10656,1276,0,0,155.1,37040.4,7,0,0
642894,2195,1884,2,4,14.6,75678.5,6,0,0
872636,2972,1112,2,4,7200.0,20512.8,1,0,0
343368,1164,698,2,4,14.6,24656.6,6,0,0
3560613,914,1094,0,0,55.3,13418.6,7,0,0
3550930,623,303,0,0,64.2,15869.7,7,0,0
2464120,8127,1380,2,1,6494.8,58042.8,8,1,15843767
1074309,3670,1954,2,4,2300.0,21467.6,1,0,0
207436,704,826,2,1,1197.0,30281.6,0,11,96896516
279053,955,1976,2,4,14.6,30666.5,6,0,0
397039,1351,1835,0,2,3341.0,25386.5,1,13,40064734
114254,385,2014,2,4,1170.0,25303.3,1,0,0
3468706,4119,1580,0,0,124.9,31247.6,7,0,0
88658,299,1419,0,3,47012.0,122818.8,1,0,0
2944186,9750,550,0,3,48906.0,61006.0,1,0,0
3607319,2339,2098,0,0,81.0,19783.7,7,0,0
575021,1958,1088,2,4,800.0,31972.4,1,0,0
1131980,3868,2152,2,4,100.0,28335.0,1,0,0
3596917,2004,1945,0,0,232.3,43824.2,7,0,0
706963,2421,2014,2,1,220.0,45000.4,0,7,93932258
3477391,8899,1002,0,0,284.2,69767.1,7,0,0
631416,2155,788,2,4,14.6,26023.4,6,0,0
116660,393,1934,2,4,13000.0,34963.0,1,0,0
3641995,3370,1884,0,0,58.2,26478.5,7,0,0
3331545,11065,1039,0,3,11855.0,47135.0,1,0,0
451167,1534,2107,2,1,2155.0,37162.7,0,10,36498439
151757,507,1351,0,3,5319.0,22958.2,1,0,0
3119165,10351,2080,2,1,4410.0,13384.3,5,2,99277340
846854,2884,1836,0,3,5810.0,76661.0,1,0,0
568862,1936,2117,2,4,480.0,21828.7,1,0,0
1142674,3908,1987,2,1,1008.0,10460.9,0,9,26197701
1292464,4416,1478,0,3,1300.0,59105.4,1,0,0
3637638,3241,849,0,0,98.1,24877.1,7,0,0
3627546,2933,1246,0,0,365.5,110840.7,7,0,0
3443737,1768,819,0,0,132.5,34341.6,7,0,0
1062377,3629,1463,2,4,6600.0,23217.8,1,0,0
874082,2977,1433,1,4,12866.0,55425.4,1,0,0
764549,2611,2016,0,3,15543.0,88789.9,1,0,0
2791714,9242,1915,2,4,14.6,37496.9,6,0,0
1280304,4379,1929,0,3,5679.0,19442.3,1,0,0
80392,269,1976,2,4,14.6,29838.2,6,0,0
457765,1556,1740,0,2,5955.0,44776.2,2,5,75935971
2475871,8169,1898,0,3,11012.0,22603.7,1,0,0
568563,1935,1524,1,4,19888.0,35884.9,1,0,0
483013,1644,1891,2,1,1022.0,43555.3,0,5,76071583
372603,1269,893,2,1,6840.0,38722.9,5,2,70135479
2415250,7965,1580,2,4,14.6,57931.6,6,0,0
956260,3259,1775,2,1,912.0,54237.8,5,8,14523250
1157682,3963,2139,2,1,3477.0,45421.8,5,5,27212840
987521,3368,1132,0,3,14447.0,58579.5,1,0,0
32716,105,1976,2,4,14.6,51989.4,6,0,0
960966,3273,2142,2,4,38200.0,9369.2,1,0,0
601271,2047,1370,2,4,2000.0,29516.8,1,0,0
57219,190,1600,2,4,6500.0,33194.9,1,0,0
573138,1949,2006,2,4,14.6,37098.3,6,0,0
3569185,1168,880,0,0,124.4,28589.8,7,0,0
3445804,773,211,0,0,30.4,17424.4,7,0,0
1013854,3466,1714,2,1,105.0,81911.5,0,7,77973669
3615194,2558,2006,0,0,68.8,15005.5,7,0,0
412957,1404,1926,2,1,53.0,91515.4,3,12,45402222
99675,340,1154,2,4,14.6,16832.7,6,0,0
57946,193,1915,2,4,14.6,19320.3,6,0,0
1116083,3812,1190,0,2,4980.0,26232.0,2,9,2473032
345715,1170,1429,2,4,14.6,30091.2,6,0,0
756674,2582,768,0,3,21884.0,56518.3,1,0,0
577617,1966,1152,2,4,9700.0,31579.6,1,0,0
21506,71,981,2,1,1011.0,57400.2,3,8,9098768
1466755,4995,1307,2,4,30.0,80021.2,6,0,0
3626950,2916,2006,0,0,163.0,31254.5,7,0,0
1779133,6034,922,2,1,7741.8,47032.5,8,7,6834680
322767,1103,919,0,3,600.0,21563.0,1,0,0
653191,2233,2076,2,1,2028.0,26502.0,5,12,11697030
3647103,3545,760,0,0,202.5,47911.9,7,0,0
130414,437,521,2,4,960.0,41742.6,1,0,0
617036,2104,1524,2,1,6927.0,25018.1,5,9,61960321
681668,2327,948,0,2,15714.0,36397.5,1,4,98203420
1148641,3928,1945,2,4,14.6,42511.5,6,0,0
3488674,7454,849,0,0,56.6,13574.8,7,0,0
190854,648,1752,2,5,2500.0,86654.7,1,0,0
1225342,4195,845,1,4,10507.0,34222.6,1,0,0
647329,2213,1890,2,1,6273.0,28334.3,5,5,46736180
18056,61,832,2,1,1645.0,18404.9,5,3,20533621
3654101,3747,788,0,0,64.6,17103.6,7,0,0
3608614,2378,698,0,0,166.9,39242.2,7,0,0
723173,2475,1471,2,4,4600.0,24189.3,1,0,0
892434,3042,1194,0,3,15208.0,37506.3,1,0,0
1156255,3955,1064,0,3,2700.0,34028.8,1,0,0
878279,2991,2142,2,1,7.0,40160.3,3,7,70128237
745314,2543,1825,2,4,14.6,67133.1,6,0,0
600145,2043,1533,2,1,4366.0,23222.8,5,9,39356404
3617352,2625,1307,0,0,73.2,45478.2,7,0,0
606869,2066,1318,0,2,3758.0,4158.0,1,3,93834441
976086,3326,698,2,4,14.6,58215.4,6,0,0
484593,1650,2157,2,4,3000.0,33892.8,1,0,0
2910635,9640,951,2,1,4087.0,17139.7,0,4,37369465
1156042,3955,1007,2,1,997.0,27872.7,0,4,24978786
465644,1584,1713,2,1,1983.0,28396.1,1,10,97312646
1112730,3800,2077,2,1,3634.0,8561.0,0,8,90384268
3571459,1242,2068,0,0,351.1,91611.5,7,0,0
1120285,3827,1826,2,4,500.0,26731.0,1,0,0
776313,2647,1238,2,4,1200.0,49364.9,1,0,0
785394,2676,1807,2,1,1339.0,52673.3,0,5,56445985
455182,1545,486,0,3,1800.0,22999.3,1,0,0
753857,2572,1823,1,4,4705.0,60801.4,1,0,0
496066,1691,1865,2,1,720.0,15250.9,5,3,22764325
100700,344,2018,2,1,1683.0,32391.9,8,2,77219027
475330,1620,1482,2,4,1280.0,16145.3,1,0,0
1519731,5181,1442,2,4,6300.0,50617.6,1,0,0
984435,3357,1471,2,1,1841.0,23993.2,5,11,28360057
999415,3412,1749,2,4,4400.0,15995.4,1,0,0
616449,2101,2014,2,1,722.0,21368.3,3,5,57205212
951780,3244,1945,2,4,14.6,14523.0,6,0,0
270662,928,1253,0,3,10263.0,46303.4,1,0,0
19126,65,2165,0,3,36885.0,85379.2,1,0,0
3149359,10451,1769,2,1,689.0,10579.6,3,7,92217593
1150890,3936,2047,2,1,127.0,23875.1,0,10,98634075
312708,1067,1831,2,4,27600.0,26701.5,1,0,0
371840,1267,1589,2,1,2271.0,50863.6,5,4,53632640
288197,988,1102,2,4,2160.0,27302.7,1,0,0
409434,1394,902,2,4,13450.0,19545.6,1,0,0
656889,2245,1073,0,3,25727.0,67036.1,1,0,0
390933,1330,1701,0,3,46230.0,118337.8,1,0,0
1309362,4470,2037,2,4,14.6,36734.2,6,0,0
1054856,3608,1016,2,1,3124.0,24687.1,5,1,49062126
879051,2994,1896,2,1,1354.0,67939.1,8,12,65474504
3653193,3718,1825,0,0,139.9,34079.4,7,0,0
3595482,1965,1460,0,0,159.0,28359.0,7,0,0
3466256,3532,1033,0,0,106.0,26292.1,7,0,0
336658,1144,794,0,2,3375.0,19312.5,1,4,1589578
3353974,11138,1499,2,4,24400.0,45322.5,1,0,0
3061551,10148,1856,2,4,14.6,39468.2,6,0,0
332549,1132,1253,1,4,19964.0,41528.8,1,0,0
438618,1490,1499,2,4,1800.0,53173.9,1,0,0
3647111,3545,1002,0,0,207.2,52289.8,7,0,0
181311,616,1866,0,2,6846.0,18685.0,2,12,87446176
3022578,10022,1800,2,1,7678.0,73385.2,5,7,25915658
1467482,4999,1913,1,4,18382.0,24876.1,1,0,0
215314,731,1289,0,2,4059.0,14285.3,2,8,46369719
3466204,3520,1246,0,0,146.8,31490.0,7,0,0
1635404,5546,1714,0,2,25369.0,51120.7,1,6,72397291
1982557,6715,437,2,4,10600.0,38719.8,1,0,0
1056905,3613,1033,2,4,14.6,26541.9,6,0,0
3464810,3138,1915,0,0,52.4,12605.1,7,0,0
874,3,1831,2,1,1135.0,18414.4,5,12,83084338
311608,1062,1181,2,4,12800.0,41411.4,1,0,0
3563085,985,2068,0,0,88.2,21884.9,7,0,0
661772,2259,946,0,2,4442.0,20515.5,2,10,99080746
544896,1852,1611,2,4,14.6,17615.3,6,0,0
597810,2035,1505,2,4,3900.0,43040.9,1,0,0
46565,155,1838,0,3,4483.0,22017.5,1,0,0
3569619,1183,1460,0,0,132.7,32878.0,7,0,0
738410,2523,342,0,2,3023.0,26821.9,1,7,42003387
265608,907,1125,2,4,14.6,26326.2,6,0,0
1128736,3856,1689,2,4,560.0,15173.7,1,0,0
2364079,7795,1794,2,4,14.6,73279.3,6,0,0
1001217,3417,1703,2,4,14.6,49618.3,6,0,0
3474559,8321,1856,0,0,156.0,34348.2,7,0,0
886831,3023,2107,2,4,1900.0,16936.3,1,0,0
891631,3039,1047,2,1,1233.0,32399.0,0,13,32417327
206085,700,1803,2,1,1116.0,22328.0,5,12,21956253
297321,1014,1468,2,4,400.0,68871.4,1,0,0
545105,1853,1884,2,4,14.6,29690.1,6,0,0
3522328,10520,2129,0,0,98.5,21683.7,7,0,0
497466,1695,692,2,4,14100.0,44794.0,1,0,0
387710,1317,1976,2,4,14.6,35647.8,6,0,0
831379,2830,1113,2,4,2200.0,24925.1,1,0,0
1562734,5313,1606,0,3,35883.0,83557.5,1,0,0
93375,318,1655,2,1,2858.0,32909.1,5,4,74740838
3529425,11320,2006,0,0,16.6,-394.7,7,0,0
221834,753,1771,2,4,1500.0,17889.9,1,0,0
7149,27,1836,2,4,1400.0,16122.9,1,0,0
1149049,3930,1099,2,1,9101.0,24676.5,5,13,79120719
2611033,8625,1093,2,4,31200.0,68094.8,1,0,0
750382,2558,2045,0,2,2974.0,18526.9,1,12,38920897
2908197,9633,1556,2,4,2700.0,50317.8,1,0,0
3449782,3965,1976,0,0,183.4,45740.5,7,0,0
535383,1824,381,0,3,300.0,300.0,1,0,0
409798,1395,1354,2,4,500.0,19771.4,1,0,0
2910799,9640,364,2,4,14.6,44679.7,6,0,0
85654,287,758,2,4,1680.0,15691.8,1,0,0
777412,2650,1478,2,4,600.0,44736.4,1,0,0
1110160,3790,2113,2,4,12900.0,590.2,1,0,0
1867918,6321,1247,2,4,2800.0,12441.8,1,0,0
3443589,1751,1672,0,0,189.7,43357.8,7,0,0
182626,621,1959,2,1,366.0,36168.9,5,4,21300334
751496,2563,1399,2,4,14.6,40349.6,6,0,0
188692,638,1958,2,4,15000.0,14899.8,1,0,0
3441878,1310,2006,0,0,76.8,13660.1,7,0,0
3437483,391,1976,0,0,150.6,41996.1,7,0,0
1180358,4047,1330,0,3,5112.0,87254.1,1,0,0
768307,2623,1891,2,4,4080.0,43504.5,1,0,0
3522993,10645,1611,0,0,270.0,50822.0,7,0,0
3526243,10954,2159,0,0,114.6,26873.6,7,0,0
1463063,4981,1446,2,4,17800.0,40251.9,1,0,0
833415,2838,1041,2,1,1948.0,70325.3,5,13,46153497
663333,2265,1094,2,4,14200.0,30444.9,5,0,0
1223752,4190,1776,2,1,6763.0,42899.0,8,9,57476657
945406,3223,1355,2,4,4800.0,68158.5,1,0,0
116204,392,1681,2,1,1407.0,37627.4,5,4,99824958
2751126,9104,2129,2,4,14.6,41130.9,6,0,0
1170683,4014,2007,0,3,20064.0,50943.6,1,0,0
1423942,4851,1330,0,3,24855.0,113565.1,1,0,0
537566,1829,984,2,1,3684.0,15250.6,5,11,42750388
3548933,552,1094,0,0,80.3,16891.5,7,0,0
1596538,5423,680,2,1,446.0,110.4,5,7,5680722
167476,560,1957,2,1,5683.0,27760.3,5,9,17489135
1020142,3483,935,2,4,210.0,18019.3,1,0,0
646020,2206,1281,0,3,4900.0,32835.7,1,0,0
44269,148,1619,2,1,89.0,16368.1,1,4,99004148
3573634,1307,2068,0,0,83.4,17665.2,7,0,0
3628088,2949,1094,0,0,83.7,16363.1,7,0,0
555621,1891,753,2,4,270.0,22286.5,1,0,0
1466749,4995,1125,2,4,30.0,9680.2,6,0,0
502844,1714,1651,2,1,3028.0,22999.0,5,7,79335272
678194,2318,1163,0,3,22962.0,64267.2,1,0,0
220819,750,1472,2,1,6615.0,61488.1,5,13,4588097
1470588,5011,776,2,4,14600.0,-11671.1,5,0,0
3061564,10148,1563,2,4,4400.0,37483.9,1,0,0
466461,1588,924,2,1,2443.0,27708.0,5,6,66344201
769654,2627,1347,0,2,4822.0,19199.4,2,11,3880143
251030,861,1115,2,4,4600.0,18960.6,1,0,0
906400,3089,1922,1,4,2272.0,57049.9,1,0,0
3471155,4534,1672,0,0,267.3,30869.0,7,0,0
2412244,7957,1315,2,1,6164.0,13310.1,5,12,45545804
3536214,173,1033,0,0,122.1,29410.7,7,0,0
193726,656,2098,2,4,14.6,45719.0,6,0,0
841954,2865,851,2,4,4400.0,26795.3,1,0,0
664689,2269,573,2,4,2640.0,33246.5,1,0,0
173023,580,1432,2,4,4160.0,17786.9,1,0,0
414289,1408,1915,2,4,14.6,43066.1,6,0,0
369618,1256,1255,2,4,11300.0,37861.0,1,0,0
1156221,3955,1976,2,4,14.6,51834.7,6,0,0
3599433,2084,1856,0,0,284.3,57793.4,7,0,0
605213,2060,1674,2,4,1100.0,28725.7,1,0,0
280092,959,1307,2,4,14.6,23401.8,6,0,0
896074,3053,1185,2,4,14.6,43474.4,6,0,0
555318,1891,525,0,2,3756.0,30094.4,1,1,55015951
770869,2631,1561,0,2,3436.0,20634.0,1,2,22242445
551811,1879,498,0,2,3039.0,4039.0,1,9,19752383
891814,3039,1672,2,4,14.6,40079.9,6,0,0
2593330,8566,1922,2,1,8894.0,11500.0,0,8,72889137
3622535,2779,1641,0,0,306.0,71019.5,7,0,0
997930,3407,1154,2,4,14.6,6116.3,6,0,0
231406,787,1215,2,4,14.6,10902.3,6,0,0
951149,3242,1911,0,3,2400.0,25428.8,1,0,0
203172,689,1955,2,1,1388.0,20913.0,0,9,99909179
15843,53,1956,2,1,2851.0,17413.8,5,7,81024360
532105,1813,610,0,3,22502.0,62734.9,1,0,0
558973,1902,1532,0,2,11237.0,27937.9,1,2,4289520
44456,148,607,2,4,14.6,19275.6,6,0,0
315484,1076,1807,2,4,3400.0,60031.2,1,0,0
214952,730,811,1,4,12163.0,28633.1,1,0,0
1006085,3435,1197,2,1,3090.0,19732.8,5,12,24808752
3454212,7011,698,0,0,420.0,98306.8,7,0,0
3636421,3211,2159,0,0,85.9,20929.6,7,0,0
3657828,3854,1794,0,0,88.3,19862.1,7,0,0
3582966,1602,454,0,0,96.2,24128.3,7,0,0
2442718,8051,577,2,4,7700.0,36425.4,1,0,0
22338,73,1432,2,4,4480.0,38463.0,1,0,0
3559003,873,1641,0,0,68.6,24640.3,7,0,0
888563,3030,1461,2,4,450.0,21339.9,1,0,0
3658720,3884,1794,0,0,71.3,15908.4,7,0,0
569646,1938,660,2,4,22300.0,44485.3,1,0,0
1365825,4660,2047,0,2,31480.0,54691.3,1,2,81680118
3552971,684,1733,0,0,53.6,12687.0,7,0,0
378415,1287,1435,2,1,525.0,26100.2,3,2,8041507
201468,685,1515,0,3,40064.0,94512.2,1,0,0
3609337,2397,2098,0,0,114.6,27623.3,7,0,0
24281,80,1276,2,4,14.6,15124.5,6,0,0
3475524,8489,2159,0,0,180.2,51469.4,7,0,0
588285,2002,918,2,1,3688.0,18557.8,5,3,59535497
444223,1511,1299,0,3,24308.0,29053.0,1,0,0
1329862,4543,2037,2,4,14.6,47655.1,6,0,0
1316203,4493,2133,0,3,3400.0,29026.5,1,0,0
664280,2268,1002,2,4,14.6,35341.0,6,0,0
3633947,3132,1764,0,0,51.6,12750.9,7,0,0
808972,2757,2016,2,1,2077.0,17113.1,1,9,31494546
3609413,2401,2129,0,0,142.9,34734.3,7,0,0
3557995,844,1185,0,0,258.4,57041.0,7,0,0
2449122,8073,1775,2,4,38000.0,66395.8,1,0,0
401535,1367,1987,2,1,3872.0,33831.1,5,7,3021765
784581,2673,1733,2,4,14.6,21016.5,6,0,0
2956614,9790,1397,2,4,23800.0,102932.0,1,0,0
570609,1941,1338,2,4,16100.0,19061.2,1,0,0
332644,1132,1114,2,4,3300.0,60000.3,1,0,0
967761,3298,712,0,3,10839.0,45875.5,1,0,0
3622845,2792,1825,0,0,108.0,24951.7,7,0,0
1049983,3592,892,2,1,3360.0,25842.3,5,6,88522523
982292,3352,521,0,3,1500.0,25165.4,1,0,0
3281730,10904,1121,2,4,3000.0,-294.0,1,0,0
839659,2859,1538,0,3,30201.0,65655.9,1,0,0
3655866,3794,2037,0,0,172.6,37338.2,7,0,0
3670145,5317,1491,0,0,142.3,36784.7,7,0,0
5447,22,1826,2,4,13200.0,44500.1,1,0,0
2789187,9236,1683,0,3,11906.0,79972.8,1,0,0
3656232,3806,1794,0,0,125.0,30722.6,7,0,0
1076353,3677,1985,2,1,2283.0,10969.7,5,7,83299553
374622,1276,980,0,3,6774.0,32261.1,1,0,0
622724,2124,743,2,1,5207.0,38809.7,5,9,46953344
307744,1049,2068,0,3,200.0,31689.0,1,0,0
3662921,4116,2190,0,0,286.3,93376.1,7,0,0
889153,3032,1327,2,4,6100.0,16959.1,1,0,0
858803,2926,960,2,4,2640.0,42890.8,1,0,0
1298830,4434,1108,2,4,15000.0,65877.8,1,0,0
620173,2118,1776,0,3,21848.0,58425.9,1,0,0
249998,858,2096,2,4,1680.0,48499.9,1,0,0
516269,1765,1672,2,4,14.6,16514.4,6,0,0
328676,1120,2068,2,4,14.6,19043.5,6,0,0
516345,1766,923,0,3,19608.0,55684.9,1,0,0
919977,3135,1165,2,1,6814.0,48694.6,5,2,78418945
3662648,4066,1641,0,0,132.7,24463.1,7,0,0
417958,1417,1480,2,4,1500.0,50154.7,1,0,0
630956,2154,1588,2,1,2126.0,15366.2,1,1,22301203
671656,2293,1202,2,4,2240.0,22709.4,1,0,0
3440463,1063,2159,0,0,342.9,82561.8,7,0,0
455864,1548,891,0,2,3159.0,16595.0,1,13,80514359
170187,571,2076,2,1,3255.0,21789.8,5,3,93711280
521785,1780,631,2,4,17200.0,51345.1,1,0,0
1105616,3777,1527,2,4,1410.0,22051.2,1,0,0
2688475,8899,778,0,3,19646.0,58982.3,1,0,0
170405,572,2016,2,1,5372.0,31241.9,5,12,64459979
806787,2749,1920,2,1,14520.0,71033.1,5,9,23250580
594953,2025,1100,2,4,1680.0,30172.1,1,0,0
115332,389,1739,2,4,600.0,17526.2,1,0,0
495230,1688,1077,2,4,1100.0,23057.3,1,0,0
2378689,7844,1181,1,4,8243.0,38361.4,1,0,0
1156046,3955,1130,2,1,997.0,29504.1,0,4,24978786
446445,1516,1373,0,2,3416.0,32726.6,1,2,86663573
3658027,3863,729,0,0,141.6,34346.1,7,0,0
2780417,9203,396,0,3,33612.0,65312.1,1,0,0
2786377,9225,1411,2,4,3700.0,63559.2,1,0,0
249108,855,1154,2,4,14.6,33649.5,6,0,0
3462316,2454,1094,0,0,110.6,25426.8,7,0,0
1850516,6265,1831,2,4,5100.0,23865.3,1,0,0
1876119,6353,376,0,3,24423.0,54581.8,1,0,0
1035826,3542,515,2,4,14.6,21643.1,6,0,0
731788,2501,2164,2,1,3142.0,70707.7,0,9,42648118
761157,2598,2117,0,3,42737.0,87874.4,1,0,0
298323,1017,1970,2,4,900.0,37376.2,1,0,0
586015,1994,1711,2,4,4800.0,32690.4,1,0,0
2712291,8972,2019,2,1,4719.0,30238.1,5,3,61556398
1649614,5591,1260,2,4,21200.0,49439.1,1,0,0
3582554,1588,2129,0,0,56.6,13019.0,7,0,0
977227,3330,1290,2,1,5713.0,25591.5,5,1,93315863
1688663,5724,1047,0,2,29070.0,56924.0,1,13,77775388
3452745,5740,2190,0,0,56.7,14048.3,7,0,0
716550,2454,1462,2,4,950.0,47633.0,1,0,0
6616,26,794,2,1,10387.0,18091.7,5,3,12891853
194319,658,2080,0,2,4655.0,26496.9,2,13,25846690
1234597,4225,1641,2,4,14.6,59719.8,6,0,0
3573077,1292,1399,0,0,192.6,42971.2,7,0,0
3606915,2327,2159,0,0,56.0,15166.6,7,0,0
504413,1721,2123,0,3,5900.0,40200.0,1,0,0
582151,1980,2168,2,1,6879.0,43295.7,5,6,11773962
776319,2647,1418,2,4,4100.0,49511.4,1,0,0
177790,601,2077,0,2,3345.0,19008.0,1,12,1233965
527735,1801,1924,2,1,3419.0,36759.3,0,13,80957543
398878,1358,2129,2,4,14.6,42325.2,6,0,0
1083499,3700,1791,2,4,2040.0,48897.0,1,0,0
1147184,3924,2105,0,2,4764.0,25280.0,2,12,80643486
344637,1168,1954,2,1,2432.0,22561.0,5,12,84145503
741153,2530,1837,0,3,24656.0,49893.9,1,0,0
3465484,3321,1884,0,0,265.9,72142.7,7,0,0
591111,2011,1830,2,1,12.0,25628.2,3,7,36082929
113114,381,1461,2,4,3120.0,29265.7,1,0,0
424293,1441,1889,0,2,6354.0,22710.1,2,1,3778255
1694006,5740,1395,0,3,3500.0,10024.3,1,0,0
2979406,9869,1794,2,4,14.6,73232.3,6,0,0
742854,2536,1116,2,4,1520.0,27103.8,1,0,0
1117522,3818,1773,2,1,4065.0,62589.2,3,2,34760767
1070889,3658,1825,2,4,14.6,37052.5,6,0,0
1314608,4488,2159,2,4,14.6,25266.4,6,0,0
625778,2137,1464,2,4,7500.0,25491.7,1,0,0
182219,619,1655,2,1,1729.0,13595.3,5,13,51829963
1042522,3566,520,2,1,3276.0,24231.0,0,7,22689193
3607444,2343,1429,0,0,192.6,44866.5,7,0,0
889958,3035,1987,0,2,69468.0,102425.8,1,3,68641763
997028,3403,2122,0,3,21143.0,89036.6,1,0,0
815421,2778,1589,0,3,13042.0,31438.5,1,0,0
3463751,2817,668,0,0,193.9,46210.0,7,0,0
361526,1228,2045,2,1,1980.0,21442.8,5,1,34928244
602088,2050,2143,2,1,401.0,62408.6,0,6,89135688
3611260,2460,515,0,0,124.5,29761.3,7,0,0
2459952,8114,1166,2,4,12800.0,37793.1,1,0,0
486470,1658,701,2,4,450.0,18841.9,1,0,0
3602179,2177,1276,0,0,96.7,23184.6,7,0,0
277512,949,2098,2,4,14.6,65314.2,6,0,0
780118,2660,1975,1,4,12798.0,70334.5,1,0,0
1963056,6649,1578,2,4,31000.0,48243.7,1,0,0
3540358,294,1580,0,0,204.4,42021.7,7,0,0
995013,3394,1442,0,2,6522.0,19811.2,2,9,61080419
959301,3268,1556,2,1,1395.0,17295.6,1,8,86191415
3437898,493,2037,0,0,156.7,31472.6,7,0,0
585576,1993,1641,2,4,14.6,43368.7,6,0,0
978335,3336,1063,2,4,14.6,19452.2,6,0,0
3451640,5267,2098,0,0,103.2,18516.1,7,0,0
912522,3111,1613,2,4,3000.0,48419.8,1,0,0
1017565,3477,1167,2,1,2132.0,11887.4,5,13,4360360
168022,562,1478,0,3,1900.0,78958.9,1,0,0
581296,1978,1743,2,1,5900.0,66707.4,0,11,57071173
600224,2043,2103,2,4,1200.0,15430.7,1,0,0
3449009,3326,1550,0,0,80.6,47889.4,7,0,0
378759,1288,1075,2,1,2948.0,22481.4,5,5,87367409
115319,389,1229,2,4,2300.0,21313.2,1,0,0
3640609,3327,515,0,0,134.0,31793.7,7,0,0
603073,2052,1099,2,4,500.0,54594.7,1,0,0
1144376,3914,1517,2,4,12200.0,40438.3,1,0,0
3382337,11231,1868,2,1,7440.5,50975.5,8,2,69176065
1596226,5422,1368,2,4,14.6,33448.0,6,0,0
403881,1375,1499,2,1,5930.0,51807.7,5,2,90090238
923084,3146,679,2,1,2122.0,28964.9,5,8,91693257
2548943,8411,1945,2,4,14.6,30557.8,6,0,0
1152008,3939,818,0,3,2500.0,26003.6,1,0,0
110709,374,1739,2,4,10500.0,48601.3,1,0,0
1061722,3628,1260,2,1,1343.0,42055.6,3,4,50009119
417541,1416,1839,2,4,8100.0,12958.5,1,0,0
1195503,4093,1246,2,4,14.6,23864.7,6,0,0
2539629,8381,1606,1,4,4562.0,52936.3,1,0,0
2872062,9504,1830,0,2,37085.0,68070.0,1,11,31728118
142825,478,1345,2,1,8137.0,28981.8,5,3,9013551
515142,1762,465,0,3,18908.0,54482.9,1,0,0
1090187,3726,1460,2,4,14.6,63104.8,6,0,0
745147,2543,1588,2,1,2145.0,46979.5,5,4,60684478
822472,2801,2159,2,4,14.6,45217.3,6,0,0
2720213,8998,1291,1,4,19991.0,21701.0,1,0,0
719540,2464,798,2,1,4681.0,21611.0,0,6,74763947
3442509,1438,2037,0,0,306.9,50840.1,7,0,0
171905,576,620,2,1,3662.0,18624.2,5,8,71033382
135215,453,2159,2,4,14.6,59844.9,6,0,0
736730,2516,1289,2,4,1600.0,45200.4,1,0,0
3618113,2649,303,0,0,89.4,24479.9,7,0,0
3442883,1585,1580,0,0,253.9,28134.1,7,0,0
103286,352,1899,2,4,1700.0,22490.9,1,0,0
3682282,5927,880,0,0,88.6,21089.5,7,0,0
799070,2724,2018,2,1,6399.0,55982.2,5,10,4672384
1095656,3745,738,2,4,5700.0,40050.3,1,0,0
986986,3366,1636,2,4,8600.0,47920.2,1,0,0
1083829,3701,2037,2,4,14.6,50382.1,6,0,0
1104847,3775,583,2,1,2448.0,17398.8,5,6,93404399
1166423,3997,1097,2,4,6200.0,20073.2,1,0,0
513278,1756,1842,2,4,1300.0,49345.3,1,0,0
60381,201,1307,2,4,14.6,25211.1,6,0,0
851947,2903,1889,2,1,7826.0,44888.3,5,1,77294861
3580206,1512,1246,0,0,117.2,24356.2,7,0,0
983398,3355,797,0,2,5768.0,29897.4,2,8,11943632
3596960,2008,180,0,0,105.2,32442.0,7,0,0
761817,2600,1367,0,3,41204.0,101931.9,1,0,0
403040,1372,1124,2,4,900.0,40304.9,1,0,0
2546409,8405,1007,0,3,22127.0,51208.6,1,0,0
1095675,3745,1833,2,4,5100.0,105068.4,1,0,0
347837,1179,1825,2,4,14.6,21046.9,6,0,0
885082,3016,1434,2,4,1600.0,33059.1,1,0,0
1042118,3564,1446,0,3,7200.0,18628.0,1,0,0
665418,2272,1989,2,1,3986.0,23463.3,5,12,99929630
351986,1196,1796,0,3,32912.0,105363.8,1,0,0
786811,2681,1440,2,4,3400.0,60767.8,1,0,0
3638212,3256,1641,0,0,112.8,13423.5,7,0,0
3293020,10942,1708,2,1,10472.0,45586.3,5,1,71402126
857632,2923,1969,2,4,3600.0,18248.5,1,0,0
606099,2063,1500,0,2,5885.0,36675.7,2,7,52298969
3645302,3486,1033,0,0,13.4,5277.4,7,0,0
1018009,3478,1619,2,4,4920.0,14668.6,1,0,0
1427126,4863,1316,0,2,38042.0,85364.2,1,3,13974267
566766,1930,676,2,1,3223.0,22497.7,5,10,47185248
1688714,5724,1130,2,4,4500.0,13147.8,1,0,0
3550985,623,1976,0,0,75.8,18155.6,7,0,0
3602249,2178,2098,0,0,218.2,46715.0,7,0,0
908159,3094,559,2,1,17.0,38410.4,0,5,4935080
3461632,2195,2037,0,0,322.9,84629.1,7,0,0
3282115,10905,1812,2,4,4160.0,46513.4,1,0,0
552209,1880,593,0,3,700.0,23782.6,1,0,0
851730,2902,1137,2,4,9000.0,24682.2,1,0,0
874384,2978,1258,2,4,900.0,19473.9,1,0,0
568609,1935,1812,2,4,10200.0,27328.0,1,0,0
131374,441,922,2,1,765.0,57324.9,0,12,11125362
1309394,4470,1084,2,4,24600.0,43892.6,1,0,0
210469,715,1990,2,1,1808.0,40289.7,0,5,30505544
2841548,9403,1405,0,3,9300.0,23280.5,1,0,0
1935577,6555,466,2,1,5900.0,46336.6,8,11,80658405
2655843,8784,1884,2,4,14.6,56188.7,6,0,0
1003167,3424,1472,2,1,4979.0,55758.7,5,8,73358708
418260,1418,1890,0,3,3200.0,33651.0,1,0,0
539094,1833,2078,0,2,6646.0,41517.0,2,1,29164803
3634814,3156,2098,0,0,247.2,73174.6,7,0,0
792148,2700,2018,2,1,2323.0,54387.7,0,8,33791315
3603069,2210,2159,0,0,205.6,50962.8,7,0,0
3570622,1214,1733,0,0,150.8,34962.7,7,0,0
1002969,3424,230,0,3,35784.0,85264.4,1,0,0
587412,1999,849,2,4,14.6,35582.9,6,0,0
1263439,4321,458,0,3,15561.0,106878.1,1,0,0
328998,1122,1111,2,4,2600.0,31414.9,1,0,0
1065533,3640,1058,2,4,4300.0,21840.1,1,0,0
2567613,8475,1000,0,3,3800.0,34594.6,1,0,0
434764,1477,1191,2,1,2100.0,12797.2,1,8,39149236
85424,287,433,0,2,4562.0,23410.0,2,8,36140710
539215,1834,797,0,3,18220.0,45565.6,1,0,0
183070,623,1953,0,2,3108.0,21351.8,1,12,12306362
606790,2065,1733,2,4,14.6,32001.1,6,0,0
316642,1080,1653,0,3,24409.0,61667.0,1,0,0
320931,1097,1619,2,1,42.0,29880.0,0,11,86982053
78160,260,2074,0,3,7871.0,56225.1,1,0,0
3587647,1741,1307,0,0,63.1,15853.9,7,0,0
7315,27,2158,2,4,2000.0,24898.8,1,0,0
363844,1236,2044,2,4,900.0,16281.1,1,0,0
425873,1446,1137,2,4,8600.0,37302.9,1,0,0
43252,145,2044,0,3,7223.0,50367.9,1,0,0
298828,1018,1033,2,4,14.6,14136.8,6,0,0
304402,1038,1317,0,2,3221.0,17872.4,1,4,85690086
72487,241,1894,0,2,3880.0,31018.9,1,9,61068302
111931,378,1380,2,1,8537.0,67268.3,5,6,6934583
568116,1934,862,2,1,4007.0,27499.2,0,5,6592476
1015511,3472,1469,2,1,9623.0,52114.6,5,12,49463623
478293,1630,1226,0,2,5862.0,15050.5,2,12,42275017
102703,350,1502,0,2,6309.0,23985.8,2,12,86100172
663365,2265,2080,2,4,14600.0,33792.0,5,0,0
691715,2363,1945,2,4,14.6,23632.7,6,0,0
497998,1697,2049,0,2,3332.0,17492.6,1,11,45188421
820932,2795,2167,2,4,5800.0,38598.5,1,0,0
956494,3259,1485,2,4,600.0,40733.6,1,0,0
3559770,891,1429,0,0,126.6,31355.8,7,0,0
1017671,3477,1317,2,4,930.0,15905.1,1,0,0
3440275,1032,1491,0,0,187.0,30968.8,7,0,0
1146866,3923,1532,2,1,5037.0,81353.5,5,10,4434031
3669847,5270,1033,0,0,338.2,68544.6,7,0,0
687699,2348,1587,2,1,3057.0,20599.2,5,11,94846903
3593588,1909,2159,0,0,56.1,13857.9,7,0,0
310957,1059,1047,2,4,180.0,14831.7,1,0,0
54894,183,375,0,3,4000.0,18842.0,1,0,0
669853,2286,2173,0,2,15428.0,26740.5,1,9,65957486
3539928,281,1856,0,0,180.4,36152.1,7,0,0
986680,3365,1984,2,1,2298.0,28777.8,5,13,10983294
63811,212,793,2,1,13841.0,32134.7,5,3,58462047
825397,2812,1401,2,4,22400.0,46047.6,1,0,0
29413,96,523,2,1,46.0,58591.2,3,3,49409562
3550113,594,1884,0,0,88.2,21884.5,7,0,0
102049,347,1837,2,4,22500.0,9614.5,1,0,0
3627062,2921,1611,0,0,95.1,24376.5,7,0,0
79125,265,1804,0,2,6135.0,19303.7,2,7,17782742
732698,2504,1898,0,3,23376.0,69801.6,1,0,0
2257522,7449,1009,0,3,5186.0,30753.5,1,0,0
181162,615,1855,2,4,210.0,19061.1,1,0,0
858644,2926,1316,2,1,868.0,45384.4,3,4,88491463
707449,2423,1803,2,1,1317.0,16302.2,0,1,66884094
2586585,8547,1227,2,4,11200.0,47019.6,1,0,0
858514,2926,1745,2,1,1348.0,59549.3,5,12,66115546
412066,1402,738,2,4,2280.0,15352.4,1,0,0
3637842,3246,668,0,0,95.6,23087.6,7,0,0
3645754,3497,2098,0,0,250.9,65111.0,7,0,0
370456,1260,1650,2,1,6594.0,28288.6,5,9,76420205
323017,1104,1738,0,3,16085.0,49306.0,1,0,0
3680694,7184,1276,0,0,193.4,41625.0,7,0,0
377219,1284,1884,2,4,14.6,45952.2,6,0,0
268884,921,1884,2,4,14.6,31243.5,6,0,0
1282053,4385,836,2,4,600.0,26642.5,1,0,0
892012,3040,1833,2,1,2202.0,25812.7,5,10,27743059
527009,1798,2182,2,4,18100.0,61836.1,1,0,0
811350,2763,1568,2,4,50900.0,78579.6,1,0,0
130723,439,1321,0,3,1100.0,37976.3,1,0,0
267408,915,1776,2,1,6449.0,65100.2,8,7,88686042
2259050,7454,1927,2,1,1319.0,15315.0,8,9,90570520
177993,601,1215,2,4,14.6,20715.0,6,0,0
3331551,11065,1221,0,3,11855.0,43309.5,1,0,0
915465,3121,1350,0,2,4353.0,25842.9,2,8,79849677
575285,1959,1594,2,1,2975.0,22384.5,5,13,8956242
30982,100,1005,2,4,5040.0,29520.7,1,0,0
172965,580,1624,2,1,3571.0,24211.3,5,6,18037027
571395,1944,2013,2,1,6741.0,37056.0,5,8,38381874
2257687,7449,627,2,4,8200.0,29820.8,1,0,0
3235792,10738,376,0,3,8400.0,22106.4,1,0,0
381185,1295,2108,0,3,5582.0,17246.0,1,0,0
720335,2467,2079,0,3,22753.0,79287.0,1,0,0
619865,2116,1491,2,4,14.6,59346.0,6,0,0
726588,2486,1418,0,3,42794.0,63209.3,1,0,0
1026538,3505,1618,2,4,3960.0,81883.6,1,0,0
215033,730,1467,2,4,6300.0,13336.5,1,0,0
2747225,9093,1620,2,1,1311.0,77818.0,5,1,28652066
365606,1242,1580,2,4,100.0,41674.9,6,0,0
497264,1695,1386,0,3,6625.0,46685.4,1,0,0
680572,2322,1901,0,3,7900.0,30853.3,1,0,0
1045059,3573,1393,2,4,300.0,19900.0,1,0,0
323859,1106,759,2,4,1500.0,-2779.9,1,0,0
3598521,2054,1491,0,0,128.3,31447.5,7,0,0
586165,1995,1953,0,2,5508.0,20690.5,2,5,12697011
418888,1420,1758,2,4,4200.0,22117.6,1,0,0
1131636,3867,1915,2,4,14.6,33251.5,6,0,0
410227,1397,1343,2,1,8319.0,23899.3,5,7,51145178
1132980,3871,910,2,4,14.6,32083.6,6,0,0
706096,2418,2057,2,4,35700.0,59210.6,1,0,0
1012740,3462,1878,0,3,6500.0,23804.4,1,0,0
1958976,6636,853,2,4,2500.0,15510.4,0,0,0
556395,1893,2037,2,4,5100.0,27683.2,1,0,0
4289,18,2161,2,4,2100.0,74129.0,1,0,0
2868860,9493,1733,2,4,14.6,39228.8,6,0,0
998970,3410,1603,2,4,10000.0,38646.3,1,0,0
470484,1602,1730,2,4,2960.0,27473.1,1,0,0
86244,289,1072,2,1,5745.0,56776.1,5,1,78823619
1362924,4650,1585,2,1,554.0,12496.8,5,13,59294611
299636,1020,1924,2,1,1874.0,13032.6,5,7,40117269
557272,1896,773,2,4,3600.0,53332.5,1,0,0
754986,2576,1890,2,1,8106.0,54549.1,5,5,24689656
1891063,6400,1504,2,1,7396.0,15879.8,3,3,79846286
290434,995,1289,2,1,2153.0,12962.6,5,8,21824896
877452,2989,1679,0,2,5093.0,28286.3,2,7,26638216
869803,2962,831,2,1,2604.5,52750.7,8,13,75064962
3629942,3008,303,0,0,125.7,27733.9,7,0,0
185215,628,706,0,3,6814.5,35714.4,1,0,0
1103284,3769,1488,2,4,1520.0,18028.9,1,0,0
2539528,8381,1507,2,4,7900.0,67366.0,1,0,0
540331,1837,2110,0,3,22436.0,94590.6,1,0,0
406542,1383,2098,2,4,14.6,33525.6,6,0,0
684571,2336,1871,2,4,1600.0,17979.4,1,0,0
3615297,2562,1368,0,0,80.7,19798.6,7,0,0
3654299,3751,819,0,0,179.5,42153.9,7,0,0
655770,2241,1838,0,3,2300.0,56080.6,1,0,0
3711,15,665,2,4,4800.0,35496.6,1,0,0
3540188,289,729,0,0,157.6,36312.3,7,0,0
1340802,4580,1535,2,4,1500.0,47302.6,1,0,0
532773,1815,1469,0,3,17904.0,44606.3,1,0,0
1603706,5445,1703,2,4,14.6,29753.6,6,0,0
1118825,3822,632,1,4,2592.0,27038.6,1,0,0
1867921,6321,1337,2,4,4700.0,22227.1,1,0,0
657654,2247,2110,2,1,3021.0,46674.2,8,11,52448576
599289,2039,1505,2,5,300.0,22136.7,1,0,0
4821,19,1186,0,3,2600.0,18915.0,1,0,0
3631242,3047,2006,0,0,81.9,19600.6,7,0,0
1602793,5442,1864,2,1,2070.0,63854.1,0,7,10828179
1142545,3907,2068,2,4,14.6,59760.6,6,0,0
2502745,8261,1529,2,1,2163.0,12127.8,0,6,89226317
415395,1411,1045,2,1,5174.0,61005.6,5,2,50814467
3533817,100,1368,0,0,191.7,46304.1,7,0,0
847323,2885,1848,2,4,2500.0,47920.5,1,0,0
1183266,4055,2189,2,4,960.0,26912.7,1,0,0
475680,1621,2067,2,4,2900.0,44809.5,1,0,0
358296,1217,1586,0,2,3161.0,20824.3,1,2,8226746
840894,2862,576,2,4,14.6,56248.5,6,0,0
572815,1949,1591,2,1,6888.0,37692.2,5,4,62772446
770652,2630,1623,0,3,29580.0,54866.2,1,0,0
294488,1006,219,0,2,3737.0,29552.8,1,12,6088287
601188,2047,1741,0,2,4727.0,44009.7,2,7,94977980
59978,200,2040,2,5,1600.0,103913.0,1,0,0
3664887,4456,1460,0,0,266.5,84387.7,7,0,0
718318,2460,576,2,4,14.6,22327.1,6,0,0
1167425,4000,1598,0,3,1600.0,57406.5,1,0,0
1577171,5362,1734,2,4,5200.0,33882.8,1,0,0
1441049,4907,1505,2,1,325.0,23995.5,3,9,82890259
1052467,3600,1708,0,2,6623.0,51758.2,2,9,65717464
1082485,3697,981,2,1,300.0,33885.2,5,4,99985640
370908,1262,1744,0,2,6747.0,35550.5,2,10,28803724
1262662,4318,980,2,1,13396.0,64094.4,5,6,13522321
3509124,9203,2159,0,0,378.6,105846.3,7,0,0
366330,1246,2104,0,2,6148.0,36045.7,2,6,70411568
3596941,2005,2098,0,0,121.3,29043.8,7,0,0
2786919,9227,1888,2,4,6500.0,21598.6,1,0,0
232408,790,400,2,4,2900.0,26175.1,1,0,0
972808,3314,1772,0,3,3000.0,27615.8,1,0,0
934065,3186,1185,2,4,14.6,38821.8,6,0,0
1017519,3477,1953,0,2,3199.0,18654.3,1,11,27869725
858388,2926,98,0,3,10584.0,36597.2,1,0,0
111812,378,1457,0,3,14899.0,113274.1,1,0,0
714049,2441,1925,2,1,4719.0,41536.5,5,8,53539413
429875,1459,2159,2,4,14.6,15136.8,6,0,0
1056795,3613,2170,2,1,2144.0,31428.6,0,7,62003463
3595509,1966,119,0,0,179.5,49749.6,7,0,0
3324350,11042,1889,0,2,36191.0,77743.4,1,1,80826598
697342,2384,1108,2,4,4800.0,66656.9,1,0,0
479990,1635,1322,2,4,2300.0,38597.3,1,0,0
3582192,1577,2006,0,0,151.6,35668.9,7,0,0
845727,2880,1452,2,4,3200.0,43798.7,1,0,0
726612,2486,1575,0,3,30346.0,123999.6,1,0,0
652141,2228,942,1,4,11414.0,55488.0,1,0,0
424645,1442,2074,0,3,18299.0,58118.9,1,0,0
177141,597,2168,2,4,25300.0,25990.9,1,0,0
3315075,11013,1246,2,4,30.0,65943.0,6,0,0
3564994,1047,1733,0,0,63.5,16581.4,7,0,0
191421,650,1282,2,1,1697.0,24700.5,5,13,70699482
933348,3183,1415,2,4,7500.0,33429.5,1,0,0
389175,1323,1989,0,3,31538.0,85935.8,1,0,0
536902,1828,1828,0,3,35496.0,69422.2,1,0,0
1974231,6688,2141,2,1,638.0,45192.6,8,3,9123272
952109,3246,2046,2,1,4621.0,23869.6,5,8,1907498
3276159,10884,1839,0,2,18924.0,52794.1,1,8,24960416
3631323,3050,454,0,0,182.6,42592.8,7,0,0
530977,1809,2025,0,3,4300.0,55115.3,1,0,0
253787,870,1889,0,3,6844.0,26759.7,1,0,0
3393911,11265,858,2,1,2607.0,24352.7,0,12,80508869
3616807,2612,2006,0,0,142.3,25525.6,7,0,0
845015,2877,1104,0,2,44410.0,72076.3,1,11,87755894
2384044,7861,1012,2,1,400.0,34099.4,0,8,58806037
237577,812,1703,2,4,14.6,41109.1,6,0,0
797439,2716,1473,2,5,1800.0,35939.3,1,0,0
1145708,3918,792,0,3,1100.0,19100.0,1,0,0
545104,1853,1856,2,4,14.6,17957.1,6,0,0
2423523,7990,1425,0,3,31902.0,103260.8,1,0,0
732517,2503,723,2,4,3100.0,33883.1,1,0,0
3535929,165,972,0,0,113.9,27990.0,7,0,0
987781,3368,1491,2,4,14.6,36720.4,6,0,0
3669848,5270,1063,0,0,327.3,55610.3,7,0,0
465111,1583,1400,0,3,28964.0,86498.9,1,0,0
1314528,4488,2169,0,3,13290.0,36556.4,1,0,0
65421,218,1977,0,3,14120.0,36174.0,1,0,0
1037973,3550,2090,2,4,1600.0,34639.6,1,0,0
638572,2179,1923,2,1,3650.0,96740.2,0,8,48367720
3584823,1656,2068,0,0,138.6,31141.2,7,0,0
589815,2008,747,2,4,3240.0,40808.9,1,0,0
2546543,8405,1440,2,1,4095.0,49469.0,0,10,21518677
2730018,9031,1772,2,1,145.0,30931.5,0,1,50771135
366612,1247,810,0,3,15958.0,57878.8,1,0,0
3614931,2552,2068,0,0,217.3,50694.8,7,0,0
1194947,4091,1834,0,3,14387.0,50273.7,1,0,0
3614249,2535,1733,0,0,156.3,29295.3,7,0,0
214927,730,2047,0,3,36994.0,102514.6,1,0,0
345561,1170,1586,0,2,22793.0,48211.8,1,1,67972969
1310814,4476,2182,2,4,2560.0,28154.2,1,0,0
307028,1047,1433,2,4,3840.0,16534.6,1,0,0
143601,481,1399,2,4,14.6,27012.8,6,0,0
19403,66,1347,0,2,44713.0,91115.2,1,6,76316427
505282,1726,1259,0,3,20950.0,35493.7,1,0,0
3654752,3763,1429,0,0,110.1,24714.6,7,0,0
1103611,3770,1802,2,4,13200.0,71585.7,1,0,0
3327388,11053,1721,2,4,55700.0,52092.8,1,0,0
379777,1291,2103,2,1,1333.0,18280.0,5,8,71369182
560898,1909,11,0,3,800.0,800.0,1,0,0
3110666,10320,1884,2,4,14.6,24993.5,6,0,0
2304782,7606,1652,0,3,43764.0,90540.1,1,0,0
165953,555,1833,2,1,7218.0,10807.0,5,10,6209928
219918,747,340,2,4,400.0,29531.6,1,0,0
612899,2088,856,0,3,4861.0,29332.0,1,0,0
42523,142,65,0,2,4555.0,5455.0,2,9,39513594
1050141,3592,1976,2,4,14.6,14321.3,6,0,0
982995,3354,1256,2,1,1540.0,30231.8,3,6,6017333
159786,535,880,2,4,14.6,34191.4,6,0,0
771428,2632,484,2,4,14.6,34193.3,6,0,0
1183198,4055,649,0,3,20281.0,64107.1,1,0,0
3606750,2323,2190,0,0,279.6,77125.0,7,0,0
3634684,3152,819,0,0,76.4,17301.8,7,0,0
3581906,1567,1884,0,0,180.0,41164.2,7,0,0
204792,695,1866,2,4,12200.0,24959.5,1,0,0
2123359,7190,855,0,3,8092.0,35055.8,1,0,0
1781655,6040,348,2,4,2600.0,60576.8,1,0,0
1036443,3545,1523,2,4,2880.0,27468.4,1,0,0
1040291,3557,1918,2,4,390.0,18937.1,1,0,0
3554830,742,1825,0,0,92.4,22057.1,7,0,0
646199,2207,2159,2,4,14.6,32523.4,6,0,0
3353793,11138,1380,2,1,3744.7,44477.7,8,13,73215025
1004217,3426,1469,0,3,4700.0,27214.1,1,0,0
227350,773,886,2,4,5900.0,35134.3,5,0,0
120877,405,2134,2,1,1497.0,15819.3,0,12,11276412
251479,862,1609,2,5,3900.0,64719.3,1,0,0
1099610,3756,1504,2,1,9023.0,16784.4,5,13,82284283
740240,2527,1033,2,4,14.6,113051.8,6,0,0
1085017,3706,1854,2,4,1080.0,19109.3,1,0,0
507987,1736,1836,2,4,400.0,37166.4,1,0,0
300444,1023,2011,0,3,18278.0,44724.6,1,0,0
353830,1201,484,2,4,14.6,32460.4,6,0,0
687591,2347,1641,2,4,14.6,15270.7,6,0,0
155302,520,1867,0,2,3498.0,31000.7,1,13,5587023
204850,696,1890,0,2,6904.0,27884.5,2,1,3723478
2873736,9510,1653,2,1,6341.0,40874.0,8,3,56462389
93313,318,1589,0,3,4288.0,45914.0,1,0,0
839903,2859,685,2,4,10900.0,39325.3,1,0,0
763092,2606,765,2,1,31.0,17163.6,5,1,91720389
3410869,11320,805,2,4,17100.0,36770.7,1,0,0
617698,2107,2105,2,1,663.0,33128.2,0,10,32207316
272632,932,1460,2,4,14.6,26082.4,6,0,0
575480,1959,637,2,4,14.6,23491.4,6,0,0
685268,2340,1741,0,3,8524.0,35624.5,1,0,0
1035959,3543,1406,0,2,3141.0,13464.0,1,5,69468414
3577267,1423,2190,0,0,60.6,14339.1,7,0,0
362000,1231,830,0,3,17465.0,48717.3,1,0,0
458019,1557,1855,2,4,720.0,23023.5,1,0,0
300602,1023,1424,2,4,13100.0,24880.9,1,0,0
576284,1962,2139,2,4,32400.0,50973.1,1,0,0
1192470,4081,1276,2,4,14.6,16631.4,6,0,0
561494,1910,1739,2,1,851.0,90281.7,5,13,15554768
203319,689,1338,2,4,14.6,106810.8,6,0,0
550925,1876,1986,2,4,45440.0,28836.7,1,0,0
2028262,6872,1460,2,4,14.6,46891.8,6,0,0
96650,330,1951,0,3,22393.0,58944.9,1,0,0
448319,1524,2050,0,2,4222.0,18602.8,2,12,44228023
985131,3360,2037,2,4,14.6,33803.2,6,0,0
242986,832,1559,2,4,1140.0,13580.9,1,0,0
404985,1378,1488,2,4,2900.0,64923.8,1,0,0
312894,1068,1649,2,1,4737.0,61936.1,5,1,6389087
3454475,7231,1945,0,0,305.3,58177.4,7,0,0
58874,196,1937,0,3,500.0,67553.6,1,0,0
1764110,5984,316,0,3,15719.0,15919.0,1,0,0
3463959,2851,2190,0,0,89.1,14760.3,7,0,0
3593819,1917,1550,0,0,60.3,15069.7,7,0,0
1296214,4427,1555,0,3,9924.0,28656.4,1,0,0
461984,1570,1221,0,2,4298.0,19849.6,2,6,59994321
3560990,925,423,0,0,196.3,40197.2,7,0,0
963736,3284,708,2,4,1440.0,20831.8,1,0,0
696790,2382,1429,2,4,14.6,24042.2,6,0,0
3395502,11271,1368,2,4,14.6,22033.7,6,0,0
1204486,4121,1995,2,4,10100.0,39368.6,1,0,0
1245051,4259,741,2,4,5400.0,35988.1,1,0,0
888641,3030,1733,2,4,14.6,18954.7,6,0,0
1187506,4066,1198,2,4,3200.0,27882.7,1,0,0
525975,1794,1884,2,4,14.6,15827.6,6,0,0
292520,1000,1368,2,4,14.6,65229.5,6,0,0
501418,1708,1837,2,4,600.0,23569.1,1,0,0
382593,1299,2045,2,1,2291.0,22192.3,0,4,4791987
652662,2230,1478,2,4,560.0,23676.5,1,0,0
355347,1204,2165,2,5,3700.0,103514.4,1,0,0
1138325,3891,1466,0,3,16318.0,42674.5,1,0,0
432038,1468,461,2,1,1710.0,15089.2,1,5,53378862
642942,2195,1815,2,4,16600.0,79488.3,1,0,0
3625891,2884,910,0,0,154.3,39142.1,7,0,0
2349884,7753,263,1,4,9459.0,86761.2,1,0,0
2356937,7774,790,1,4,11297.0,20025.2,1,0,0
564085,1919,2000,2,5,4000.0,80570.0,1,0,0
1083786,3701,729,2,4,14.6,25904.6,6,0,0
2736075,9052,1758,0,3,9457.0,49946.2,1,0,0
2449042,8073,1460,2,4,100.0,21241.3,6,0,0
221977,754,1046,2,1,1629.0,27141.2,0,4,54826593
1644222,5574,861,2,1,11878.0,33901.9,5,9,36525643
694190,2374,1585,2,4,1320.0,13580.4,1,0,0
3581389,1550,1672,0,0,81.9,19740.9,7,0,0
1272163,4350,1833,0,3,8700.0,114282.9,1,0,0
902886,3076,1847,2,4,3150.0,16864.3,1,0,0
3658048,3863,1368,0,0,121.4,28927.5,7,0,0
691610,2363,1586,2,1,599.0,30310.0,0,13,11521917
203683,691,1929,0,3,5013.0,18893.7,1,0,0
326865,1116,1442,2,4,960.0,53504.1,1,0,0
3513063,9627,2037,0,0,355.4,59712.6,7,0,0
741710,2532,1835,2,4,12000.0,59566.5,1,0,0
587878,2001,1039,2,1,12524.0,68477.5,5,7,24125486
857858,2924,1703,2,4,14.6,28016.4,6,0,0
1363130,4650,1856,2,4,14.6,17612.6,6,0,0
1130288,3862,1632,2,4,28100.0,59362.6,1,0,0
503781,1719,736,0,2,4152.0,18430.4,2,5,25589144
313228,1069,1842,2,4,1350.0,19566.7,1,0,0
3651780,3679,2190,0,0,189.2,43773.1,7,0,0
3459453,93,1307,0,0,75.1,22971.7,7,0,0
566990,1930,957,2,4,3500.0,25668.1,1,0,0
2248695,7424,1470,2,1,6817.0,47574.2,5,5,4896235
988788,3371,1330,0,3,36658.0,56282.9,1,0,0
3567322,1118,1611,0,0,87.1,21272.3,7,0,0
608106,2069,1771,0,3,6300.0,22552.4,1,0,0
82758,277,1107,2,4,3000.0,47138.3,1,0,0
508867,1741,2077,2,1,2366.0,29871.3,5,5,79026174
1047965,3584,1411,2,1,12078.0,40890.7,5,3,46564525
3489775,7542,1460,0,0,142.6,41452.1,7,0,0
3466609,3586,1368,0,0,184.7,47464.2,7,0,0
2138085,7240,1868,2,4,1500.0,24629.0,1,0,0
2699766,8934,1404,0,2,14918.0,26655.0,1,7,79855638
660118,2253,515,2,4,14.6,25432.4,6,0,0
2868447,9491,1675,2,4,35900.0,52628.1,1,0,0
519072,1772,1976,2,4,30.0,72269.2,6,0,0
87772,294,1616,0,3,22935.0,65840.1,1,0,0
699997,2395,2134,2,1,3696.0,33348.5,5,5,13785899
149327,498,1108,0,3,20902.0,78985.2,1,0,0
1043718,3569,2031,2,4,2050.0,25839.7,1,0,0
430232,1461,1981,2,4,7800.0,46369.6,1,0,0
496159,1691,1850,2,4,510.0,17389.4,1,0,0
3511746,9491,2037,0,0,293.1,50211.6,7,0,0
932191,3179,1794,2,4,14.6,31960.0,6,0,0
3549868,582,2006,0,0,75.1,17172.2,7,0,0
2779768,9199,1380,2,4,14200.0,27154.9,1,0,0
646029,2206,1551,0,3,700.0,41041.2,1,0,0
683263,2332,1836,0,3,8298.0,57071.0,1,0,0
751470,2563,2103,2,4,720.0,50593.4,1,0,0
647239,2213,1343,0,3,9410.0,32277.3,1,0,0
887736,3027,1424,2,4,1100.0,25979.5,1,0,0
3638193,3254,1825,0,0,101.1,22201.1,7,0,0
625919,2137,1218,2,4,8100.0,29573.4,1,0,0
3523325,10670,1063,0,0,248.4,77531.0,7,0,0
968347,3300,2059,2,4,13200.0,34071.0,1,0,0
3531077,23,1764,0,0,311.4,63008.9,7,0,0
3292230,10940,1803,0,3,36216.0,74597.1,1,0,0
1107851,3784,1625,2,1,3360.0,38570.0,0,4,35721373
1035699,3542,1102,2,1,2267.0,17966.1,1,10,15109885
1050412,3593,407,2,1,986.0,35548.5,0,10,40100878
3581899,1566,2159,0,0,175.8,46011.2,7,0,0
3489110,7487,1794,0,0,96.4,23070.4,7,0,0
246101,844,1472,2,4,34300.0,51371.6,1,0,0
1023077,3492,1159,2,1,4962.0,33978.0,0,1,556761
874079,2977,2112,2,1,3055.0,86060.4,5,5,47011393
2470439,8149,1654,2,4,18800.0,47359.0,1,0,0
3083988,10227,1387,2,4,35000.0,102420.6,1,0,0
1578512,5366,1261,2,4,41100.0,89169.5,1,0,0
2688567,8899,1227,2,1,2088.8,98883.3,8,2,16985112
3648845,3594,1976,0,0,59.1,11866.8,7,0,0
2850521,9433,1837,2,4,2760.0,42363.8,1,0,0
185300,628,1474,2,1,3028.0,32933.0,5,13,24106633
378979,1288,1410,2,4,4800.0,21570.4,1,0,0
137301,460,1464,2,4,3000.0,14529.6,1,0,0
3570142,1200,1185,0,0,197.4,41218.1,7,0,0
185293,628,1260,2,1,3028.0,35076.9,5,13,24106633
3627635,2936,1764,0,0,92.4,23173.0,7,0,0
349491,1186,1884,2,4,14.6,24910.4,6,0,0
3583524,1617,1125,0,0,85.3,15752.4,7,0,0
106104,361,207,2,4,24500.0,49040.1,1,0,0
3678769,6902,1550,0,0,164.1,39365.8,7,0,0
847809,2887,1684,0,3,22064.0,53255.5,1,0,0
115763,391,1507,0,3,400.0,26958.2,1,0,0
948461,3233,1533,0,3,34472.0,118632.3,1,0,0
830066,2826,1629,2,4,12500.0,46205.4,1,0,0
3461410,2113,1794,0,0,104.7,27124.4,7,0,0
523816,1787,1317,2,4,3600.0,39976.3,5,0,0
1140433,3898,576,2,4,14.6,26939.4,6,0,0
3530886,15,1368,0,0,160.0,32804.5,7,0,0
670389,2288,1672,2,4,14.6,58181.7,6,0,0
3569291,1170,1399,0,0,148.4,29646.0,7,0,0
3493176,7857,2006,0,0,238.4,64365.0,7,0,0
498704,1699,333,2,4,14.6,21863.4,6,0,0
597632,2034,1840,2,4,11200.0,46827.6,1,0,0
581235,1978,2080,2,1,7001.0,69646.9,5,8,85430520
288868,990,1442,2,4,4480.0,67367.9,1,0,0
3527366,11069,1002,0,0,179.9,35641.3,7,0,0
258497,885,1399,2,4,14.6,45437.4,6,0,0
741753,2532,1573,2,4,20700.0,44311.6,1,0,0
3134779,10404,1800,0,3,36932.0,73296.3,1,0,0
179016,605,2098,2,4,14.6,18409.4,6,0,0
854417,2912,1745,2,1,6336.0,43442.9,8,4,80799913
3149224,10451,2043,2,1,2439.0,15841.4,5,2,58286762
878082,2991,521,2,1,9220.0,58081.1,5,3,62427842
3344719,11111,594,0,3,23767.0,43419.2,1,0,0
1074256,3670,941,2,4,14.6,20447.2,6,0,0
3465018,3187,2159,0,0,59.1,13183.8,7,0,0
483064,1644,1258,2,1,17.0,50762.0,3,4,66140669
282118,967,2164,2,5,1900.0,48111.6,1,0,0
484050,1647,2068,2,4,14.6,31236.9,6,0,0
162058,542,1708,0,2,4125.0,22355.8,2,6,11986261
838623,2855,1617,2,1,1589.0,31104.0,5,10,19678038
1018708,3480,1107,2,4,2800.0,58948.2,1,0,0
2039227,6910,853,0,3,12200.0,12400.0,1,0,0
430767,1463,2079,2,1,1505.0,22836.3,0,13,71522283
3638177,3254,1338,0,0,124.2,29238.9,7,0,0
3627421,2931,1550,0,0,62.7,14008.5,7,0,0
3392,14,1862,2,1,3629.0,31956.9,5,12,11793136
938136,3201,769,2,1,3352.0,15851.3,5,13,11025113
1274516,4358,1579,0,3,44043.0,98706.1,1,0,0
2326354,7674,1737,2,4,6600.0,30046.3,1,0,0
1971202,6678,1555,0,3,44847.0,84943.6,1,0,0
1061873,3628,1764,2,4,14200.0,54700.4,1,0,0
668549,2282,2170,2,4,8100.0,86887.9,1,0,0
198876,675,1469,2,1,6358.0,23542.9,5,7,74623369
3113,12,1769,2,1,3295.0,23164.9,0,6,63607060
1961,8,1159,2,1,6712.0,46240.3,0,5,93210345
460445,1566,582,2,1,4375.0,27809.7,5,12,11077720
563569,1918,1047,2,1,4231.0,23423.6,5,2,53045350
945715,3224,1533,2,1,1375.0,31346.1,0,12,54968285
3559808,892,576,0,0,66.2,16830.5,7,0,0
1060103,3623,1703,2,4,14.6,23612.3,6,0,0
766392,2617,1075,2,4,630.0,20522.9,1,0,0
3464625,3036,1825,0,0,143.3,54844.8,7,0,0
2906657,9627,1623,2,1,5091.3,27449.5,8,6,63660836
1203702,4119,467,0,3,400.0,22335.1,1,0,0
3452330,5546,729,0,0,98.8,28091.0,7,0,0
3627194,2925,2129,0,0,134.5,30150.3,7,0,0
356417,1207,533,2,4,4800.0,51365.8,1,0,0
68112,227,1745,0,2,44692.0,64256.5,1,11,21064383
76791,255,1863,2,1,5323.0,14062.8,5,12,88934081
1169281,4009,1550,2,4,14.6,53124.0,6,0,0
564694,1922,1580,2,4,14.6,81325.4,6,0,0
742349,2534,1338,2,4,14.6,30543.5,6,0,0
1203938,4119,620,0,3,4100.0,23830.9,1,0,0
3602415,2186,1246,0,0,106.2,25519.8,7,0,0
1151825,3939,1653,2,1,5177.0,30319.7,5,7,57331061
3459296,41,1794,0,0,153.3,54173.0,7,0,0
851060,2899,1945,2,4,14.6,38560.2,6,0,0
3663419,4259,576,0,0,298.6,82452.5,7,0,0
657722,2247,1982,2,1,1344.0,48604.2,0,2,39011389
1071797,3662,2104,0,3,19401.0,79266.2,1,0,0
1148218,3927,982,2,1,1400.0,14817.9,0,13,35319298
1044109,3570,482,2,4,2500.0,28860.9,1,0,0
790105,2694,1185,2,4,14.6,41553.7,6,0,0
547178,1862,1051,2,4,2400.0,49388.1,1,0,0
429496,1458,2049,2,1,3259.0,17227.0,5,10,80573415
3530530,2,1519,0,0,150.9,39024.0,7,0,0
941657,3213,1118,2,4,510.0,16148.5,1,0,0
1104531,3774,1499,0,3,12940.0,34272.9,1,0,0
983285,3354,1238,2,4,6900.0,19755.0,1,0,0
767172,2620,648,0,3,5783.0,26636.8,1,0,0
286251,982,1039,2,1,188.0,24109.4,0,1,29559022
1166844,3999,676,2,1,4806.0,27136.6,5,5,35235697
1058548,3618,545,2,4,14.6,38481.8,6,0,0
3608534,2376,1825,0,0,135.3,30863.2,7,0,0
3438850,701,333,0,0,102.0,24290.5,7,0,0
587915,2001,2165,2,1,12524.0,94864.0,5,7,24125486
261564,896,1864,0,3,9802.0,23840.0,1,0,0
280006,959,1436,2,1,579.0,20315.9,5,8,48082047
3534118,107,1915,0,0,159.1,38100.6,7,0,0
825800,2813,1921,2,1,957.0,16022.2,0,8,607473
20302,68,922,0,2,35557.0,59220.1,1,10,60952126
489999,1672,1853,2,4,2800.0,29361.2,1,0,0
1136265,3882,279,0,3,900.0,22078.7,1,0,0
418038,1417,1733,2,4,14.6,80961.6,6,0,0
726934,2486,207,2,4,13700.0,33975.2,1,0,0
440331,1496,2006,2,4,14.6,19498.4,6,0,0
3586191,1695,30,0,0,38.8,12070.8,7,0,0
3666332,4681,2037,0,0,162.2,35169.8,7,0,0
106437,362,1773,2,1,292.0,47354.7,0,10,91743081
252454,865,1281,0,2,3441.0,14664.0,1,8,86044185
3633224,3112,1246,0,0,265.1,86457.4,7,0,0
1948926,6602,1676,0,3,1000.0,1000.0,1,0,0
3647683,3562,1399,0,0,371.5,120135.4,7,0,0
3536880,194,2006,0,0,77.5,17468.4,7,0,0
1142614,3908,1624,0,2,4810.0,24750.0,2,2,67100393
754026,2572,1191,2,4,4600.0,31347.9,1,0,0
3021182,10018,1592,0,3,20176.0,41736.5,1,0,0
936012,3195,680,2,1,218.0,32635.3,3,12,79532688
915416,3120,1915,2,4,14.6,19638.8,6,0,0
401976,1368,1951,2,4,500.0,11899.9,1,0,0
3454561,7445,637,0,0,68.1,19660.8,7,0,0
406281,1382,1246,2,4,14.6,23572.3,6,0,0
744254,2541,1478,2,4,1560.0,19194.8,1,0,0
1036073,3543,1703,2,4,14.6,20429.1,6,0,0
2984551,9883,1865,1,4,16009.0,38361.7,1,0,0
489543,1671,620,2,1,2507.0,28056.5,5,1,10778803
338083,1147,445,2,4,2040.0,62378.6,1,0,0
643201,2197,1849,2,4,4800.0,34682.6,1,0,0
397583,1352,1733,2,4,14.6,47390.0,6,0,0
294274,1005,576,2,4,30.0,54046.8,6,0,0
86814,290,798,2,1,3274.0,16683.3,0,5,5267882
437811,1487,2082,0,2,3306.0,26620.9,1,5,90088778
927972,3163,1976,2,4,14.6,22504.4,6,0,0
378749,1288,772,2,1,2948.0,17260.7,5,5,87367409
397752,1353,1929,0,3,16136.0,29899.2,1,0,0
163581,546,1835,2,1,2940.0,22596.0,5,13,87099098
403192,1373,1470,0,2,2962.0,18267.1,1,6,6256688
565355,1925,1191,0,2,5839.0,32739.8,2,3,3287131
3548344,535,576,0,0,133.7,38249.6,7,0,0
888225,3029,1892,2,1,1514.0,12749.9,5,10,89893799
913212,3113,870,0,3,48101.0,59969.5,1,0,0
1058087,3617,1338,2,4,14.6,64922.2,6,0,0
1199684,4105,1817,0,3,2000.0,36455.7,1,0,0
3534514,119,760,0,0,159.3,32080.9,7,0,0
3592930,1892,1672,0,0,66.6,15771.7,7,0,0
409215,1393,1843,2,4,1800.0,42805.1,1,0,0
1195137,4092,1708,0,3,11592.0,54774.3,1,0,0
461304,1568,1559,2,1,49.0,35908.3,0,12,99360131
115547,390,2055,1,4,18493.0,69308.5,1,0,0
1116180,3812,1102,2,4,800.0,18765.2,1,0,0
389370,1324,1436,0,3,27379.5,49694.3,1,0,0
2944429,9750,1002,2,4,14.6,22005.2,6,0,0
3605258,2271,1429,0,0,100.4,24639.5,7,0,0
951853,3245,1713,0,2,6731.0,21193.0,2,9,73171323
950330,3240,1728,0,3,8722.0,20472.4,1,0,0
762859,2605,1928,2,1,4245.0,18647.9,5,12,47577834
105903,361,770,2,1,1388.0,64540.6,0,10,59163767
739570,2525,1307,0,3,900.0,32099.3,1,0,0
1450550,4937,980,2,4,1500.0,30459.9,1,0,0
888400,3030,2042,0,2,3132.0,24038.4,1,7,51375079
997457,3405,972,2,4,14.6,41249.6,6,0,0
21512,71,1163,2,1,1011.0,60968.1,3,8,9098768
188326,637,1825,2,4,14.6,17609.7,6,0,0
853183,2907,607,2,4,14.6,15614.7,6,0,0
2579332,8519,1131,2,1,13711.0,18834.6,5,5,12003517
1549001,5270,424,2,4,4500.0,68188.9,1,0,0
522853,1784,668,2,4,14.6,28881.1,6,0,0
3563103,986,1641,0,0,106.1,19373.3,7,0,0
1584549,5387,1762,2,4,1500.0,9707.5,1,0,0
125179,421,1941,2,4,9200.0,18689.5,1,0,0
133341,446,760,2,4,14.6,45901.8,6,0,0
287734,986,1629,2,4,13500.0,19267.2,1,0,0
284144,976,1463,2,4,1560.0,42511.8,1,0,0
1004603,3429,1047,0,2,6664.0,35263.0,2,11,61550193
878966,2994,1503,0,3,19069.0,45895.2,1,0,0
3438384,574,1002,0,0,226.6,60083.3,7,0,0
2747358,9093,1288,2,1,3155.0,48687.8,8,8,60554724
952146,3246,730,2,4,720.0,18475.0,1,0,0
586906,1998,698,2,4,14.6,47085.1,6,0,0
5413,22,806,2,4,6700.0,32111.5,1,0,0
362567,1233,1833,0,2,3390.0,17373.2,1,11,99501376
820451,2793,2159,2,4,14.6,23172.8,6,0,0
3616827,2613,698,0,0,77.7,19573.3,7,0,0
3572821,1287,1641,0,0,246.9,55896.0,7,0,0
1083102,3699,678,2,1,7085.0,53333.1,5,12,57787090
2347138,7745,1868,2,1,2153.8,9867.5,8,12,97571604
1945993,6592,1799,2,1,10755.0,61299.0,5,9,16516280
776880,2649,1253,2,1,320.0,45678.0,0,9,38579416
287930,987,1477,2,4,11040.0,34140.2,1,0,0
410477,1397,2060,2,4,9500.0,31783.9,1,0,0
3663674,4293,1703,0,0,252.8,71869.6,7,0,0
766682,2618,1466,2,1,3223.0,10459.7,5,12,72358518
921819,3142,1319,0,2,6029.0,22530.3,2,8,10931772
1488434,5072,1712,2,1,805.0,33974.9,0,8,5224442
3623137,2802,1185,0,0,110.0,26627.0,7,0,0
135463,454,946,0,3,1800.0,29612.6,1,0,0
912855,3112,1983,2,1,1468.0,41751.5,5,8,66618603
833705,2838,612,2,4,34900.0,84927.5,1,0,0
659333,2250,1399,2,4,14.6,44028.9,6,0,0
261568,896,1984,0,3,14703.0,50343.7,1,0,0
2121906,7184,1049,2,4,16100.0,38174.3,1,0,0
1052534,3600,1563,2,1,1537.0,48382.9,5,8,30949759
1022665,3490,1659,2,4,1500.0,16100.0,1,0,0
566313,1927,1460,2,4,14.6,22318.6,6,0,0
611094,2082,833,0,3,14843.0,57602.7,1,0,0
353103,1200,527,2,1,525.0,56059.2,0,3,63795244
1137075,3885,2135,0,3,5184.0,28528.1,1,0,0
799988,2728,1866,2,1,11222.0,22542.9,5,3,96346175
973923,3318,1611,2,4,14.6,15100.9,6,0,0
202668,688,2013,0,2,3764.0,17103.7,1,11,1255870
471763,1605,581,2,1,3353.0,87350.0,5,3,28789526
495998,1691,1257,0,2,2901.0,16460.1,1,5,72301327
1085066,3706,1976,2,4,14.6,24441.1,6,0,0
403251,1373,1071,2,1,1628.0,18007.0,5,7,6348324
1764294,5984,1125,2,4,14.6,26299.1,6,0,0
3650763,3649,910,0,0,157.0,23333.8,7,0,0
3215941,10670,607,2,4,14.6,28576.5,6,0,0
3440696,1091,2037,0,0,105.4,75998.9,7,0,0
1062109,3629,1161,2,1,1894.0,20373.9,5,2,72661483
339591,1152,404,2,4,750.0,19579.5,1,0,0
1352488,4616,1982,2,4,57100.0,69585.9,1,0,0
1688910,5724,1256,2,1,1220.0,39016.9,0,12,21557212
705272,2416,1892,0,3,16887.0,36689.2,1,0,0
1278848,4375,1966,2,4,33300.0,62074.9,1,0,0
1083468,3700,1988,2,1,5230.0,70219.2,5,4,41282796
451508,1535,1592,0,3,4136.0,58021.3,1,0,0
103457,353,1198,2,1,879.0,34198.1,0,2,53546470
498633,1699,371,2,4,1280.0,19953.3,1,0,0
639688,2183,1889,0,3,16001.0,40112.8,1,0,0
2242799,7401,496,2,1,3372.7,43695.2,8,10,89597016
689596,2355,1512,2,4,15500.0,33432.2,1,0,0
3599408,2083,1945,0,0,131.4,22555.5,7,0,0
2044648,6930,1075,0,3,36289.5,69693.8,1,0,0
543193,1848,954,2,1,3473.0,18153.7,5,6,94460415
953495,3251,1432,2,4,510.0,20873.4,1,0,0
3572413,1276,788,0,0,87.6,22888.4,7,0,0
460883,1566,667,2,4,5700.0,24891.4,1,0,0
3799,15,2006,2,4,14.6,16621.1,6,0,0
649550,2219,1239,2,4,18400.0,60451.4,1,0,0
793151,2702,1606,2,4,25200.0,30276.4,1,0,0
447872,1521,1832,2,1,3024.0,21677.6,5,4,37432712
11992,40,1312,0,3,6502.0,16712.6,1,0,0
1082415,3697,1041,0,3,13067.0,40404.0,1,0,0
3622468,2778,1611,0,0,77.7,18703.3,7,0,0
2810295,9307,1464,1,4,10169.0,50817.3,1,0,0
1897336,6425,583,0,3,12368.0,29522.8,1,0,0
3447446,1932,1338,0,0,127.2,2825.8,7,0,0
498000,1697,2110,0,2,3332.0,19834.4,1,11,45188421
37447,120,1399,2,4,30.0,83848.5,6,0,0
269399,923,2135,2,1,2087.0,20672.8,5,13,9631318
940103,3208,2006,2,4,14.6,35495.0,6,0,0
2910871,9640,461,0,3,2300.0,20619.4,1,0,0
2789200,9236,2079,0,3,11906.0,92556.4,1,0,0
859865,2930,1555,0,3,8659.0,78064.6,1,0,0
358447,1217,1801,2,1,1956.0,21095.6,0,13,58911669
1109717,3788,1611,2,4,14.6,90170.1,6,0,0
3617564,2634,1856,0,0,163.1,39470.6,7,0,0
2775826,9188,919,2,1,471.0,28405.7,0,4,11309677
111363,376,2143,2,4,12100.0,44887.3,1,0,0
333898,1135,2166,2,4,500.0,48445.6,1,0,0
1814547,6148,742,0,3,23038.0,43405.6,1,0,0
3631129,3045,1063,0,0,99.1,27528.1,7,0,0
179941,609,2107,2,1,67.0,22445.2,1,5,59537684
656763,2244,1519,2,4,14.6,31555.1,6,0,0
3641407,3355,1368,0,0,168.5,41847.6,7,0,0
596179,2029,1378,2,4,500.0,9200.0,1,0,0
100698,344,1957,2,1,1683.0,41699.8,8,2,77219027
741989,2533,1987,0,3,3800.0,49501.4,1,0,0
686745,2345,1106,2,1,3328.2,32801.7,8,9,31917315
326734,1116,859,0,3,12129.0,43278.2,1,0,0
513470,1757,2076,0,2,44101.0,77205.5,1,11,36027544
2035079,6897,1734,2,4,5400.0,41255.0,1,0,0
946633,3226,1744,2,4,2700.0,23129.6,1,0,0
145535,487,1090,0,3,30546.0,57043.3,1,0,0
810072,2761,1825,2,4,14.6,26052.6,6,0,0
2571578,8489,1865,2,1,3835.0,45024.1,5,10,2885187
431911,1468,977,0,2,3224.0,16291.3,1,12,60079216
545319,1855,1413,0,2,5172.0,5572.0,2,12,98262780
3658574,3878,1945,0,0,121.0,31288.6,7,0,0
3344955,11111,1410,1,4,2837.0,27673.3,1,0,0
3443863,1788,484,0,0,92.4,24203.9,7,0,0
8469,30,986,2,4,58300.0,49388.0,1,0,0
1118962,3822,545,2,4,14.6,34631.5,6,0,0
313991,1071,459,2,4,12500.0,32689.8,1,0,0
1089897,3725,2006,2,4,14.6,53993.6,6,0,0
758754,2588,1487,2,4,600.0,33181.1,1,0,0
3444436,4995,880,0,0,157.4,29693.9,7,0,0
780923,2663,1348,2,1,3877.0,21457.8,5,6,81498741
405043,1378,576,2,4,14.6,50152.5,6,0,0
1091128,3730,1047,0,2,5152.0,27255.0,2,3,30733752
801174,2732,454,2,4,14.6,34544.2,6,0,0
1035220,3539,643,2,4,17900.0,41099.9,1,0,0
3541055,319,1519,0,0,147.2,38536.3,7,0,0
609624,2075,1804,2,1,619.0,21625.9,1,11,65491747
2731051,9034,1078,2,4,1600.0,42988.1,1,0,0
1170660,4014,1676,0,3,35799.0,96239.5,1,0,0
373453,1272,775,0,3,42724.0,60574.9,1,0,0
1091943,3734,251,0,3,4939.0,34926.6,1,0,0
3409670,11317,2099,0,3,34291.0,95554.4,1,0,0
131599,441,560,2,4,25000.0,47349.8,1,0,0
652200,2228,1106,2,4,5400.0,61827.1,1,0,0
2137953,7240,1710,2,1,9136.0,11568.8,5,9,38210588
176670,596,2159,2,4,14.6,93787.9,6,0,0
3464386,3000,2190,0,0,266.1,66096.7,7,0,0
1180457,4047,1603,1,4,20056.0,16827.0,1,0,0
752840,2568,1145,2,4,11700.0,31257.1,1,0,0
772468,2637,1611,2,4,17400.0,35659.1,1,0,0
820056,2792,1696,2,4,360.0,19432.2,1,0,0
1130166,3862,2076,2,1,7824.0,22619.2,0,13,17165685
552696,1881,1779,2,4,2900.0,26393.6,1,0,0
1082416,3697,1071,0,3,19600.5,40213.5,1,0,0
1131564,3867,2045,0,3,13881.0,45116.6,1,0,0
3585851,1684,1550,0,0,178.2,55958.8,7,0,0
835241,2842,2047,0,2,3225.0,21378.6,1,2,89962917
1001641,3419,1468,2,1,4910.0,20241.7,5,9,75110560
128618,431,1554,2,4,19000.0,47738.7,1,0,0
829352,2824,1803,2,1,7289.0,82893.7,5,3,94259202
1180572,4047,2098,2,4,30.0,40196.5,6,0,0
1073794,3669,734,2,4,600.0,23804.8,1,0,0
1165440,3993,1778,2,4,10800.0,69108.6,1,0,0
933997,3186,1084,2,4,1500.0,63563.5,1,0,0
3556550,798,1794,0,0,175.7,42291.8,7,0,0
790053,2694,768,2,4,5520.0,25852.3,1,0,0
956176,3259,1040,0,2,3393.0,32681.5,1,11,85023396
814729,2773,1429,2,4,14.6,36390.1,6,0,0
359065,1219,2064,2,4,2800.0,23903.0,1,0,0
337836,1146,794,2,4,10800.0,40180.1,1,0,0
2833876,9377,1283,2,1,2758.0,95720.1,5,9,54912304
2042848,6924,729,2,4,14.6,37629.1,6,0,0
1089224,3721,1399,2,4,14.6,19568.5,6,0,0
390014,1326,1856,2,4,14.6,12752.6,6,0,0
747874,2551,1788,0,3,20992.0,27655.9,1,0,0
966058,3292,1777,0,2,4805.0,19816.7,2,9,17410958
3501796,8566,1550,0,0,98.8,63137.3,7,0,0
87727,293,1644,2,4,6000.0,31909.0,1,0,0
144133,484,1557,0,3,9409.0,33753.4,1,0,0
511684,1750,1435,2,4,13800.0,65282.5,1,0,0
169887,569,2129,2,4,14.6,25903.2,6,0,0
260886,893,1103,2,4,1560.0,73673.8,1,0,0
528062,1801,1063,0,3,1200.0,35878.6,1,0,0
290869,997,1925,2,1,688.0,29538.2,3,2,22804981
114417,386,2048,0,3,17757.0,76765.2,1,0,0
847816,2887,1896,0,3,22064.0,61604.4,1,0,0
3530890,15,1491,0,0,130.6,21847.8,7,0,0
3676162,6397,1672,0,0,246.5,55921.9,7,0,0
1023059,3492,2079,2,1,4485.0,42538.3,5,10,20670485
637657,2176,1416,2,4,41100.0,53972.3,1,0,0
2287968,7546,1619,2,1,198.0,59910.8,0,10,87915062
3565006,1047,2098,0,0,113.3,28794.9,7,0,0
3445089,91,1764,0,0,127.9,25646.4,7,0,0
793864,2705,345,2,1,2608.2,44859.2,8,13,50098043
3663124,4150,1884,0,0,183.6,49233.2,7,0,0
2908721,9635,986,0,2,4470.0,13867.7,2,2,37906074
3617671,2638,2068,0,0,266.1,67852.6,7,0,0
1781443,6040,490,2,1,1321.0,35451.3,0,3,96697401
3110312,10320,1163,0,2,25973.0,55361.6,1,1,35140204
2862230,9472,2100,0,3,22505.0,68550.2,1,0,0
3656064,3802,2098,0,0,69.5,16279.4,7,0,0
905028,3084,1752,0,3,17000.0,18662.9,1,0,0
351855,1195,1769,2,1,453.0,33589.3,0,5,17328250
1157423,3961,1981,0,2,3464.0,18638.2,1,8,12514132
265284,906,1982,0,2,3361.0,18610.8,1,8,97056167
3018961,10005,1982,2,4,6600.0,33436.1,1,0,0
578762,1970,527,2,1,1916.0,28127.3,0,4,16633075
114039,385,557,2,1,31.0,25463.7,0,10,91164779
5374,22,1338,2,4,14.6,50023.0,6,0,0
314296,1073,1838,0,3,5765.0,70652.6,1,0,0
764534,2611,1560,0,3,15543.0,69724.4,1,0,0
1563244,5313,508,2,4,11500.0,34736.7,1,0,0
3591203,1836,2190,0,0,188.0,50069.7,7,0,0
1004784,3429,2172,2,1,1326.0,39657.9,0,7,25704860
2288076,7546,1983,1,4,15131.0,41551.4,1,0,0
3534262,112,1915,0,0,96.2,23351.5,7,0,0
310866,1059,1990,2,1,232.0,12472.1,5,2,2758771
799374,2725,1882,2,4,8600.0,35116.4,1,0,0
745132,2543,1133,2,1,2145.0,29953.5,5,4,60684478
19193,65,2020,2,1,3315.0,61198.3,0,2,20976132
546470,1860,1738,2,1,2170.0,18007.0,1,4,54349380
683098,2331,1622,2,1,1408.0,16966.6,0,7,32200968
335143,1139,2169,2,1,3110.0,97101.9,0,11,4895151
1174176,4026,1680,0,2,26204.0,62835.8,1,5,85192459
457809,1556,1988,2,1,1837.0,50151.7,5,9,42585212
337970,1147,615,0,3,22669.0,72187.4,1,0,0
772063,2635,1842,2,4,6000.0,66505.4,1,0,0
741759,2532,1723,2,4,35700.0,53005.2,1,0,0
2910415,9640,832,0,2,19106.0,31404.5,1,11,13876933
324879,1109,1980,2,4,5280.0,39635.0,1,0,0
624224,2130,1691,0,3,36458.0,83135.0,1,0,0
1068936,3651,327,2,4,3200.0,26502.9,1,0,0
1133172,3872,1861,2,1,1691.0,18729.5,5,4,39719027
733653,2507,1637,0,3,4500.0,25967.5,1,0,0
886502,3021,2006,2,4,14.6,29617.5,6,0,0
155032,519,1481,2,4,1200.0,22169.0,1,0,0
1170619,4014,1038,0,3,32270.0,96462.7,1,0,0
488265,1665,1622,0,2,6531.0,13862.0,2,2,10375470
1450570,4937,1429,2,4,64700.0,59159.9,1,0,0
104153,355,2173,2,1,2927.0,42241.2,0,4,28271162
1203894,4119,1154,2,4,14.6,24877.7,6,0,0
990375,3376,1649,0,3,19512.0,56991.6,1,0,0
330484,1126,1033,2,4,14.6,40958.8,6,0,0
155456,520,729,2,4,14.6,19921.6,6,0,0
1141479,3902,1579,2,4,3900.0,22229.3,1,0,0
3616436,2597,1915,0,0,138.1,30965.8,7,0,0
740080,2527,1921,2,1,5774.0,90893.4,5,2,27758234
3497793,8212,1733,0,0,227.7,89183.0,7,0,0
134176,449,1399,2,4,14.6,19492.8,6,0,0
842243,2866,1045,2,4,4700.0,33870.0,1,0,0
612339,2086,1556,2,4,10400.0,43064.3,1,0,0
764597,2611,1915,2,4,14.6,75846.7,6,0,0
3642817,3402,1856,0,0,229.8,43407.7,7,0,0
3582752,1594,1976,0,0,229.3,57101.3,7,0,0
863730,2940,894,0,3,3800.0,22589.4,1,0,0
3538919,251,1491,0,0,157.8,23306.7,7,0,0
471408,1604,1686,2,4,1920.0,33282.6,1,0,0
1149404,3931,1760,2,4,14000.0,55257.1,1,0,0
13975,47,620,2,1,6940.0,80214.4,5,6,76620852
3505631,8957,1884,0,0,27.4,29391.6,7,0,0
3626524,2902,1703,0,0,83.5,20112.0,7,0,0
220947,750,668,2,4,14.6,40204.0,6,0,0
3573313,1297,1976,0,0,329.0,77722.8,7,0,0
542558,1845,1966,0,3,27407.0,63209.3,1,0,0
225057,766,1746,2,4,11000.0,46734.8,1,0,0
3207368,10644,1989,0,2,67488.0,120646.8,1,3,51945531
570444,1941,1381,0,3,16519.0,47138.6,1,0,0
1142239,3906,1717,0,2,33464.0,71677.6,1,3,78987967
3579868,1500,1945,0,0,250.4,58858.1,7,0,0
168155,562,423,2,4,14.6,23265.1,6,0,0
220958,750,1002,2,4,14.6,41828.5,6,0,0
68754,228,480,2,4,19900.0,40711.8,1,0,0
670205,2287,1566,2,4,15700.0,53630.9,1,0,0
1635516,5546,785,1,4,13943.0,9061.2,1,0,0
473022,1610,367,2,4,2280.0,43521.7,1,0,0
230469,784,1013,2,4,16200.0,40599.8,1,0,0
3548814,547,2068,0,0,61.7,14776.3,7,0,0
3603992,2237,1338,0,0,136.0,29759.9,7,0,0
2929973,9703,755,2,4,5400.0,46513.3,1,0,0
3456043,8998,1945,0,0,22.3,1514.9,7,0,0
3296980,10954,1312,0,3,12758.0,13058.0,1,0,0
944570,3221,545,2,4,14.6,19491.6,6,0,0
702495,2406,1519,2,4,14.6,16089.2,6,0,0
160488,538,849,2,4,14.6,17591.4,6,0,0
657529,2246,1540,2,4,31000.0,42776.3,1,0,0
191855,651,2168,2,1,4062.0,90679.3,0,2,54411101
172425,577,1611,2,4,14.6,29511.6,6,0,0
419300,1422,676,0,2,5842.0,30431.9,2,6,60820615
526714,1797,1246,2,4,14.6,48387.4,6,0,0
2259187,7454,1550,2,4,14.6,14438.0,6,0,0
3477992,8982,729,0,0,125.2,46288.3,7,0,0
3601185,2147,1460,0,0,113.0,26993.6,7,0,0
3091824,10257,1946,0,3,33602.0,88902.3,1,0,0
226477,771,1254,2,1,4816.0,64696.7,0,2,28503686
1182681,4052,1866,2,4,8100.0,23827.3,1,0,0
32339,104,1561,2,1,578.0,19318.1,1,7,82782172
671218,2292,1290,2,1,147.0,24293.6,3,7,26075345
3648821,3594,1246,0,0,285.1,34951.9,7,0,0
844149,2873,1920,2,1,693.0,42494.6,0,8,80315440
241905,827,1558,0,2,3391.0,19968.1,1,3,37134081
3248874,10788,1039,2,4,2800.0,44118.2,1,0,0
179270,607,1282,2,1,2082.0,17354.9,5,6,5990779
664109,2268,919,0,3,23646.0,73990.2,1,0,0
784157,2672,1984,0,2,3484.0,18329.6,1,4,47020673
1191480,4079,1957,2,1,321.0,58605.4,3,10,81205659
3447138,1583,1460,0,0,143.8,58265.8,7,0,0
1006181,3435,1245,2,4,1680.0,19102.5,1,0,0
1731152,5870,1945,2,4,14.6,82349.3,6,0,0
557860,1898,126,0,2,10266.0,28569.5,1,7,49335420
524653,1789,625,2,4,500.0,26600.0,1,0,0
124070,417,1399,2,4,14.6,12448.3,6,0,0
799707,2727,1131,0,3,14075.0,48113.7,1,0,0
926322,3157,788,2,4,14.6,22598.0,6,0,0
3525348,10884,1033,0,0,155.4,38846.5,7,0,0
3639514,3289,1641,0,0,137.6,34421.6,7,0,0
1258071,4301,1684,0,3,12740.0,35698.5,1,0,0
1207807,4131,2058,2,4,35500.0,90826.4,1,0,0
899155,3064,1094,2,4,14.6,32659.4,6,0,0
531701,1811,454,2,4,14.6,45801.3,6,0,0
933799,3185,2013,2,1,2041.0,58063.2,0,10,46145159
1195488,4093,788,2,4,14.6,18597.7,6,0,0
552924,1882,1650,2,1,1936.0,12051.1,0,1,81505483
1018397,3479,1490,2,4,3480.0,26619.1,1,0,0
3456546,9333,1856,2,4,1.7,101058.5,4,0,0
845898,2880,946,2,4,9300.0,32327.2,1,0,0
11348,38,1894,2,1,231.0,29348.6,0,6,83435654
224606,764,337,2,4,1800.0,31513.2,1,0,0
262046,897,1370,1,4,12211.0,34805.6,1,0,0
470569,1602,501,2,4,3000.0,25325.1,1,0,0
495606,1689,1491,2,4,14.6,11669.2,6,0,0
1152561,3941,1764,2,4,14.6,17513.8,6,0,0
753149,2569,1467,2,4,2160.0,24370.9,1,0,0
494945,1688,98,0,2,5439.0,11678.0,2,9,99495708
345130,1169,2082,0,3,23903.0,85307.4,1,0,0
3598868,2066,1884,0,0,95.1,23602.8,7,0,0
194196,657,1419,2,4,1700.0,40074.7,1,0,0
2039229,6910,913,0,3,7000.0,24300.0,1,0,0
3443760,1768,1519,0,0,200.3,45653.5,7,0,0
193917,657,1808,2,1,1066.0,47610.1,5,1,72237545
187997,635,1497,2,4,28300.0,24137.5,1,0,0
729025,2493,800,0,3,8063.0,30111.7,1,0,0
3677128,6592,1703,0,0,235.2,54206.7,7,0,0
1548883,5270,1865,2,4,3200.0,37303.9,1,0,0
3464129,2922,576,0,0,154.8,45089.8,7,0,0
911364,3107,1832,2,4,880.0,71544.7,1,0,0
1078675,3684,1473,2,1,3365.0,19010.3,5,12,86708855
3634061,3134,1519,0,0,123.8,32247.7,7,0,0
518142,1770,1838,2,4,4000.0,75575.9,1,0,0
3536281,176,1338,0,0,66.3,51428.3,7,0,0
722361,2472,673,2,4,9600.0,41242.7,1,0,0
294951,1006,788,2,4,14.6,32052.3,6,0,0
3495516,8039,1338,0,0,168.2,22798.1,7,0,0
24261,80,2180,2,4,150.0,27237.0,1,0,0
214002,726,1407,2,1,3198.0,21463.1,5,13,22188473
920794,3137,2141,2,1,4226.5,45974.3,8,10,85610150
2355407,7769,507,0,3,5334.0,92191.4,1,0,0
3465971,3503,668,0,0,157.4,40488.7,7,0,0
788429,2687,1338,2,4,14.6,16621.7,6,0,0
570499,1941,1836,2,4,1800.0,21840.6,1,0,0
962617,3280,1258,0,3,21399.0,41887.0,1,0,0
2733050,9041,1744,0,3,40772.0,110469.9,1,0,0
572667,1948,1973,2,4,35300.0,76123.8,1,0,0
486871,1660,1162,0,3,17291.0,52709.6,1,0,0
883874,3011,2081,2,1,2042.0,18498.6,5,4,88863443
17991,61,1040,0,2,4019.0,30753.7,2,8,33850741
1272431,4352,860,0,3,24269.0,67769.3,1,0,0
739066,2524,915,2,1,2550.0,20714.4,5,10,64186239
1101931,3763,1580,2,4,14.6,20277.7,6,0,0
2847847,9424,1626,1,4,10651.0,42728.4,1,0,0
473921,1613,1285,2,4,4400.0,15369.3,1,0,0
878017,2991,734,0,3,22360.0,58300.9,1,0,0
725998,2484,924,2,1,599.0,42182.6,3,4,75644820
1059801,3622,892,2,4,18200.0,42017.4,1,0,0
3579935,1503,1580,0,0,70.6,17537.5,7,0,0
3681228,103,1794,0,0,15.5,19975.2,7,0,0
552196,1880,1105,0,3,11592.0,45759.0,1,0,0
57075,190,1774,2,1,1316.0,26813.1,0,13,50605297
977159,3330,1956,0,3,18525.0,48055.3,1,0,0
211948,719,1512,2,4,990.0,24353.7,1,0,0
53565,178,2168,2,1,505.0,15027.8,0,10,1946038
110053,372,1505,0,3,22396.0,39444.5,1,0,0
541177,1839,2143,2,4,6000.0,55672.4,1,0,0
1156723,3957,2129,2,4,30.0,70796.2,6,0,0
118588,397,1978,2,4,23200.0,81928.9,1,0,0
995815,3399,1987,0,3,25335.0,45488.1,1,0,0
949711,3237,2006,2,4,14.6,35894.9,6,0,0
1069875,3654,673,2,4,14200.0,42310.5,1,0,0
2371371,7819,1714,2,1,1953.0,13551.2,5,6,64831554
127068,426,1611,2,4,14.6,20175.1,6,0,0
829967,2826,1831,2,1,5240.0,28855.0,5,3,23213660
3644685,3467,1825,0,0,322.3,69311.3,7,0,0
3448653,3037,1794,0,0,113.8,47067.1,7,0,0
631720,2156,1679,2,4,16600.0,40640.2,1,0,0
113082,381,1454,2,4,1280.0,32268.5,1,0,0
489803,1671,1294,2,4,4900.0,31804.0,1,0,0
233841,795,1656,0,3,3400.0,46936.8,1,0,0
3520169,10320,515,0,0,126.8,32507.5,7,0,0
1250555,4276,2114,2,4,25300.0,89709.6,1,0,0
710926,2431,1769,2,1,1243.0,32745.2,5,6,96937953
1132362,3869,972,2,4,14.6,77661.9,6,0,0
843350,2870,1848,2,4,2640.0,37332.2,1,0,0
3465368,3307,1368,0,0,198.4,47657.7,7,0,0
865022,2944,1315,0,3,700.0,26113.3,1,0,0
3098572,10280,1856,2,4,14.6,37911.5,6,0,0
1157961,3965,1132,0,2,14097.0,12259.4,1,8,66315013
9289,33,2077,0,3,23589.0,109110.2,1,0,0
1053178,3602,1833,2,4,7500.0,41074.4,1,0,0
3513216,9640,484,0,0,127.7,35766.1,7,0,0
311558,1062,1641,2,4,14.6,39318.3,6,0,0
377920,1286,1815,1,4,10007.0,32425.0,1,0,0
2912620,9645,2080,2,1,4893.0,35534.7,8,3,71165287
1296513,4427,757,0,3,4900.0,18794.2,1,0,0
1207773,4131,1285,2,4,5700.0,24657.4,1,0,0
1033522,3534,1496,0,3,13126.0,42866.0,1,0,0
670613,2289,1611,2,4,14.6,39194.4,6,0,0
833652,2838,1185,2,4,30.0,68785.7,6,0,0
269210,922,1276,2,4,14.6,29544.0,6,0,0
1008983,3446,1829,2,4,4500.0,26084.5,1,0,0
456663,1552,858,0,3,24563.0,67638.7,1,0,0
2874645,9513,1352,0,3,20326.0,50340.7,1,0,0
3636998,3225,484,0,0,203.3,54303.1,7,0,0
1089720,3725,1131,0,3,16993.0,34420.6,1,0,0
410338,1397,2104,2,5,1700.0,20687.3,1,0,0
731814,2501,1131,2,1,745.0,45846.2,3,10,57752704
1057690,3617,522,0,3,24505.5,56328.2,1,0,0
1669493,5661,1399,2,4,14.6,6648.5,6,0,0
524336,1788,1793,2,4,2050.0,15183.6,1,0,0
3460955,2039,2098,0,0,145.5,35077.3,7,0,0
114611,387,1902,2,4,4600.0,24424.3,1,0,0
1921377,6511,855,2,4,25000.0,56317.7,1,0,0
1045893,3576,953,2,4,2480.0,18174.0,1,0,0
2349753,7753,1424,0,3,9805.0,55608.0,1,0,0
220791,750,619,2,1,6615.0,44446.4,5,13,4588097
182334,619,2097,2,4,6900.0,25596.9,1,0,0
1146677,3922,1979,2,4,6900.0,24004.7,1,0,0
1255590,4293,2073,2,4,11100.0,36676.3,1,0,0
367770,1250,1715,2,1,3805.2,29575.7,8,4,21845096
3618585,2664,576,0,0,127.0,26091.4,7,0,0
3468060,4000,484,0,0,243.4,51205.9,7,0,0
102210,347,1723,2,4,40900.0,81931.3,1,0,0
372698,1269,1956,2,1,599.0,35863.9,0,3,78545605
3603534,2222,1429,0,0,230.2,30243.2,7,0,0
1075227,3674,2171,2,1,9503.0,83192.3,5,3,25279706
1281831,4385,1107,0,3,1900.0,33040.7,1,0,0
1088444,3718,740,0,3,2900.0,21530.3,1,0,0
848821,2891,1898,2,1,4928.0,26101.0,0,10,74825072
3553082,686,1794,0,0,54.0,12174.2,7,0,0
634512,2167,1945,2,4,14.6,82187.9,6,0,0
958800,3267,1440,0,3,18447.0,42369.8,1,0,0
3453125,6051,668,0,0,86.0,24738.5,7,0,0
1194531,4088,1643,1,4,24031.0,82175.6,1,0,0
594724,2024,1835,2,4,1100.0,27905.8,1,0,0
78945,264,1746,2,1,3307.0,32085.5,5,13,19889706
108993,368,2118,2,4,2000.0,27264.4,1,0,0
597370,2033,2074,0,3,10929.0,41140.0,1,0,0
586767,1998,1223,0,3,23468.0,78291.2,1,0,0
2938198,9730,1884,2,4,14.6,16249.0,6,0,0
3137066,10411,2137,2,1,7732.0,50547.5,0,10,47737151
267481,915,1511,1,4,4567.0,30133.4,1,0,0
3670579,5385,1915,0,0,169.1,44453.5,7,0,0
53087,176,2167,0,3,27949.0,71756.1,1,0,0
1098586,3753,1223,2,1,1540.0,19833.6,5,5,9330445
837356,2849,1196,2,1,2704.0,20519.2,5,11,46355319
1104263,3772,1635,2,4,1900.0,30613.3,1,0,0
529864,1806,588,2,1,2552.0,22038.9,5,11,84037089
309080,1053,2073,2,1,2439.0,21048.0,0,13,46275836
677173,2313,760,2,4,30.0,19743.9,6,0,0
764085,2609,744,2,4,4500.0,43733.9,1,0,0
3621081,2739,515,0,0,118.3,18198.7,7,0,0
1544998,5256,1917,2,4,29300.0,37398.8,1,0,0
3117401,10345,1586,2,1,6742.0,13375.3,5,11,98083507
317093,1081,1848,2,4,1280.0,15119.9,1,0,0
2442439,8051,710,2,1,4340.0,60073.9,8,1,43162244
1488514,5072,1435,2,4,2160.0,50856.5,1,0,0
3633174,3111,1338,0,0,192.5,48916.6,7,0,0
1151007,3936,1368,2,4,14.6,34525.7,6,0,0
451942,1536,1562,0,2,25609.0,53155.4,1,9,51120805
858661,2926,1834,2,1,868.0,46719.7,3,4,88491463
83403,279,861,2,1,1380.0,19825.5,1,9,68556356
2269012,7487,1033,0,3,11700.0,12500.0,1,0,0
3453282,6118,1033,0,0,24.2,14332.7,7,0,0
868813,2959,1498,0,3,33354.0,38952.6,1,0,0
412000,1402,947,2,1,374.0,25279.6,0,3,12338292
84913,284,1869,0,3,7200.0,21779.3,1,0,0
751277,2562,1915,2,4,14.6,14790.3,6,0,0
76068,253,1488,2,4,9100.0,46652.6,1,0,0
3403073,11295,1100,2,4,7200.0,48438.8,1,0,0
3667699,4907,1825,0,0,185.2,15136.7,7,0,0
744862,2542,1276,2,4,14.6,30337.6,6,0,0
567112,1931,1135,0,3,9335.0,17074.1,1,0,0
1688679,5724,1533,0,2,29070.0,45258.1,1,13,77775388
702637,2407,1853,2,4,1800.0,18108.9,1,0,0
408469,1391,2108,2,1,3053.0,40537.0,5,9,42852616
2938460,9731,1345,2,1,1320.0,38252.1,0,8,14137328
209472,711,1284,2,1,3243.0,19098.1,5,1,97111349
778965,2655,2108,2,1,89.0,38253.4,0,12,4603857
1043999,3570,1842,2,4,2800.0,38903.2,1,0,0
54684,183,1653,2,1,5202.0,42122.5,5,1,5552345
217262,738,1856,2,4,14.6,66371.2,6,0,0
448674,1526,1039,2,1,4433.0,29541.8,5,9,69354104
1092989,3737,1777,2,1,3805.0,38401.5,5,2,48756384
205521,698,1641,2,4,14.6,16675.8,6,0,0
1151588,3938,710,2,4,23400.0,55684.3,1,0,0
728484,2490,1276,2,4,14.6,33355.0,6,0,0
3548300,533,1491,0,0,55.6,14041.0,7,0,0
3581735,1561,2159,0,0,171.4,42877.9,7,0,0
970418,3307,2143,0,3,1500.0,51315.4,1,0,0
191502,650,1523,2,4,2080.0,17880.0,1,0,0
853691,2910,2138,0,2,43748.0,60215.9,1,12,8741110
673952,2302,822,2,4,7700.0,41348.9,1,0,0
1243184,4253,1251,0,2,61878.0,125820.2,1,9,53430867
59640,198,1185,2,4,14.6,23442.7,6,0,0
767448,2620,364,2,4,1700.0,28926.6,1,0,0
768934,2625,1840,2,5,2100.0,48557.8,1,0,0
319117,1089,1132,2,4,11900.0,31262.9,1,0,0
3443581,1751,1429,0,0,47.8,17785.2,7,0,0
765070,2613,733,2,4,2160.0,15161.5,1,0,0
278451,953,1123,2,4,630.0,23468.9,1,0,0
1817750,6157,1904,0,3,38417.0,53391.1,1,0,0
1018516,3479,1189,0,3,1300.0,23432.0,1,0,0
1853036,6273,730,2,4,1800.0,39573.3,1,0,0
956708,3260,378,2,1,8462.0,15132.5,5,1,89460461
3466360,3553,1307,0,0,158.1,36989.8,7,0,0
1170724,4014,1465,2,4,4800.0,14796.7,1,0,0
1138415,3891,2013,2,1,3172.0,77481.4,5,4,80522375
755249,2576,1594,2,4,28500.0,53319.0,1,0,0
3505621,8957,1580,0,0,198.2,92147.5,7,0,0
803231,2738,2164,0,3,21495.0,63338.2,1,0,0
865432,2946,1372,2,4,1900.0,19325.1,1,0,0
589925,2008,1915,2,4,14.6,90909.9,6,0,0
3353730,11138,1585,0,3,23773.0,99300.5,1,0,0
74372,245,1976,2,4,14.6,17558.8,6,0,0
226351,770,1542,2,4,11500.0,32550.3,1,0,0
3464769,3114,1672,0,0,165.5,43681.4,7,0,0
1160672,3974,1525,2,1,4670.0,26425.2,5,9,35360241
1102782,3767,1379,0,3,11569.0,45273.9,1,0,0
303076,1031,1830,2,4,13000.0,48719.3,1,0,0
3444486,5065,211,0,0,396.0,48763.5,7,0,0
33195,107,557,2,1,2015.0,29093.4,5,5,67744958
97353,333,2018,2,1,1634.0,16622.2,5,9,71807402
3402884,11295,1258,2,4,47200.0,35657.5,1,0,0
680783,2323,2091,2,4,2300.0,51055.2,1,0,0
897087,3056,1988,2,1,868.0,26204.0,5,1,36077541
3598305,2047,1550,0,0,153.9,36434.5,7,0,0
739007,2524,955,0,2,6263.0,27374.9,2,3,14018088
3611152,2456,1429,0,0,189.3,50009.0,7,0,0
3276446,10884,2098,2,4,14.6,66180.4,6,0,0
650565,2222,1080,2,4,19600.0,56949.8,1,0,0
375185,1277,251,0,2,6248.0,19744.0,2,5,36786365
657253,2245,2079,2,4,45600.0,81775.2,1,0,0
1003698,3425,1502,0,2,3970.0,40707.2,1,1,15435099
1113874,3804,1991,2,4,5000.0,37725.4,1,0,0
323192,1104,1460,2,4,6100.0,40247.4,1,0,0
18497,62,1010,2,1,2273.0,30663.9,5,3,80010622
1391861,4743,431,1,4,19758.0,-1024.0,1,0,0
3554586,734,1672,0,0,81.1,20015.5,7,0,0
50782,170,1847,2,4,1200.0,53896.8,1,0,0
575557,1959,1347,2,4,4000.0,18162.0,1,0,0
2363918,7795,1986,0,3,23881.0,105861.1,1,0,0
3444408,3223,1641,0,0,104.2,54058.0,7,0,0
1436953,4894,749,2,4,8400.0,27975.0,1,0,0
111210,376,2138,2,1,7097.0,32470.3,5,5,32540393
886818,3023,1884,2,4,14.6,31411.0,6,0,0
145654,487,1987,2,4,74100.0,24739.5,1,0,0
9035,32,1502,0,3,16548.0,65129.8,1,0,0
98409,336,1215,2,4,14.6,37121.3,6,0,0
246071,844,662,2,4,13200.0,36025.5,1,0,0
681995,2327,758,0,3,4000.0,24627.7,1,0,0
3215812,10670,1262,1,4,17976.0,59782.4,1,0,0
1047986,3584,2049,2,1,12078.0,53024.5,5,3,46564525
499068,1700,1981,2,4,13900.0,56447.5,1,0,0
180971,614,1836,2,4,2080.0,25401.9,1,0,0
83245,279,430,0,2,3007.0,15684.6,1,13,59425073
753915,2572,1474,2,4,4200.0,40276.3,1,0,0
351131,1193,888,2,1,7334.0,41069.3,5,6,465041
2370245,7815,1215,2,4,30.0,69368.2,6,0,0
3302599,10973,263,0,3,23814.0,47963.5,1,0,0
3654104,3747,880,0,0,61.9,14737.6,7,0,0
99428,340,675,2,1,917.0,27296.7,5,2,26790029
198719,674,1429,2,4,14.6,26210.8,6,0,0
703448,2410,370,2,4,2300.0,23560.6,1,0,0
567899,1933,2142,2,1,3804.0,17810.0,5,10,49145901
780930,2663,1560,2,1,3877.0,13722.5,5,6,81498741
917381,3127,939,2,4,20100.0,49557.4,1,0,0
3215671,10670,987,0,3,44783.0,118050.9,1,0,0
258559,885,1285,2,4,16500.0,50187.3,1,0,0
77810,259,618,2,1,2857.0,19964.2,0,3,8156723
2078103,7045,1983,0,2,54138.0,95558.9,1,1,17507797
648398,2216,1856,2,4,14.6,76110.2,6,0,0
163931,548,892,2,1,528.0,19333.6,0,1,56284767
2502669,8261,1412,2,1,646.0,10996.5,3,8,24150228
1100080,3757,1937,2,4,18900.0,47221.8,1,0,0
914136,3115,2141,2,1,5353.3,26176.4,8,11,94811379
245501,842,1429,2,4,14.6,11286.6,6,0,0
3601222,2148,1399,0,0,64.0,14294.1,7,0,0
2248822,7424,1456,2,4,2400.0,60865.1,1,0,0
1043776,3569,2016,2,4,5700.0,26189.7,1,0,0
1085667,3709,1646,2,1,474.0,44691.9,0,3,22020697
837419,2849,748,2,4,1440.0,21601.2,1,0,0
150991,504,1924,2,1,2308.0,33102.9,1,11,2230048
1012320,3460,1863,0,3,36371.0,57518.4,1,0,0
1142481,3907,1466,2,4,5100.0,74636.6,1,0,0
1067821,3649,1257,0,3,27592.0,57885.4,1,0,0
648445,2216,942,2,4,39400.0,71146.7,1,0,0
660773,2255,1399,2,4,14.6,14182.9,6,0,0
1047907,3584,1833,0,2,33827.0,69271.4,1,1,61573970
405141,1378,1442,2,4,25000.0,66170.7,1,0,0
311529,1062,760,2,4,14.6,61377.1,6,0,0
963332,3283,1264,2,4,7900.0,35318.5,1,0,0
498599,1699,1981,2,1,19.0,27124.6,0,3,2504826
393871,1338,390,2,4,4800.0,21620.1,1,0,0
616750,2102,1915,2,4,14.6,16907.4,6,0,0
870613,2965,1504,2,4,1040.0,24786.3,1,0,0
576672,1964,1338,2,4,14.6,19934.2,6,0,0
1130611,3863,1338,2,4,14.6,26054.1,6,0,0
3470532,4437,1825,0,0,203.2,63253.4,7,0,0
799337,2725,2062,2,4,4560.0,44694.1,1,0,0
3538324,234,1094,0,0,62.6,15093.2,7,0,0
393200,1337,1471,2,1,3264.0,44728.1,5,12,46227514
2979139,9869,1526,2,1,5887.0,55488.8,5,13,58726429
1046206,3578,1315,2,1,4051.0,50826.0,5,6,34134709
23165,76,1800,2,1,5208.0,39141.4,5,7,98325132
988419,3370,932,1,4,23021.0,27834.3,1,0,0
2768063,9159,1720,2,4,1100.0,34982.0,1,0,0
3577716,1440,576,0,0,83.8,21270.6,7,0,0
1450479,4937,1002,2,4,14.6,21062.2,6,0,0
101272,345,593,2,4,5600.0,25508.3,1,0,0
1292191,4415,1099,2,4,3480.0,30982.1,1,0,0
747724,2550,1622,2,4,5160.0,53779.6,1,0,0
3466603,3586,1185,0,0,155.2,39116.5,7,0,0
14461,47,849,2,4,8100.0,29982.4,1,0,0
649407,2219,1144,2,4,10500.0,89300.6,1,0,0
1150304,3935,735,2,1,652.0,43451.3,3,13,3849626
578532,1969,1536,2,4,3000.0,14238.4,1,0,0
304694,1039,493,0,3,14245.0,52395.1,1,0,0
2370150,7815,2170,2,1,2197.0,22087.3,3,5,92419248
644237,2199,1945,2,4,14.6,31774.2,6,0,0
275129,942,698,2,4,14.6,27152.6,6,0,0
399666,1361,1708,2,4,8500.0,24087.1,1,0,0
1035368,3540,1954,2,1,2565.0,39077.3,5,11,51321852
1106522,3779,1008,2,4,5500.0,33676.6,1,0,0
3625871,2884,303,0,0,117.7,28465.6,7,0,0
3617058,2618,1125,0,0,61.5,13827.4,7,0,0
1764152,5984,1593,0,3,15719.0,31798.5,1,0,0
962248,3279,1088,0,3,48510.0,90956.7,1,0,0
175907,593,2132,2,4,17000.0,56698.5,1,0,0
3440364,1052,333,0,0,58.3,20566.9,7,0,0
1078067,3682,1537,0,3,1800.0,45669.9,1,0,0
1309884,4473,1222,0,3,24425.0,59466.7,1,0,0
427086,1451,1685,0,2,6490.0,23032.5,2,8,75701802
1104305,3772,1764,2,4,14.6,42636.0,6,0,0
855733,2915,1823,2,4,16100.0,53618.6,1,0,0
1225540,4195,1795,2,4,10700.0,40742.2,1,0,0
22426,73,484,2,4,14.6,52597.9,6,0,0
233985,796,1744,2,4,12400.0,37779.5,1,0,0
339870,1153,799,2,1,4918.0,19525.3,5,9,24663144
1077016,3679,1197,0,3,17241.0,39588.6,1,0,0
773098,2639,1256,2,1,8633.0,18357.4,5,7,93859052
323821,1106,2014,1,4,4935.0,9795.8,1,0,0
897820,3059,2082,2,1,1758.0,39716.8,0,5,42451202
370347,1259,1764,2,4,14.6,37430.7,6,0,0
571939,1946,1989,2,1,7593.0,53682.3,5,4,47834515
532028,1812,1814,2,4,330.0,18780.4,1,0,0
1666103,5650,1177,2,4,12600.0,29465.0,1,0,0
434737,1477,370,2,1,2100.0,17260.4,1,8,39149236
261319,895,1198,0,2,2966.0,6541.1,1,2,28032946
134652,451,729,0,3,500.0,26900.0,1,0,0
297385,1014,1204,0,3,9600.0,11800.0,1,0,0
815566,2778,1622,2,1,5821.0,32430.7,0,13,18643141
710489,2429,1626,0,3,8100.0,52574.4,1,0,0
208928,709,1338,2,4,14.6,63303.4,6,0,0
325146,1110,2165,2,1,5427.0,66834.3,5,2,84862774
3493229,7861,910,0,0,108.1,36563.4,7,0,0
30948,100,734,2,4,1920.0,37775.8,1,0,0
368961,1254,2159,2,4,14.6,67401.2,6,0,0
381945,1297,1726,2,4,5640.0,53146.7,1,0,0
947549,3229,1154,2,4,14.6,100416.8,6,0,0
2382545,7857,920,0,2,38109.0,76676.0,1,9,77844226
281021,963,2086,2,4,3120.0,65467.9,1,0,0
3478013,8982,1368,0,0,229.5,78845.4,7,0,0
921830,3142,1653,0,2,6029.0,22294.8,2,8,10931772
851867,2903,1285,0,3,22113.0,53888.2,1,0,0
840090,2860,1855,2,4,1500.0,28896.2,1,0,0
1141085,3901,1769,0,3,17211.0,46922.2,1,0,0
245936,844,1986,2,1,12531.0,34034.6,0,4,24649799
3582511,1588,819,0,0,112.1,25032.4,7,0,0
447295,1519,1443,0,3,31335.0,84963.0,1,0,0
224579,764,1519,2,4,14.6,19179.2,6,0,0
1043111,3567,979,2,1,6943.0,16040.2,0,4,86320829
2477345,8173,955,1,4,14257.0,49323.1,1,0,0
1004333,3427,1893,2,1,9843.0,40467.4,5,13,62610715
947557,3229,1399,2,4,14.6,55418.8,6,0,0
3677652,6686,1884,0,0,103.9,26609.0,7,0,0
841181,2863,1956,2,1,5223.0,46774.3,0,9,88193910
705480,2417,826,0,3,4744.0,20505.0,1,0,0
3393888,11265,159,2,1,2607.0,20942.1,0,12,80508869
194884,660,1580,2,4,14.6,27788.2,6,0,0
840464,2861,2129,2,4,14.6,15303.4,6,0,0
821136,2797,1556,0,3,18523.0,40557.8,1,0,0
777840,2651,1473,2,5,3000.0,47353.3,1,0,0
1818135,6158,1348,0,3,5500.0,27600.0,1,0,0
508754,1740,1682,2,4,300.0,20650.0,1,0,0
1633778,5541,1892,2,4,2800.0,36335.8,1,0,0
377728,1286,438,0,3,21247.0,109927.6,1,0,0
273596,937,1403,2,4,1280.0,24425.1,1,0,0
687920,2349,2137,0,2,6206.0,24250.1,2,13,37480622
3445644,507,1641,0,0,110.2,27235.3,7,0,0
814201,2771,1369,2,4,12600.0,31602.6,1,0,0
2912866,9646,2041,0,3,22664.0,91634.6,1,0,0
3609975,2421,1580,0,0,149.6,36747.6,7,0,0
636407,2173,1685,0,2,5916.0,24638.2,2,2,45266485
2304779,7606,1669,0,3,8302.0,105548.2,1,0,0
110166,372,2020,2,1,2148.0,35909.7,0,7,83496254
92401,314,1556,0,2,36897.0,72588.9,1,5,74523085
996555,3402,1208,0,3,49308.0,107327.7,1,0,0
369231,1256,584,0,3,15272.0,51509.0,1,0,0
3633398,3117,515,0,0,80.6,20178.3,7,0,0
3475147,8411,1063,0,0,129.2,32008.8,7,0,0
632987,2161,910,2,4,30.0,37600.1,6,0,0
359561,1222,1503,0,2,6310.0,29727.1,2,6,77489798
1190930,4078,1733,2,4,14.6,87535.5,6,0,0
585338,1992,2120,2,4,4900.0,20033.0,1,0,0
755264,2576,2074,2,4,10800.0,45683.5,1,0,0
132434,444,1838,0,3,6704.0,50140.7,1,0,0
835051,2841,387,0,3,3800.0,21595.0,1,0,0
1045362,3575,1443,2,1,5070.0,37545.5,5,5,97652846
842578,2867,788,2,4,14.6,37722.5,6,0,0
591648,2013,2022,2,5,4200.0,26466.4,1,0,0
292239,1000,1255,2,1,1475.0,58538.6,0,2,8467102
504522,1722,1816,2,4,1680.0,66290.2,1,0,0
316144,1079,308,0,2,27016.0,52994.7,1,10,1933414
1086908,3713,1658,2,4,19800.0,100646.3,1,0,0
1023223,3492,1192,2,4,12600.0,37637.5,1,0,0
68470,228,585,2,1,1946.0,28013.6,5,9,78199761
792054,2700,1351,2,1,1123.0,47654.4,3,9,52413690
492545,1680,558,0,3,19419.0,53784.4,1,0,0
3460587,1953,1703,0,0,117.9,25008.7,7,0,0
547287,1862,2004,0,3,3300.0,41270.3,1,0,0
506598,1730,1260,2,4,9400.0,37563.6,1,0,0
3554260,721,1703,0,0,74.1,18092.8,7,0,0
989648,3373,1307,2,4,14.6,23729.0,6,0,0
555969,1892,465,2,1,2398.0,18900.4,5,8,48820698
3597600,2024,1884,0,0,88.0,20750.6,7,0,0
293325,1002,1741,2,1,1092.0,9957.4,0,3,29577315
246445,846,1733,2,4,3900.0,57238.3,1,0,0
1028838,3513,2129,2,4,14.6,64812.4,6,0,0
849779,2895,1778,0,3,18146.0,37793.2,1,0,0
961820,3277,1098,2,4,1560.0,32078.7,1,0,0
923633,3147,1122,2,4,1700.0,31202.4,1,0,0
297836,1016,1116,2,4,1200.0,46799.0,1,0,0
605306,2061,1530,0,3,4004.0,16271.9,1,0,0
2938075,9730,1953,0,3,10694.0,22997.1,1,0,0
754035,2572,1401,2,4,7600.0,33779.3,1,0,0
288138,988,862,2,1,2512.0,23871.3,5,11,82773095
2120161,7180,1893,2,4,8500.0,31514.3,1,0,0
2305450,7607,825,2,4,2040.0,26674.2,1,0,0
119574,401,2015,2,1,3600.0,61118.4,5,1,66742342
2688597,8899,2141,2,1,2088.8,99461.0,8,2,16985112
185948,630,951,0,2,3542.0,16663.9,1,13,62620174
752583,2568,795,2,1,1086.0,26005.8,0,7,1379150
3613206,2508,1063,0,0,105.7,26206.3,7,0,0
652804,2231,2169,2,1,2181.0,17172.0,5,1,8985472
831804,2832,2008,2,4,930.0,14346.8,1,0,0
302724,1031,1500,0,3,17205.0,31921.0,1,0,0
781036,2663,1550,2,4,14.6,19279.5,6,0,0
125649,423,711,2,4,420.0,21171.9,1,0,0
247591,851,1804,2,1,881.0,22778.8,0,5,26014739
272911,933,2161,2,4,5500.0,27684.1,1,0,0
116625,393,884,2,4,23300.0,46235.6,1,0,0
258580,885,1915,2,4,14100.0,69846.2,1,0,0
932798,3181,1785,0,3,500.0,54953.5,1,0,0
388882,1322,1075,2,1,1431.0,25171.5,0,8,6584710
983481,3355,1503,2,1,2575.0,38565.2,5,8,52532029
118764,398,1967,2,4,4900.0,18166.4,1,0,0
1905417,6453,1550,2,4,14.6,22931.3,6,0,0
74957,248,1745,1,4,6759.0,39881.6,1,0,0
137679,461,1818,2,4,960.0,50209.3,1,0,0
1076829,3678,910,2,4,14.6,14030.3,6,0,0
2301785,7594,1259,2,4,35800.0,88129.5,1,0,0
3677771,6701,1550,0,0,345.4,81500.4,7,0,0
340176,1153,1562,2,4,8900.0,17198.1,1,0,0
401595,1367,1619,2,1,717.0,21638.2,3,9,58902168
944540,3221,1313,2,4,560.0,32342.2,1,0,0
680697,2323,1315,2,1,6446.0,46805.6,5,1,70839428
226534,771,1841,2,4,3120.0,28294.2,1,0,0
3639757,3297,1550,0,0,194.1,45053.2,7,0,0
444437,1511,1733,2,4,6300.0,48628.8,1,0,0
3633424,3117,1307,0,0,83.4,20286.4,7,0,0
563993,1919,1347,2,1,342.0,86946.4,0,11,54287219
3585328,1672,1307,0,0,219.1,54621.4,7,0,0
441449,1500,1369,0,3,1000.0,1000.0,1,0,0
2732043,9037,2006,2,4,14.6,49120.8,6,0,0
250765,861,712,0,3,27040.0,58039.5,1,0,0
936227,3195,1954,0,3,4200.0,51837.0,1,0,0
900829,3069,272,2,4,14.6,41654.9,6,0,0
1143191,3909,1794,2,4,14.6,47053.7,6,0,0
124206,418,1680,0,3,20879.0,54766.5,1,0,0
1007071,3439,1454,2,4,2500.0,34090.2,1,0,0
1265876,4329,2055,0,3,1900.0,17698.4,1,0,0
31068,100,2006,2,4,14.6,27380.3,6,0,0
1022337,3489,1810,2,4,1400.0,52453.6,1,0,0
300145,1022,1113,2,4,2700.0,34301.7,1,0,0
3297134,10954,1695,2,4,14000.0,42780.1,1,0,0
413747,1406,920,2,1,458.0,21532.2,0,2,43622702
522397,1782,1976,2,4,14.6,71386.8,6,0,0
2984779,9883,2117,2,4,14000.0,19411.1,1,0,0
840856,2862,747,2,4,4800.0,38705.8,1,0,0
882679,3007,885,2,1,997.0,37931.9,0,10,61215889
1011760,3457,2037,2,4,14.6,23645.0,6,0,0
443994,1510,1443,0,3,31057.5,57299.4,1,0,0
309338,1054,407,0,3,9650.0,31309.9,1,0,0
674115,2303,1593,2,1,7892.0,51141.9,5,6,25147950
16899,57,1750,2,4,800.0,32175.6,1,0,0
79152,265,1526,2,1,2900.0,11832.1,5,3,28306174
3588563,1771,1794,0,0,109.0,24088.8,7,0,0
1071047,3659,1683,2,1,955.0,30714.7,0,10,8070820
1145128,3917,1532,2,1,2362.0,40934.5,5,2,89179288
234143,797,1945,2,4,14.6,47520.5,6,0,0
3598005,2037,1215,0,0,158.6,36787.1,7,0,0
2841181,9403,619,2,1,3358.0,20293.5,8,4,93069415
3447228,1787,423,0,0,260.9,83373.8,7,0,0
452440,1537,2159,2,4,14.6,57958.1,6,0,0
1105819,3778,1009,2,1,3035.0,73885.6,5,2,941700
529641,1805,542,2,4,1000.0,28107.0,1,0,0
3466941,3688,2129,0,0,148.6,36747.9,7,0,0
833704,2838,612,2,4,18600.0,66327.5,1,0,0
1104891,3775,1922,2,1,2448.0,16465.4,5,6,93404399
3582024,1571,1733,0,0,82.4,12492.5,7,0,0
3369418,11186,1672,2,4,14.6,61463.2,6,0,0
816724,2781,1096,2,4,2100.0,26160.0,1,0,0
3446661,1455,1611,0,0,90.6,19916.8,7,0,0
1076389,3677,2156,2,4,300.0,14859.7,1,0,0
155470,520,1154,2,4,14.6,22092.5,6,0,0
766571,2618,280,0,2,6559.0,29243.7,2,4,36180985
86642,290,1801,0,3,10751.0,94599.8,1,0,0
614701,2096,1501,0,3,15089.0,43047.8,1,0,0
749629,2555,333,2,4,14.6,50186.0,6,0,0
410782,1399,2143,0,3,8722.0,34710.2,1,0,0
898541,3063,732,2,4,810.0,25016.1,1,0,0
27428,90,1246,2,4,14.6,45170.2,6,0,0
326955,1116,1672,2,4,14.6,38726.0,6,0,0
324339,1107,832,2,4,1120.0,32876.4,1,0,0
1055460,3609,1623,2,5,3600.0,49610.3,1,0,0
655316,2241,1314,0,3,11584.0,51275.4,1,0,0
846354,2881,1383,0,3,2500.0,41719.8,1,0,0
539699,1835,860,2,1,5938.0,47231.3,5,4,45864230
684068,2335,1504,2,1,2036.0,16950.6,5,13,25760704
1263731,4321,827,2,4,20000.0,64778.0,1,0,0
1596646,5423,1770,2,1,8618.0,37081.1,0,9,82146298
676366,2310,1746,2,1,5259.0,47317.4,5,12,13273746
409888,1396,1612,0,3,41012.0,96264.7,1,0,0
922460,3144,1347,2,1,3786.0,19204.9,5,6,24305564
654221,2237,1380,2,1,1320.0,43751.2,3,12,55064397
3565394,1057,545,0,0,93.7,21458.3,7,0,0
649106,2219,416,0,3,15803.0,31856.8,1,0,0
3604095,2239,2190,0,0,262.5,61731.0,7,0,0
3528002,11135,2098,0,0,202.7,47360.5,7,0,0
1187269,4066,861,2,1,7246.0,47754.3,0,12,20153117
380204,1292,1287,2,1,1457.0,36419.5,0,11,43192416
3586752,1707,2190,0,0,102.1,23074.4,7,0,0
3209380,10650,2132,2,4,11800.0,55250.5,1,0,0
424482,1441,1764,2,4,14.6,22591.6,6,0,0
576045,1962,1958,0,2,46473.0,96197.5,1,11,59413593
3637921,3247,2098,0,0,146.4,30014.4,7,0,0
237066,810,1747,0,2,4798.0,20545.3,2,3,72355246
393800,1338,2080,2,1,157.0,58120.5,3,5,85222345
1146075,3920,2106,2,4,5100.0,52346.8,1,0,0
288766,990,1013,0,3,700.0,700.0,1,0,0
1066291,3644,193,0,2,3456.0,14834.8,1,2,81058329
829575,2824,1825,2,4,14.6,71193.5,6,0,0
3410811,11320,1063,2,4,14.6,34681.4,6,0,0
597578,2034,1802,0,3,33642.0,95223.9,1,0,0
882884,3007,392,2,4,7100.0,35085.7,1,0,0
998484,3409,1958,0,2,4896.0,24208.6,2,1,82544904
474664,1617,1133,2,4,3280.0,16874.8,1,0,0
2819084,9333,1711,0,3,18311.0,28193.7,1,0,0
1596597,5423,278,2,1,8618.0,27196.0,0,9,82146298
369186,1255,1673,2,4,3300.0,32061.9,1,0,0
617791,2107,1888,0,3,4900.0,30316.5,1,0,0
788275,2687,1474,2,1,3830.0,16969.4,5,3,74690037
407762,1388,1590,0,3,21220.0,54892.5,1,0,0
941809,3213,1271,2,4,1500.0,15843.1,1,0,0
498324,1698,1198,2,4,200.0,19827.0,1,0,0
540086,1836,1443,2,1,1685.0,29946.5,0,3,2027774
1879601,6363,698,2,4,14.6,40407.8,6,0,0
630570,2153,1562,2,1,5129.5,36570.1,8,5,28541732
98467,336,1888,2,4,14200.0,19494.9,1,0,0
938570,3202,1995,2,4,1760.0,23348.1,1,0,0
356766,1208,1863,2,4,12200.0,46561.0,1,0,0
3657534,3845,1764,0,0,147.1,21589.3,7,0,0
1132465,3869,1910,2,4,23100.0,88174.6,1,0,0
443078,1507,1107,2,4,2520.0,49466.1,1,0,0
3602345,2185,1125,0,0,98.6,18510.8,7,0,0
219975,747,2080,0,3,700.0,27392.6,1,0,0
689020,2353,1870,2,1,7732.0,50259.4,5,5,83465021
366889,1247,972,2,4,14.6,56781.1,6,0,0
85527,287,1380,2,1,772.0,15368.2,5,2,57389086
428414,1455,1276,2,4,14.6,21487.1,6,0,0
1327950,4533,2178,2,4,62500.0,70453.6,1,0,0
2434656,8027,1556,0,2,38818.0,102538.5,1,4,25369358
32400,104,1224,2,1,1464.0,23130.2,1,10,8965999
792369,2700,491,2,4,14500.0,41019.2,1,0,0
58858,196,1457,2,5,1500.0,50144.3,1,0,0
868206,2957,1461,2,4,720.0,50157.2,1,0,0
825496,2813,1437,0,3,21633.0,40995.4,1,0,0
817077,2783,1820,0,3,12720.0,55542.5,1,0,0
86960,290,1109,2,4,8700.0,44192.0,1,0,0
3561022,925,1399,0,0,172.4,40814.5,7,0,0
3559279,882,150,0,0,141.7,36137.5,7,0,0
722653,2473,2129,2,4,14.6,20891.1,6,0,0
51551,173,889,0,3,25970.0,39555.3,1,0,0
476672,1625,2019,2,1,185.0,31394.1,5,4,44850212
353400,1200,726,2,4,20400.0,47043.6,1,0,0
384430,1306,1289,2,1,942.0,27671.8,0,5,20391887
964756,3287,506,2,4,14200.0,39868.7,1,0,0
3627769,2940,849,0,0,174.8,34571.4,7,0,0
220817,750,1411,2,1,6615.0,54399.1,5,13,4588097
483780,1646,1837,2,4,2100.0,30491.9,1,0,0
406736,1384,1512,2,4,8900.0,36081.4,1,0,0
298313,1017,1447,2,4,4000.0,63674.8,1,0,0
652699,2230,1491,2,4,14.6,20244.1,6,0,0
235014,802,1348,2,1,1876.0,31182.8,5,11,13280040
21890,72,1647,0,3,43199.0,84165.9,1,0,0
100381,343,510,0,3,12100.0,16758.0,1,0,0
2979461,9869,1522,2,4,5400.0,63873.8,1,0,0
1519610,5180,2062,1,4,5708.0,74337.8,1,0,0
712028,2434,751,2,4,2040.0,13259.5,1,0,0
636644,2174,2087,0,3,5600.0,24542.2,1,0,0
572096,1947,2013,0,2,6860.0,50625.7,2,6,73615145
105490,359,1215,2,4,14.6,13978.8,6,0,0
3663015,4134,395,0,0,109.7,21778.2,7,0,0
305752,1042,1840,2,4,1500.0,38783.1,1,0,0
869929,2962,1107,2,4,8400.0,59963.0,1,0,0
1158882,3968,1365,2,4,12700.0,38362.9,1,0,0
533014,1815,1747,2,4,2300.0,31574.1,1,0,0
3653687,3735,1672,0,0,270.1,50741.5,7,0,0
186617,632,1587,2,1,199.0,15263.2,1,2,54220384
356422,1207,693,2,4,1080.0,46528.9,1,0,0
666481,2274,1625,0,3,3300.0,26866.9,1,0,0
955808,3258,553,2,1,213.0,38054.8,0,4,98635321
168473,563,1441,2,1,6245.0,39689.5,5,9,96173613
229150,779,1646,0,3,15684.0,51180.2,1,0,0
963209,3283,743,0,3,18467.0,31544.8,1,0,0
1934,8,1801,2,1,2612.0,65038.6,5,11,12510681
525693,1793,1154,2,4,14.6,31755.8,6,0,0
254443,873,2167,2,1,2211.0,12388.7,3,13,91838556
1048136,3584,1858,2,4,1800.0,20357.8,1,0,0
3619558,2694,515,0,0,154.7,37687.0,7,0,0
727179,2487,1891,2,1,1828.0,25093.2,5,4,18209791
171307,574,1080,2,4,17500.0,48017.2,1,0,0
955610,3258,1492,0,3,6666.0,61480.0,1,0,0
550104,1874,556,0,2,3151.0,20838.7,1,13,74529486
703786,2411,1377,2,4,18400.0,56707.0,1,0,0
304876,1039,981,2,5,2400.0,73514.1,1,0,0
1004428,3427,2170,2,4,13500.0,64417.4,1,0,0
157368,526,1747,2,4,720.0,43110.0,1,0,0
1155413,3953,1884,2,4,14.6,48373.4,6,0,0
68604,228,1102,2,4,8960.0,23579.2,1,0,0
782067,2666,2080,0,2,2901.0,16142.7,1,5,69472062
919971,3135,983,2,1,6814.0,54158.0,5,2,78418945
1088341,3718,1463,2,4,840.0,24817.0,1,0,0
380248,1292,793,2,1,221.0,32008.8,3,6,75588404
3656841,3824,1733,0,0,86.3,22524.1,7,0,0
712678,2435,1185,2,4,14.6,50610.4,6,0,0
217238,738,1125,2,4,14.6,44257.6,6,0,0
3649675,3618,1915,0,0,280.9,72956.3,7,0,0
197562,669,2159,2,4,14.6,19030.9,6,0,0
964487,3287,1260,0,3,32904.0,57685.3,1,0,0
714964,2446,1260,2,1,6372.0,42071.6,5,6,93986022
470292,1602,917,0,2,4944.0,16231.4,2,10,37120229
409165,1393,1954,2,4,1560.0,37234.7,1,0,0
6780,26,788,2,4,14.6,34178.7,6,0,0
3537992,225,1672,0,0,166.3,43890.7,7,0,0
186984,633,1789,2,4,1000.0,18948.0,1,0,0
231273,787,2046,2,1,122.0,26653.4,0,8,81038975
29161,96,1622,0,2,66332.0,149658.8,1,4,68241083
451595,1535,2045,2,1,2757.0,57325.8,5,11,60955130
857174,2922,968,1,4,17002.0,22323.0,1,0,0
609137,2073,2042,0,3,17275.0,52985.5,1,0,0
1563207,5313,1519,2,4,14.6,97361.6,6,0,0
1158965,3969,557,0,3,17516.0,54712.8,1,0,0
3603699,2227,1125,0,0,132.7,21904.4,7,0,0
199766,678,1167,2,1,1967.0,17451.3,3,2,77998667
3440033,994,1399,0,0,130.2,30685.8,7,0,0
781223,2664,1769,2,1,3453.0,56827.7,5,11,60040694
101685,346,70,2,4,7900.0,34032.0,1,0,0
486375,1658,1894,2,1,1950.0,20538.4,1,11,35897404
363138,1235,831,0,2,4339.0,17531.6,2,13,63160800
3576623,1407,1976,0,0,311.6,84999.0,7,0,0
255334,877,2075,2,1,1513.0,51659.2,0,2,26341355
84140,280,1222,2,4,3700.0,28187.7,1,0,0
3620625,2729,1672,0,0,234.5,58414.7,7,0,0
664840,2269,2077,2,4,5100.0,18693.3,1,0,0
1267840,4337,469,0,3,45181.0,107792.2,1,0,0
3551273,629,2190,0,0,110.2,27162.8,7,0,0
10318,35,585,2,1,1362.0,26523.2,0,7,99848401
27392,90,1651,2,4,3960.0,31097.8,1,0,0
3551348,631,1460,0,0,74.3,17513.8,7,0,0
237588,812,2037,2,4,14.6,28944.4,6,0,0
2592475,8564,1063,2,4,14.6,60023.9,6,0,0
518605,1771,1733,2,4,900.0,28229.0,1,0,0
263702,901,1665,2,4,4400.0,28577.2,1,0,0
1584671,5387,1447,2,4,8600.0,31923.5,1,0,0
116032,391,524,2,4,800.0,27984.7,1,0,0
1988951,6738,1915,2,4,14.6,26223.5,6,0,0
989345,3372,910,2,4,14.6,38017.6,6,0,0
504591,1722,1855,2,4,9900.0,27794.1,1,0,0
1599388,5429,1251,2,4,24800.0,-2239.5,1,0,0
171084,574,587,1,4,24361.0,57273.9,1,0,0
3666891,4774,1915,0,0,162.9,38184.3,7,0,0
3253660,10807,1917,2,4,23100.0,46908.2,1,0,0
3651854,3682,788,0,0,106.9,30704.3,7,0,0
884633,3014,2001,2,4,9000.0,65823.0,1,0,0
677163,2313,454,2,4,30.0,25336.4,6,0,0
93181,317,218,2,4,3300.0,24047.1,1,0,0
691074,2361,1829,2,4,840.0,15007.8,1,0,0
192978,655,1800,0,3,35438.0,98506.4,1,0,0
1114316,3806,1712,0,3,22568.0,45352.9,1,0,0
17106,58,1948,2,4,2200.0,4586.6,5,0,0
576705,1964,1407,2,4,2600.0,16276.6,1,0,0
1268046,4337,1910,1,4,3423.0,63785.5,1,0,0
975898,3325,2127,0,3,1300.0,22683.2,1,0,0
48152,161,2161,2,4,1050.0,18331.2,1,0,0
2112,8,1443,2,4,11900.0,45520.8,1,0,0
92043,312,1564,2,1,7814.0,21769.0,5,12,31189668
3605044,2266,1884,0,0,192.7,47134.0,7,0,0
823514,2805,1986,2,1,2017.0,16007.3,5,5,21232450
275981,944,246,2,4,15800.0,41510.1,1,0,0
3135067,10404,2059,2,4,16500.0,34527.9,1,0,0
956614,3260,888,0,3,27619.0,120143.7,1,0,0
1111446,3795,1884,2,4,14.6,55500.7,6,0,0
597293,2032,1945,2,4,14.6,9491.5,6,0,0
539711,1835,1226,2,1,5938.0,50936.7,5,4,45864230
3616743,2609,1307,0,0,145.4,26639.2,7,0,0
22398,73,1289,2,5,2200.0,51153.2,1,0,0
923724,3147,1124,2,4,1700.0,29502.4,1,0,0
457331,1554,1683,2,1,6551.0,32949.2,5,8,93773585
169753,569,1443,0,2,3111.0,25518.9,1,7,63765591
435712,1480,1639,2,4,4700.0,31149.9,1,0,0
326166,1114,607,2,4,30.0,24846.5,6,0,0
1450589,4937,2150,2,4,32800.0,62929.4,1,0,0
1814721,6148,1650,2,4,1800.0,63555.8,1,0,0
3546739,485,1733,0,0,155.2,72219.0,7,0,0
2868703,9493,2110,2,1,3930.8,65983.8,8,1,57428258
1988820,6738,2167,1,4,9738.0,46705.2,1,0,0
444388,1511,1441,2,4,5100.0,89252.0,1,0,0
589309,2006,2169,2,1,2764.0,20611.3,5,12,41503340
2834097,9377,1673,2,4,34200.0,92875.8,1,0,0
805886,2747,770,0,3,5740.0,32331.1,1,0,0
472727,1609,1557,2,1,2017.0,12917.0,1,6,83359962
489213,1669,2167,2,4,4500.0,16599.6,1,0,0
32003,103,1578,0,3,19823.0,79733.5,1,0,0
390943,1330,1714,0,3,8745.0,100812.5,1,0,0
923282,3146,1258,2,4,700.0,25917.4,1,0,0
1026957,3507,1877,0,3,42981.0,110771.9,1,0,0
329555,1123,1324,2,4,10000.0,30206.4,1,0,0
606333,2063,877,2,4,4900.0,24719.9,1,0,0
3253594,10807,1497,2,4,3600.0,54119.7,1,0,0
224168,763,1112,2,4,1080.0,24275.9,1,0,0
1440973,4907,1007,2,1,1253.0,24070.9,0,1,5604631
1157788,3963,1880,2,4,13100.0,36240.6,1,0,0
1034630,3537,2174,2,4,7300.0,16437.5,1,0,0
840601,2862,767,0,3,24047.0,55410.7,1,0,0
1034208,3536,1198,2,1,2589.0,28080.4,5,1,57065409
29177,96,2109,0,2,44221.0,108195.5,1,4,68241083
1214991,4159,1717,0,3,400.0,73333.4,1,0,0
30922,100,1998,2,4,35040.0,30534.7,1,0,0
3497223,8159,1519,0,0,161.4,33474.2,7,0,0
3661975,3991,1641,0,0,120.5,18125.2,7,0,0
2475928,8169,2167,2,1,2148.0,17832.2,5,12,75957637
490358,1673,545,2,4,14.6,17800.5,6,0,0
934036,3186,1239,2,4,4500.0,32842.0,1,0,0
374789,1276,1684,2,1,508.0,35029.4,0,13,87970047
2521835,8321,588,2,1,7041.0,19206.4,5,12,27547550
158360,530,1836,2,5,3600.0,39359.4,1,0,0
574017,1953,2129,2,4,30.0,85313.5,6,0,0
938355,3201,1884,2,4,14.6,27454.5,6,0,0
989545,3373,1474,2,1,5776.0,6935.6,5,13,67776107
2780826,9203,537,2,4,9800.0,35064.9,1,0,0
3589193,1786,788,0,0,95.2,25767.7,7,0,0
3670911,5442,1945,0,0,166.6,22919.5,7,0,0
3584482,1644,211,0,0,127.8,32670.3,7,0,0
736828,2517,2046,0,2,31129.0,62047.4,1,7,87821244
1137418,3886,1254,2,4,60700.0,52733.1,1,0,0
810190,2762,1401,0,3,27762.0,58735.5,1,0,0
560236,1906,1624,2,1,158.0,42103.0,0,13,40499287
3565528,1061,2098,0,0,55.2,14081.6,7,0,0
834960,2841,1274,2,4,2880.0,15553.1,1,0,0
3467610,3886,1215,0,0,342.2,76985.2,7,0,0
226535,771,1275,2,4,1680.0,34382.7,1,0,0
494999,1688,1742,0,2,5439.0,25919.2,2,9,99495708
566791,1930,1437,2,1,3223.0,17722.8,5,10,47185248
121341,407,1833,2,4,5700.0,37055.5,1,0,0
669700,2285,2024,0,3,1200.0,28784.3,1,0,0
3635106,3164,1338,0,0,59.1,15242.8,7,0,0
122522,411,1641,2,4,14.6,32789.1,6,0,0
3599959,2106,1460,0,0,65.5,13683.6,7,0,0
3582227,1578,1580,0,0,147.0,36076.2,7,0,0
796931,2714,574,2,4,500.0,24534.4,1,0,0
3043700,10093,918,0,2,40377.0,59900.7,1,10,78757834
1063175,3631,1133,2,1,3407.0,25401.8,5,9,14763951
80172,268,1784,2,4,35700.0,52086.1,1,0,0
515680,1762,1604,2,4,3400.0,24732.1,1,0,0
935242,3192,2164,2,1,1272.0,48526.0,5,4,66663372
3660527,3939,2006,0,0,131.2,30630.7,7,0,0
613284,2089,1739,0,3,35139.0,88557.7,1,0,0
697298,2384,1812,2,4,5100.0,60223.2,1,0,0
314915,1075,1989,2,1,3868.0,30037.7,5,12,87197690
2108225,7136,1134,2,1,547.0,24758.6,3,1,13272279
980236,3344,1985,2,4,2700.0,38929.2,1,0,0
3656888,3826,1764,0,0,160.7,38711.6,7,0,0
499363,1701,609,1,4,18120.0,80983.8,1,0,0
3509636,9242,2037,0,0,71.2,25913.1,7,0,0
612601,2087,1113,2,4,4500.0,42448.3,1,0,0
3431281,11382,2071,2,4,12900.0,23954.2,1,0,0
1041179,3559,1794,2,4,14.6,51292.3,6,0,0
372363,1268,1185,2,4,14.6,16107.4,6,0,0
3629230,2982,1491,0,0,233.1,27191.8,7,0,0
3583887,1628,1215,0,0,72.5,18186.6,7,0,0
1743773,5912,1843,0,3,9600.0,29369.4,1,0,0
714993,2446,2143,2,1,6372.0,52150.1,5,6,93986022
802653,2736,799,2,1,4604.0,22128.7,5,10,28956604
593486,2020,2006,2,4,14.6,12765.7,6,0,0
3553558,700,1338,0,0,60.1,15038.0,7,0,0
590726,2010,729,2,4,14.6,30783.8,6,0,0
3441909,1327,910,0,0,96.7,23183.4,7,0,0
3511646,9484,2190,0,0,29.6,11370.6,7,0,0
506265,1728,1893,2,4,4000.0,15981.9,1,0,0
3458348,10788,849,0,0,178.1,35470.9,7,0,0
29477,96,283,2,1,644.0,88949.5,0,3,66311460
215687,732,1976,2,4,14.6,13686.7,6,0,0
3458219,10694,1945,0,0,3.4,2454.9,7,0,0
838639,2855,2104,2,1,1589.0,44185.4,5,10,19678038
3677237,6609,1641,2,4,2.3,-1448.7,4,0,0
24174,80,1227,2,1,2252.0,15745.2,1,5,85687774
1531556,5215,1733,2,4,14.6,67281.0,6,0,0
754903,2576,2117,0,3,9564.0,46432.5,1,0,0
773300,2639,355,2,4,17100.0,46701.1,1,0,0
349110,1184,941,2,4,14.6,51604.1,6,0,0
760206,2593,1693,2,4,840.0,29176.2,1,0,0
1127405,3850,1030,2,4,12900.0,44629.7,1,0,0
690089,2357,1307,2,4,14.6,18332.6,6,0,0
752545,2568,1465,2,1,5228.0,30803.6,5,6,34637659
1908160,6463,1853,0,3,3300.0,38083.4,1,0,0
3669479,5215,303,0,0,141.5,35456.0,7,0,0
838702,2855,1641,2,4,14.6,30064.2,6,0,0
1176801,4035,1252,0,2,44820.0,79862.1,1,13,86406272
450077,1530,1536,2,4,1900.0,16188.1,1,0,0
14017,47,1897,2,1,6940.0,55139.0,5,6,76620852
850529,2896,1884,2,4,14.6,23892.4,6,0,0
1292942,4418,1284,0,3,13635.0,27520.3,1,0,0
498309,1698,1733,2,4,14.6,41497.6,6,0,0
909219,3096,1079,2,4,17400.0,33786.7,1,0,0
967609,3297,1094,2,4,14.6,36272.9,6,0,0
1973546,6686,1530,1,4,9655.0,43983.8,1,0,0
792970,2702,1254,0,3,36664.5,83952.2,1,0,0
2857675,9455,1852,2,4,4000.0,53515.7,1,0,0
1064214,3636,1045,2,1,4744.0,42919.7,3,3,19441080
11961,40,369,0,3,6502.0,29745.3,1,0,0
1142797,3909,1167,0,3,24400.0,56807.1,1,0,0
2862610,9472,1596,2,4,16200.0,53434.2,1,0,0
470133,1601,364,2,4,14.6,20196.2,6,0,0
361065,1226,1672,2,4,14.6,22900.6,6,0,0
12274,40,972,2,4,14.6,26656.9,6,0,0
10784,36,388,2,4,1200.0,44048.3,1,0,0
3531042,23,698,0,0,180.6,41039.2,7,0,0
598299,2037,1378,0,3,16576.0,46461.5,1,0,0
507558,1733,1834,2,4,3900.0,44982.1,1,0,0
98912,338,1848,2,4,420.0,17307.9,1,0,0
393834,1338,890,1,4,7363.0,44248.8,1,0,0
3638085,3252,1519,0,0,73.4,17603.5,7,0,0
1838323,6226,1222,0,2,39862.0,57591.6,1,11,68360191
145632,487,1212,1,4,3385.0,49706.3,1,0,0
1123894,3838,1123,2,4,1900.0,27102.0,1,0,0
1657653,5622,217,2,4,45600.0,60947.3,1,0,0
495851,1690,1838,2,4,1360.0,14116.3,1,0,0
777564,2651,772,0,2,35929.0,65214.5,1,3,13750350
1365430,4659,639,0,3,31146.0,54821.3,1,0,0
3147348,10445,1470,2,4,960.0,65488.8,1,0,0
178001,601,1460,2,4,14.6,17413.2,6,0,0
1106631,3780,1555,0,2,6272.0,19927.1,2,5,47954368
3533211,80,1307,0,0,65.7,16316.2,7,0,0
557553,1897,2095,0,3,25884.0,82334.1,1,0,0
217038,738,1708,2,1,82.0,87517.9,0,8,91551339
999461,3413,465,0,3,7481.0,33469.3,1,0,0
93964,319,1192,2,4,10800.0,30342.2,1,0,0
3450811,4596,1915,0,0,167.9,64165.1,7,0,0
382730,1299,771,2,4,2300.0,21390.5,1,0,0
794164,2705,849,2,4,100.0,27385.6,6,0,0
644290,2199,1655,2,4,4600.0,14021.3,1,0,0
314012,1071,1059,2,4,13300.0,41981.6,1,0,0
943329,3218,2108,2,1,1449.0,18066.7,5,1,79115420
217080,738,794,2,1,3671.0,67128.4,3,13,99652116
562407,1913,1802,2,1,2613.0,41943.9,5,4,53294521
3639462,3288,1733,0,0,84.7,15818.6,7,0,0
426944,1450,1594,2,4,3120.0,35918.7,1,0,0
135692,455,1125,2,4,14.6,29190.9,6,0,0
3649113,3603,1915,0,0,197.8,45809.0,7,0,0
275423,943,1345,2,1,2144.0,18978.0,1,1,8294791
989786,3374,2100,0,3,11280.0,23180.3,1,0,0
525204,1792,1288,2,1,1712.0,19539.0,5,5,49249744
943684,3219,1837,2,1,8811.0,29434.9,5,2,53001368
148501,496,347,2,1,3602.0,21493.8,5,5,60471528
900480,3068,1703,2,4,14.6,18812.4,6,0,0
69548,232,1838,0,3,22343.0,51068.6,1,0,0
2393057,7894,1590,0,3,29694.0,58656.3,1,0,0
204519,694,2016,2,1,3096.0,27488.3,5,9,91037123
564001,1919,1589,2,1,342.0,97510.3,0,11,54287219
3541311,327,760,0,0,133.2,26802.1,7,0,0
693758,2372,2049,2,1,1946.0,11372.4,0,7,79875886
3671574,5572,2068,0,0,165.1,54270.7,7,0,0
1524723,5196,1730,2,4,16700.0,42530.6,1,0,0
3443439,1694,2129,0,0,181.1,34605.9,7,0,0
288301,988,929,2,4,5000.0,28451.8,1,0,0
3468943,4173,1002,0,0,69.7,17348.5,7,0,0
3458402,10857,1611,0,0,161.8,38493.5,7,0,0
929401,3167,742,2,4,2200.0,52359.3,1,0,0
580606,1975,1844,2,4,6500.0,26371.6,1,0,0
1047471,3582,1619,2,1,1961.0,17676.4,5,7,35781991
970182,3306,972,2,4,14.6,30742.5,6,0,0
287948,987,1842,2,4,600.0,43208.6,1,0,0
3409820,11317,2159,2,4,14.6,76720.2,6,0,0
1399851,4768,1833,2,4,20000.0,41941.0,1,0,0
2538345,8377,1924,2,1,1172.0,30776.8,5,9,50940710
822053,2799,1460,2,4,30.0,1203.9,6,0,0
3625312,2867,1672,0,0,289.3,71433.1,7,0,0
482288,1642,1468,2,4,1200.0,19188.1,1,0,0
869477,2961,1408,0,2,5012.0,20448.0,2,5,11814129
1107854,3784,1717,2,1,3360.0,21910.5,0,4,35721373
3626798,2912,698,0,0,88.4,55832.4,7,0,0
3353141,11135,910,2,4,14.6,44901.9,6,0,0
286134,982,1862,0,3,4550.0,22741.4,1,0,0
473209,1610,1786,2,4,4100.0,99253.4,1,0,0
9126,32,1764,2,4,14.6,55387.2,6,0,0
467018,1590,1527,0,3,11520.0,47006.7,1,0,0
3594959,1948,1733,0,0,215.1,35236.3,7,0,0
546733,1861,858,2,1,1519.0,58486.6,0,1,86292242
803567,2738,1515,0,3,800.0,17141.4,1,0,0
3642011,3371,484,0,0,113.8,33162.2,7,0,0
192976,655,1739,0,3,23625.0,76827.7,1,0,0
3044019,10093,906,2,4,23700.0,28488.6,1,0,0
686760,2345,1562,2,1,3328.2,18129.8,8,9,31917315
425559,1445,1852,2,4,5040.0,20500.5,1,0,0
331124,1128,1009,0,2,6189.0,41051.2,2,9,96233039
1244070,4255,1061,2,4,17100.0,46806.1,1,0,0
737448,2519,1469,2,4,640.0,30834.2,1,0,0
1203932,4119,440,0,3,100.0,21459.9,1,0,0
2910671,9640,2047,2,1,4087.0,54226.6,0,4,37369465
839700,2859,806,1,4,2375.0,26788.2,1,0,0
1138501,3891,1915,2,4,720.0,56780.4,1,0,0
842660,2867,1417,2,4,11200.0,69780.3,1,0,0
1500984,5118,1316,2,1,3095.0,38041.2,5,4,99441033
711609,2433,2015,2,1,1757.0,37551.4,5,4,28003591
423054,1437,1590,2,1,1753.0,16661.0,5,10,58229595
297950,1016,2129,2,4,14.6,106792.2,6,0,0
466275,1587,2099,2,4,9000.0,23688.0,1,0,0
855642,2915,1611,2,4,14.6,89767.2,6,0,0
2423598,7990,1557,2,4,3000.0,105298.2,1,0,0
258928,886,1611,2,4,14.6,69580.4,6,0,0
775456,2645,1275,2,4,23900.0,26034.4,1,0,0
1113775,3804,698,2,4,14.6,20896.7,6,0,0
1879699,6363,1712,2,4,200.0,60519.0,1,0,0
49969,167,1211,0,3,4600.0,18000.0,1,0,0
437594,1486,1505,2,1,2235.0,49318.1,3,7,12761944
121438,408,490,0,3,13304.0,42539.8,1,0,0
3587656,1741,1580,0,0,108.9,26944.0,7,0,0
1010889,3454,2129,2,4,14.6,15371.4,6,0,0
800144,2729,2112,0,3,13100.0,79937.1,1,0,0
391507,1332,378,0,3,22335.0,55718.5,1,0,0
1146149,3920,2129,2,4,14.6,34157.7,6,0,0
309639,1054,649,2,4,6700.0,28360.4,1,0,0
377448,1285,1480,2,4,1300.0,20607.7,1,0,0
1025938,3503,1114,2,4,2760.0,35078.4,1,0,0
862369,2936,1781,0,3,9900.0,27082.4,1,0,0
1243399,4253,2010,2,4,32800.0,57100.1,1,0,0
1047272,3581,2044,2,1,3663.0,8225.0,5,3,78509592
656931,2245,2098,0,3,10407.0,104446.2,1,0,0
1271947,4350,2013,0,3,17565.0,86139.7,1,0,0
713082,2436,954,2,4,9100.0,41424.1,1,0,0
32571,104,1976,2,4,14.6,28677.7,6,0,0
262103,897,740,2,4,4800.0,39663.4,1,0,0
1106525,3779,1098,2,4,5100.0,39599.0,1,0,0
3299514,10963,1447,2,4,3100.0,41878.1,1,0,0
16945,57,1884,2,4,14.6,40810.8,6,0,0
3556393,792,2098,0,0,102.7,23122.5,7,0,0
1104785,3775,892,0,2,6136.0,22307.2,2,3,80783790
912787,3112,1745,2,1,2567.3,100955.7,8,5,66820907
681329,2326,1647,2,1,3422.0,23800.8,5,1,48282474
3640849,3337,1611,0,0,186.7,57801.2,7,0,0
1273108,4354,1632,2,4,7000.0,85278.5,1,0,0
3656889,3826,1794,0,0,167.6,42124.6,7,0,0
490147,1673,886,0,2,4408.0,15643.8,2,10,695646
782368,2666,1416,2,4,1200.0,13659.1,1,0,0
3553508,698,1491,0,0,159.8,37140.4,7,0,0
455141,1545,1399,2,4,14.6,46431.6,6,0,0
165984,555,584,2,1,479.0,60153.2,0,13,19875437
235982,806,1799,0,2,3447.0,24101.4,1,6,5830103
265881,908,1831,2,4,1200.0,74447.5,1,0,0
583958,1987,1703,2,4,14.6,20938.3,6,0,0
953049,3249,1856,2,4,14.6,33193.1,6,0,0
1058631,3618,1171,2,4,5600.0,35054.2,1,0,0
244147,837,1670,2,4,8800.0,35100.4,1,0,0
1116148,3812,1717,2,1,2125.0,32557.2,5,4,23986679
74133,245,1216,0,3,35495.0,58314.3,1,0,0
779195,2656,1713,2,1,409.0,25929.4,5,8,41066408
1065251,3640,710,0,2,6454.0,31568.4,2,13,55372971
897255,3056,1276,2,4,14.6,22699.0,6,0,0
1026243,3504,2009,2,4,1400.0,16966.5,1,0,0
177931,601,919,2,4,300.0,23333.6,1,0,0
3608658,2378,2037,0,0,165.2,33480.4,7,0,0
2583213,8533,2116,1,4,5636.0,52803.0,1,0,0
527769,1801,765,2,1,956.0,27356.5,3,1,73968469
1036886,3547,1529,0,2,4026.0,18889.2,2,9,47276687
227624,773,319,2,4,12900.0,36050.0,1,0,0
393681,1338,646,2,1,897.0,26551.3,0,8,42143994
3644382,3457,1550,0,0,62.2,14941.1,7,0,0
1777714,6030,235,0,3,400.0,400.0,1,0,0
734639,2510,495,2,4,2500.0,29065.6,1,0,0
244787,840,2111,2,1,4606.0,24879.1,5,7,8011526
362225,1231,1905,2,4,4560.0,26978.4,1,0,0
3590518,1822,1945,0,0,163.4,40019.9,7,0,0
737548,2519,1915,2,4,14.6,43537.1,6,0,0
2979472,9869,1852,2,4,8900.0,74225.3,1,0,0
141924,474,1549,2,4,1000.0,23648.8,1,0,0
2108349,7136,1764,2,4,30.0,38603.6,6,0,0
616883,2103,2013,2,1,2211.0,10768.6,0,3,60364776
2279934,7523,2129,2,4,14.6,8587.7,6,0,0
3327635,11054,1641,2,4,30.0,30537.4,6,0,0
3548453,538,819,0,0,65.4,16202.4,7,0,0
858614,2926,404,2,1,868.0,30420.4,3,4,88491463
461242,1568,1139,2,1,4399.0,43392.3,5,12,7532716
1305021,4456,1521,2,4,33000.0,70909.5,1,0,0
984896,3359,1983,2,1,2038.0,24356.7,5,7,58614808
328762,1121,1313,0,3,17878.0,58479.0,1,0,0
1615026,5483,1611,2,4,14.6,69842.9,6,0,0
1143129,3909,1961,2,4,4100.0,65553.1,1,0,0
947944,3230,2059,2,4,22300.0,39851.8,1,0,0
1291431,4414,1315,2,1,3716.0,33931.2,5,10,75805902
330194,1125,1884,2,4,30.0,13418.6,6,0,0
829760,2825,1437,2,1,5284.0,41750.4,5,8,31306642
2370234,7815,880,2,4,30.0,43136.8,6,0,0
268318,918,1945,2,4,14.6,21027.8,6,0,0
1195361,4093,2142,0,3,700.0,23095.8,1,0,0
3573934,1317,1185,0,0,125.4,31247.1,7,0,0
3551350,631,1519,0,0,83.4,23098.8,7,0,0
33830,108,1580,2,4,14.6,55007.1,6,0,0
129689,435,1843,2,4,640.0,30454.8,1,0,0
582324,1981,887,0,2,3277.0,25390.4,1,1,17274576
185106,627,1415,2,4,11100.0,59821.1,1,0,0
771140,2632,982,2,1,2042.0,41654.2,5,3,40250009
89298,300,833,2,4,4400.0,24201.4,1,0,0
742764,2536,2167,0,2,6234.0,32331.1,2,12,83186918
107336,365,490,0,2,17660.0,60311.1,1,4,49404096
3466135,3517,1519,0,0,116.3,29989.3,7,0,0
674724,2305,788,2,4,14.6,20638.2,6,0,0
145060,485,150,2,4,100.0,40980.2,6,0,0
122536,411,2068,2,4,14.6,60136.9,6,0,0
1072551,3665,2046,2,1,2465.0,29544.9,0,9,84521090
71117,237,740,2,4,360.0,18600.8,1,0,0
1093468,3738,2159,2,4,14.6,42338.3,6,0,0
196028,664,1977,2,4,2700.0,17629.1,1,0,0
1219353,4173,2081,0,3,3200.0,24343.9,1,0,0
918059,3129,1268,2,4,1100.0,24450.3,1,0,0
3601114,2146,180,0,0,74.8,30013.8,7,0,0
670375,2288,1246,2,4,14.6,51666.2,6,0,0
352313,1197,770,2,1,2582.0,23593.8,5,10,79359864
3613159,2507,1611,0,0,102.3,19887.2,7,0,0
871187,2968,1227,0,2,35548.0,75133.0,1,13,40064066
3503583,8772,1368,0,0,62.6,26735.3,7,0,0
4923,20,2020,0,2,3005.0,16565.0,1,3,10051638
352733,1198,2068,2,4,14.6,35299.3,6,0,0
255238,877,1343,0,3,5443.0,31688.2,1,0,0
427118,1451,462,2,1,3734.0,21600.0,5,11,44489443
1071597,3661,1161,0,2,4966.0,10732.0,2,9,37396419
707424,2423,1042,2,1,1317.0,11914.3,0,1,66884094
1142875,3909,1347,2,1,8279.0,28312.3,5,13,4480547
39600,128,1537,0,3,600.0,48602.7,1,0,0
2912972,9646,1879,2,4,7200.0,32448.0,1,0,0
762702,2604,1851,2,4,480.0,23127.7,1,0,0
3677728,6701,242,0,0,112.8,68857.8,7,0,0
3465427,3308,2159,0,0,57.2,28445.7,7,0,0
1910541,6472,1851,2,4,18300.0,25959.0,1,0,0
23151,76,1374,2,1,5208.0,38905.4,5,7,98325132
773829,2641,1848,2,5,2500.0,74535.6,1,0,0
848403,2889,2132,2,4,8400.0,38690.3,1,0,0
710480,2429,1356,2,4,9300.0,53846.2,1,0,0
939986,3208,1720,0,3,21464.0,34164.0,1,0,0
653676,2235,1733,2,4,14.6,20712.8,6,0,0
2847268,9422,2172,2,4,13800.0,27610.6,1,0,0
3588264,1763,1338,0,0,268.5,64435.3,7,0,0
696313,2380,1808,2,1,4206.0,42570.3,5,9,25673014
711417,2432,1733,2,4,14.6,31327.2,6,0,0
1764137,5984,1138,0,3,15719.0,42018.1,1,0,0
3639124,3280,1399,0,0,137.4,27738.1,7,0,0
831441,2830,1672,2,4,14.6,23123.6,6,0,0
3470836,4484,1002,0,0,119.9,31637.4,7,0,0
88169,296,2182,2,4,420.0,13990.8,1,0,0
1013741,3466,1193,0,3,24051.0,58096.6,1,0,0
59009,197,1951,0,3,21718.0,64122.2,1,0,0
2242722,7401,345,0,2,30354.0,52009.6,1,10,66487163
2868740,9493,1774,2,1,6803.0,64439.5,5,12,47398895
1120101,3826,973,2,4,4700.0,30956.7,1,0,0
709148,2427,524,0,3,33592.0,68426.6,1,0,0
77464,257,1278,2,4,300.0,18395.4,1,0,0
710319,2429,1101,2,4,2040.0,59035.9,1,0,0
3499947,8411,1002,0,0,113.9,29659.6,7,0,0
3569165,1166,1794,0,0,157.5,33320.8,7,0,0
970580,3307,1002,2,4,14.6,38621.1,6,0,0
333205,1133,1641,2,4,14.6,17489.7,6,0,0
164792,551,396,0,3,3700.0,20467.0,1,0,0
3512826,9591,1002,0,0,36.8,9060.0,7,0,0
671850,2294,1465,0,3,13831.0,47448.2,1,0,0
46717,155,1915,2,4,14.6,32289.6,6,0,0
3454661,7449,1641,0,0,99.1,11454.2,7,0,0
29154,96,1410,0,2,44221.0,121145.1,1,4,68241083
519625,1774,1861,2,1,2170.0,12029.5,1,1,60821378
3525601,10906,1063,0,0,215.2,61513.5,7,0,0
1765877,5991,771,0,3,16248.0,29263.8,1,0,0
1563130,5313,266,2,4,6900.0,76065.2,1,0,0
1128288,3855,1739,0,3,21927.0,56991.1,1,0,0
787889,2685,1557,2,4,2400.0,20212.6,1,0,0
1190784,4078,952,0,3,23736.0,74308.2,1,0,0
306202,1044,1529,2,1,188.0,52479.6,0,4,18615305
546937,1861,1382,2,4,9400.0,47346.8,1,0,0
786243,2679,1897,0,2,6654.0,18386.6,2,7,35284531
192971,655,1586,0,3,23625.0,74138.8,1,0,0
284074,976,1647,0,3,20949.0,52636.7,1,0,0
2259160,7454,729,2,4,14.6,15012.3,6,0,0
421391,1429,946,2,1,2166.0,21595.5,5,3,8150911
3578144,1450,1976,0,0,187.0,41986.8,7,0,0
3573740,1311,2159,0,0,67.9,15276.9,7,0,0
985415,3361,1002,2,4,14.6,32867.0,6,0,0
3629120,2978,1856,0,0,68.6,14466.0,7,0,0
836247,2847,854,0,3,7778.0,33787.5,1,0,0
511330,1750,1987,0,3,37294.0,123146.1,1,0,0
664503,2269,588,2,1,4581.0,25402.7,5,10,9433424
1104528,3774,1407,0,3,12940.0,45918.7,1,0,0
2729708,9030,1505,2,1,831.0,42554.7,0,13,49006336
729822,2494,1317,2,4,28000.0,46606.7,1,0,0
179789,609,1132,2,1,1171.0,16275.2,1,5,28244787
334999,1139,1671,0,3,38515.0,95172.2,1,0,0
44183,148,1197,2,1,487.0,10259.0,1,6,29826498
63421,210,2170,2,1,7534.0,9853.8,5,5,24753552
822785,2802,1733,2,4,14.6,20685.2,6,0,0
467746,1592,742,0,2,4604.0,23420.0,2,2,64907359
14950,50,1411,0,3,16130.0,39298.2,1,0,0
705515,2417,1891,0,3,4744.0,24069.2,1,0,0
236226,807,2106,2,1,12579.0,32130.3,5,5,21882123
215688,732,2006,2,4,14.6,19438.6,6,0,0
921467,3141,1922,0,2,10870.0,62130.8,1,3,70251357
962476,3279,1215,2,4,30.0,70764.7,6,0,0
29941,97,1651,2,1,1436.0,34960.9,5,10,69820374
1365501,4659,1284,1,4,17963.0,21214.3,1,0,0
473127,1610,1429,2,4,14.6,83302.9,6,0,0
32072,103,1953,1,4,23980.0,69094.2,1,0,0
1090941,3729,1438,2,1,2941.0,16489.7,5,8,52811223
3607060,2331,1307,0,0,55.9,13757.3,7,0,0
313011,1068,1672,2,4,14.6,31435.9,6,0,0
267724,916,2105,0,3,15657.0,33152.7,1,0,0
370683,1261,1593,2,1,9222.0,56060.2,5,2,48037660
283915,975,1983,0,2,5325.0,20404.0,2,1,73287576
3524498,10788,1856,0,0,126.6,32828.1,7,0,0
1240820,4245,1498,0,3,15237.0,69716.1,1,0,0
2465945,8132,1550,2,4,30.0,60092.9,6,0,0
2373242,7824,972,2,4,14.6,8870.5,6,0,0
89263,300,1580,2,4,14.6,41496.8,6,0,0
944031,3220,399,2,4,1680.0,35586.6,1,0,0
167506,560,1105,2,4,800.0,42551.7,1,0,0
3512347,9548,1399,0,0,224.0,41529.1,7,0,0
728063,2489,755,2,4,1760.0,17398.6,1,0,0
225315,767,1284,2,1,22.0,40554.2,0,6,32800996
576037,1962,1716,0,2,46473.0,65432.8,1,11,59413593
394630,1341,1611,2,4,14.6,17263.4,6,0,0
23260,76,2011,2,4,3000.0,25241.4,1,0,0
1110147,3790,2165,2,4,8400.0,9365.8,1,0,0
2378586,7844,2011,0,2,31937.0,45252.4,1,10,14847791
889070,3032,515,2,4,14.6,28138.8,6,0,0
3655107,3774,1825,0,0,151.1,33532.9,7,0,0
804304,2740,1632,2,4,23000.0,19541.2,1,0,0
3620036,2707,1154,0,0,120.3,24260.8,7,0,0
1162998,3981,1802,2,1,545.0,20376.8,1,7,9709912
1190786,4078,1013,0,3,23736.0,78392.6,1,0,0
1150197,3935,1861,2,1,2648.0,20881.1,5,7,30181229
1080945,3691,1073,2,1,3267.0,25042.3,5,1,56120270
3548661,543,1611,0,0,66.3,18048.5,7,0,0
3445810,773,395,0,0,118.6,18783.0,7,0,0
3475973,8564,423,0,0,411.9,94387.0,7,0,0
3629148,2980,668,0,0,79.8,19723.0,7,0,0
3603603,2224,1794,0,0,199.6,42564.7,7,0,0
581261,1978,678,2,1,5900.0,78491.2,0,11,57071173
105841,361,1070,2,1,1941.0,79095.6,5,13,95369791
332746,1132,513,2,4,24600.0,56857.9,1,0,0
1106624,3780,1343,0,2,6272.0,18225.6,2,5,47954368
687771,2348,1479,2,4,3360.0,29353.1,1,0,0
3419832,11349,1409,2,1,10886.0,79592.8,5,4,57291018
120499,404,2018,2,1,1563.0,63525.7,5,4,68393963
605806,2062,1470,2,1,107.0,26527.0,5,10,30643040
713969,2440,2052,2,4,19000.0,33245.3,1,0,0
3497232,8159,1794,0,0,174.7,38509.2,7,0,0
1583793,5385,1443,2,1,8754.0,34685.0,5,13,67199128
169063,565,2037,2,4,14.6,34192.6,6,0,0
3454502,7418,1399,0,0,62.4,16861.9,7,0,0
51384,172,1915,2,4,14.6,35961.7,6,0,0
2378871,7844,929,2,4,20500.0,48950.7,1,0,0
2314697,7636,1510,0,3,6378.0,28231.9,1,0,0
626594,2140,738,0,2,3478.0,25230.8,1,10,56615853
35349,113,1983,2,1,3146.0,19601.2,5,4,11191487
920484,3136,1471,2,4,1100.0,53778.2,1,0,0
1195129,4092,1465,0,3,11592.0,44028.1,1,0,0
522791,1784,1110,2,4,1360.0,30685.1,1,0,0
843131,2869,2077,2,1,2562.0,23160.8,5,11,37169212
58850,196,1217,2,4,4100.0,50240.0,1,0,0
37758,122,1527,0,3,22602.0,68072.3,1,0,0
324682,1108,2074,2,1,2335.0,47947.4,0,8,30477523
3626012,2886,2037,0,0,101.4,23168.9,7,0,0
437841,1487,796,2,1,2204.0,20251.5,1,6,70317125
3671634,5591,1276,0,0,183.9,49623.1,7,0,0
73366,243,1429,2,4,30.0,47507.1,6,0,0
1287,5,2184,2,4,850.0,27966.2,1,0,0
1168201,4003,1956,2,4,8400.0,92697.3,1,0,0
987096,3367,1746,0,3,22608.0,111051.5,1,0,0
3618860,2670,1338,0,0,118.5,21015.7,7,0,0
77859,259,2109,2,1,2857.0,17289.2,0,3,8156723
952326,3246,1934,2,4,600.0,20031.8,1,0,0
605847,2062,1616,2,1,3136.0,30107.5,0,13,28156739
282406,969,1423,0,3,24947.0,64942.5,1,0,0
1050532,3593,1322,2,4,4560.0,40194.0,1,0,0
3540025,285,1519,0,0,288.1,61755.2,7,0,0
6463,25,1424,2,4,6800.0,39510.0,1,0,0
579462,1972,493,2,1,2736.0,27303.5,5,13,67027497
264351,903,739,0,2,3871.0,25829.7,1,12,56348478
3570217,1201,1491,0,0,165.2,34193.8,7,0,0
751371,2563,2167,0,3,6716.0,47397.0,1,0,0
847321,2885,1841,2,4,2500.0,51120.5,1,0,0
1023701,3494,1821,2,4,600.0,27335.6,1,0,0
339944,1153,862,2,1,1033.0,14500.7,0,7,55908048
1113727,3804,1103,2,4,6900.0,45692.1,1,0,0
331851,1130,2168,2,4,1200.0,40488.8,1,0,0
766813,2618,819,2,4,14.6,21462.8,6,0,0
3586594,1704,1460,0,0,77.9,18262.2,7,0,0
518916,1772,2049,2,1,5633.0,63265.8,8,12,51707452
36389,117,2168,2,1,2329.0,16960.6,5,2,59419953
3551238,629,1125,0,0,57.8,12681.0,7,0,0
898874,3064,1743,2,1,1455.0,55624.2,5,5,63995122
7265,27,598,2,4,5200.0,29296.4,1,0,0
345481,1169,2100,2,4,42000.0,79979.2,1,0,0
87689,293,1833,2,4,2160.0,38905.5,1,0,0
380970,1294,1427,2,4,4200.0,19055.7,1,0,0
947930,3230,1658,2,4,61800.0,66537.0,1,0,0
866584,2950,2129,2,4,14.6,36752.1,6,0,0
1147939,3926,1033,2,4,14.6,40185.9,6,0,0
1106457,3779,1423,2,4,4700.0,45643.6,1,0,0
477404,1627,2189,2,4,800.0,32156.0,1,0,0
535893,1825,1891,2,1,1425.0,50789.6,5,9,87801843
908898,3096,2079,2,1,65.0,38770.5,0,6,64655774
867665,2954,2012,2,1,8306.0,43311.2,5,12,47941517
303329,1032,1901,2,5,2400.0,108206.8,1,0,0
253060,866,268,2,4,2100.0,42689.3,1,0,0
3628699,2968,849,0,0,310.1,79777.5,7,0,0
3352973,11135,496,2,1,5073.0,29789.2,8,11,31748539
856784,2920,1862,0,3,22037.0,58934.7,1,0,0
170605,572,2185,2,4,2880.0,77990.5,1,0,0
930979,3173,1473,2,1,2189.0,18916.4,5,3,9030479
384972,1307,1153,0,3,5100.0,31286.6,1,0,0
1271039,4346,1550,2,4,14.6,79884.2,6,0,0
656530,2243,1598,2,4,11300.0,28099.1,1,0,0
922119,3142,1761,2,4,500.0,18920.4,1,0,0
524002,1787,607,2,4,30.0,56243.3,6,0,0
473434,1611,1865,2,5,3900.0,49449.5,1,0,0
3589066,1782,2190,0,0,333.1,81238.6,7,0,0
1046622,3579,1945,2,4,14.6,68123.8,6,0,0
3450056,4081,1246,0,0,69.5,16721.2,7,0,0
227483,773,365,2,4,800.0,38570.4,1,0,0
3647123,3545,1368,0,0,125.5,27314.2,7,0,0
3560727,917,1094,0,0,131.3,37115.1,7,0,0
3317907,11021,1646,2,4,13200.0,36480.1,1,0,0
575451,1959,1561,2,4,1600.0,22500.9,1,0,0
3653621,3732,1825,0,0,100.5,24049.6,7,0,0
2857444,9455,1778,2,4,5400.0,63971.4,1,0,0
1977941,6701,1084,2,4,28100.0,84079.2,1,0,0
1486076,5065,437,0,3,11173.0,42495.2,1,0,0
1040181,3557,1401,0,3,400.0,400.0,1,0,0
498146,1698,1252,0,3,28840.0,63263.1,1,0,0
862592,2938,787,0,3,17919.0,78382.1,1,0,0
2770082,9167,1612,0,3,5200.0,22958.1,1,0,0
239155,816,1216,2,4,41000.0,84222.5,1,0,0
471241,1604,1564,0,3,17735.0,38675.9,1,0,0
741746,2532,2098,2,4,14.6,45468.6,6,0,0
1057205,3614,1955,2,1,1081.0,45485.7,0,8,19014889
3537506,212,607,0,0,223.3,51335.0,7,0,0
3327445,11054,1526,0,2,14892.0,40294.2,1,4,66801631
2908940,9635,819,2,4,14.6,2810.3,6,0,0
639,2,423,2,4,14.6,26229.6,6,0,0
3438930,706,1794,0,0,95.8,25626.7,7,0,0
48000,161,1501,0,2,4419.0,23149.7,2,7,61771410
2256473,7445,788,2,4,14.6,39083.8,6,0,0
787968,2686,1318,0,2,5896.0,22364.2,2,11,71632808
925228,3153,1910,0,3,34612.0,100117.5,1,0,0
798776,2723,1010,2,1,5546.0,32694.5,5,6,3428757
382540,1299,431,2,1,2291.0,28532.5,0,4,4791987
922127,3142,2061,2,4,800.0,17240.7,1,0,0
347950,1180,703,0,3,22809.0,63085.7,1,0,0
2489332,8212,496,0,3,16959.0,79412.2,1,0,0
3502594,8628,1429,0,0,249.8,73199.8,7,0,0
3333257,11069,1631,2,4,2700.0,26652.8,1,0,0
300097,1022,1318,1,4,5101.0,42171.5,1,0,0
3626922,2914,1915,0,0,142.0,35106.2,7,0,0
722865,2474,2159,2,4,14.6,15398.0,6,0,0
616406,2101,1800,2,1,600.0,24577.2,0,1,83940368
3505598,8957,880,0,0,64.5,10050.2,7,0,0
3530704,8,1519,0,0,143.8,37230.9,7,0,0
747685,2550,2170,2,5,3700.0,96270.8,1,0,0
3043914,10093,1955,2,1,331.0,52073.9,0,12,57294940
3039878,10079,755,2,4,1500.0,26120.8,1,0,0
228655,776,1500,2,1,2277.0,28066.0,5,13,44794058
169803,569,1869,2,1,2074.0,29866.0,5,13,87054288
1300728,4442,2111,2,1,8590.0,22714.4,5,2,2065778
150961,504,1011,2,1,2308.0,23819.6,1,11,2230048
118524,397,2006,2,4,14.6,96816.8,6,0,0
1074997,3674,985,0,3,26370.0,94329.2,1,0,0
1017555,3477,862,2,1,2132.0,18462.2,5,13,4360360
3083763,10227,1384,0,3,39276.0,88583.6,1,0,0
844535,2875,1963,2,4,13600.0,52602.3,1,0,0
411877,1402,1594,2,1,2221.0,32459.5,0,5,79063850
1190804,4078,1561,0,3,23736.0,80729.4,1,0,0
670288,2288,1990,0,3,31695.0,104813.5,1,0,0
2459810,8114,1738,2,1,494.0,41605.0,0,4,65448498
3522544,10558,1976,0,0,136.1,42879.6,7,0,0
3382387,11231,1929,2,1,229.0,40011.1,0,11,15493494
828109,2819,1761,2,4,2300.0,64349.6,1,0,0
336736,1144,985,2,1,2250.0,17119.4,5,4,64795172
355398,1204,1248,2,4,600.0,45942.5,1,0,0
3570512,1209,1915,0,0,82.3,18772.8,7,0,0
520007,1775,1094,2,4,14.6,24554.2,6,0,0
3600992,2141,2037,0,0,239.1,62238.1,7,0,0
853708,2910,1926,2,4,9100.0,69876.0,1,0,0
3440650,1087,1884,0,0,149.0,39152.2,7,0,0
370139,1258,1703,2,4,14.6,17688.4,6,0,0
645789,2205,1438,2,4,700.0,24233.5,1,0,0
189935,644,2104,2,1,946.0,13962.1,5,13,15593272
1153805,3947,2167,0,3,30664.5,55139.2,1,0,0
204347,693,641,2,4,14000.0,34183.0,1,0,0
3608136,2363,1733,0,0,165.7,40301.1,7,0,0
384001,1305,1377,0,3,10239.0,72484.2,1,0,0
427860,1453,529,2,1,6820.0,53609.5,5,10,62248831
1170258,4013,1193,2,1,6686.0,33589.8,5,3,83890586
969642,3305,1258,2,1,22.0,22988.6,5,3,18376934
3628470,2960,2037,0,0,146.4,38436.7,7,0,0
1069618,3654,1682,0,3,19930.0,85865.5,1,0,0
1187436,4066,729,2,4,14.6,39708.3,6,0,0
1056906,3613,1063,2,4,14.6,23131.6,6,0,0
1059070,3620,1830,2,4,900.0,16195.0,1,0,0
3564702,1038,1399,0,0,66.7,16454.6,7,0,0
58396,196,1681,0,3,12939.0,51379.0,1,0,0
1299852,4437,686,2,4,700.0,26923.1,1,0,0
773304,2639,475,2,4,16900.0,37414.6,1,0,0
492865,1680,1753,2,4,9900.0,46725.7,1,0,0
1959188,6636,365,0,3,3300.0,24400.0,1,0,0
1049000,3587,1717,0,3,1700.0,20825.1,1,0,0
763038,2606,946,0,2,4499.0,21622.0,2,9,14537537
3563019,984,1611,0,0,152.3,38247.1,7,0,0
2887865,9560,2037,2,4,14.6,35713.4,6,0,0
452305,1536,2061,2,4,9200.0,69357.1,1,0,0
66603,222,617,0,2,34409.0,88714.2,1,8,38463211
1047092,3580,2006,2,4,14.6,59010.3,6,0,0
508164,1737,1311,2,4,4080.0,37107.2,1,0,0
554275,1887,710,2,1,5608.0,34940.9,5,5,2468169
794663,2707,1545,1,4,10116.0,31291.1,1,0,0
3454983,7774,849,0,0,151.2,52242.5,7,0,0
315433,1076,1764,2,4,14.6,59138.0,6,0,0
433533,1473,1436,2,4,630.0,13565.4,1,0,0
679963,2321,372,2,4,15100.0,39198.0,1,0,0
1111032,3793,1849,2,4,900.0,21340.8,1,0,0
1142678,3908,2109,2,1,1008.0,12662.6,0,9,26197701
1016425,3474,1410,2,1,915.0,20636.4,5,9,94945477
497455,1695,1836,2,4,7200.0,84703.8,1,0,0
894372,3049,1460,2,4,14.6,28337.1,6,0,0
1322519,4514,1791,2,4,29800.0,36384.5,1,0,0
1143439,3910,1884,2,4,14.6,14712.2,6,0,0
439677,1495,712,2,1,3059.0,78080.9,5,5,9478509
3536352,181,1672,0,0,185.0,43820.6,7,0,0
495503,1689,1098,2,4,480.0,16211.4,1,0,0
1339679,4576,2098,2,4,14.6,22937.7,6,0,0
84920,284,2079,2,4,5400.0,36122.0,1,0,0
1596158,5422,1461,2,4,1500.0,20920.0,1,0,0
567115,1931,1225,0,3,9335.0,17696.3,1,0,0
2357207,7774,2116,0,3,2500.0,86104.6,1,0,0
3650317,3637,1338,0,0,200.6,43638.5,7,0,0
123384,415,1649,0,3,13110.0,32955.3,1,0,0
1223907,4190,2116,0,3,2200.0,22305.1,1,0,0
2525160,8330,1136,2,4,16700.0,35147.1,1,0,0
682733,2330,1283,2,1,601.0,17624.6,0,3,63786613
267225,914,1063,2,4,14.6,15763.2,6,0,0
1295203,4423,2025,1,4,11660.0,45430.8,1,0,0
881177,3001,1612,2,4,2800.0,37274.8,1,0,0
3627477,2932,1185,0,0,285.1,65392.1,7,0,0
3292545,10940,315,2,4,12900.0,38056.3,1,0,0
1049153,3588,1491,2,4,14.6,29299.6,6,0,0
1115582,3809,1810,2,4,7500.0,39157.1,1,0,0
102433,348,1550,2,4,14.6,27335.2,6,0,0
141303,472,1739,2,4,12500.0,34480.1,1,0,0
603682,2054,2129,2,4,14.6,48256.2,6,0,0
1112125,3797,1960,0,3,1500.0,32313.8,1,0,0
572871,1949,1465,2,1,107.0,21105.2,0,11,70580106
441092,1499,1954,0,3,5500.0,62818.6,1,0,0
3617788,2641,668,0,0,209.8,45149.3,7,0,0
791003,2697,1108,2,1,3142.0,23507.0,0,4,34090870
1100398,3759,651,0,2,4930.0,30420.1,2,4,37056750
3447530,1952,1884,0,0,135.9,35898.7,7,0,0
451735,1535,1641,2,4,14.6,56761.4,6,0,0
379070,1289,1564,0,3,23341.0,72911.4,1,0,0
152692,510,454,2,4,30.0,40791.3,6,0,0
991673,3381,1945,2,4,14.6,28178.0,6,0,0
1596702,5423,1284,2,1,4068.0,46689.6,3,1,59710752
3468740,4121,1307,0,0,74.0,19753.7,7,0,0
1014829,3469,1320,0,2,5822.0,32712.2,2,10,99198603
690603,2359,1680,0,3,2700.0,24680.7,1,0,0
384725,1307,1016,0,3,4946.0,24812.5,1,0,0
773810,2641,731,2,4,1500.0,48889.1,1,0,0
79661,266,2025,2,4,46800.0,62201.1,1,0,0
2465061,8129,1526,2,4,11600.0,36661.6,1,0,0
1309413,4470,1654,2,4,38200.0,44888.5,1,0,0
700876,2398,2037,2,4,14.6,47838.6,6,0,0
607627,2068,1349,2,1,1047.0,16643.5,3,8,17151004
2094649,7099,2171,2,1,236.0,30881.6,5,11,96372824
3627226,2926,941,0,0,187.9,44969.4,7,0,0
503661,1718,2107,2,1,14456.0,44372.2,5,1,69613939
183750,624,313,0,3,3400.0,19737.9,1,0,0
282093,967,1504,2,4,7000.0,36160.8,1,0,0
1596251,5422,2129,2,4,14.6,28434.0,6,0,0
230985,786,1133,2,4,1500.0,28761.6,1,0,0
3581228,1545,576,0,0,223.3,63549.1,7,0,0
1271246,4347,1386,0,3,700.0,17786.8,1,0,0
910138,3100,1856,2,4,14.6,32951.9,6,0,0
2384362,7861,1741,2,5,3500.0,63703.2,1,0,0
3452175,5472,1276,0,0,59.4,6159.2,7,0,0
691101,2361,1568,2,4,1800.0,24004.7,1,0,0
1146987,3923,1491,2,4,14.6,75579.8,6,0,0
792836,2701,267,2,4,700.0,26366.3,1,0,0
3469323,4255,1368,0,0,278.4,75660.7,7,0,0
3599346,2082,880,0,0,175.0,23782.4,7,0,0
246677,847,1641,2,4,14.6,21232.6,6,0,0
620021,2117,2015,2,1,7786.0,10321.6,5,4,72168028
148699,496,1611,2,4,14.6,33036.5,6,0,0
3581369,1549,2037,0,0,150.6,35701.9,7,0,0
2042876,6924,1580,2,4,14.6,37378.5,6,0,0
849515,2894,849,2,4,14.6,27482.9,6,0,0
2797837,9265,1228,0,3,37539.0,61407.0,1,0,0
726474,2485,1950,2,4,400.0,16225.5,1,0,0
1252273,4283,653,0,3,600.0,600.0,1,0,0
981656,3350,1641,2,4,14.6,22710.2,6,0,0
3527979,11135,1399,0,0,148.0,35036.7,7,0,0
3637396,3235,849,0,0,132.3,38327.6,7,0,0
79835,267,1097,2,4,1680.0,18037.0,1,0,0
322325,1100,1712,2,1,1103.0,13777.7,3,13,22059500
549025,1870,660,2,4,19600.0,43323.4,1,0,0
974229,3319,2180,2,4,960.0,47278.3,1,0,0
409948,1396,2043,2,1,14707.0,12553.9,5,1,60094183
509761,1744,1307,2,4,14.6,15675.6,6,0,0
483270,1644,518,2,4,8800.0,34270.8,1,0,0
3327487,11054,1715,2,1,2482.0,41278.5,8,6,99520563
864469,2942,2105,2,1,1072.0,32618.8,0,11,81376140
671472,2293,1045,0,2,6745.0,24591.0,2,3,62203752
3660483,3939,668,0,0,124.7,30247.2,7,0,0
402406,1370,1884,2,4,14.6,28617.3,6,0,0
589013,2004,2037,2,4,14.6,50407.4,6,0,0
251329,862,706,2,1,3122.0,113445.1,5,1,95404332
663611,2266,1952,0,3,16976.0,65818.2,1,0,0
124404,418,1988,2,4,7800.0,47463.0,1,0,0
1493427,5092,1475,2,4,600.0,6564.8,1,0,0
1167209,3999,1925,2,5,3100.0,83640.1,1,0,0
621529,2121,1227,2,1,3382.0,66630.4,0,2,4398906
962429,3279,904,2,4,9000.0,27480.1,1,0,0
3119295,10351,1399,2,4,14.6,13852.4,6,0,0
547924,1865,1708,2,1,1915.0,36824.7,5,3,61108732
228255,775,1925,0,3,20286.0,76363.9,1,0,0
587811,2001,825,0,2,39102.0,88082.7,1,13,94522749
858492,2926,1075,2,1,1348.0,48736.8,5,12,66115546
3673385,5891,1429,0,0,378.7,78325.6,7,0,0
3463625,2804,1185,0,0,18.0,14881.0,7,0,0
2834068,9377,1976,2,4,14.6,66589.4,6,0,0
478460,1630,987,2,4,3280.0,18710.5,1,0,0
3576848,1412,1246,0,0,111.6,26831.7,7,0,0
3613815,2523,1276,0,0,69.6,17041.8,7,0,0
227985,774,1352,2,4,1750.0,52673.3,1,0,0
3466910,3688,1185,0,0,160.5,42917.8,7,0,0
223921,762,1473,2,4,1920.0,18964.2,1,0,0
886057,3019,1386,2,4,17400.0,33326.3,1,0,0
961229,3275,1318,2,1,120.0,25800.6,5,4,91385793
1425903,4858,1856,2,4,14.6,26506.0,6,0,0
132665,445,1895,0,2,18964.0,35100.8,1,8,80365901
2052025,6950,1739,2,4,2880.0,34213.9,1,0,0
3202968,10630,1314,0,3,2500.0,33805.9,1,0,0
3630661,3031,1856,0,0,63.2,13274.9,7,0,0
345996,1172,2028,2,4,6000.0,19113.8,1,0,0
3641128,3348,2068,0,0,318.3,74739.2,7,0,0
3606706,2322,2190,0,0,46.4,16987.7,7,0,0
949971,3238,1477,2,4,1440.0,41167.0,1,0,0
3145532,10439,1164,2,4,11000.0,44146.4,1,0,0
2378647,7844,1686,2,4,2900.0,46633.7,1,0,0
488862,1667,2006,2,4,14.6,18781.8,6,0,0
1077641,3681,1800,2,1,7797.0,37403.7,5,1,62512141
138392,463,1921,2,1,6385.0,84605.3,5,9,88697516
3634800,3155,2037,0,0,99.6,17417.2,7,0,0
641714,2190,1837,2,4,3000.0,50392.7,1,0,0
3592533,1879,1125,0,0,54.5,12871.2,7,0,0
39162,127,588,0,2,3364.0,19803.8,1,5,11416083
1414958,4825,1800,0,2,16048.0,32269.8,1,6,38067805
105484,359,1033,2,4,14.6,19401.3,6,0,0
1140435,3898,637,2,4,14.6,26332.1,6,0,0
1031271,3524,1647,0,2,4826.0,5026.0,2,11,74559348
465147,1583,2074,0,3,27458.0,97517.8,1,0,0
919439,3133,1844,2,4,5400.0,21890.4,1,0,0
173379,582,1164,2,1,2812.0,14593.6,5,6,94775294
347613,1179,2105,0,2,4212.0,16702.3,2,12,72322171
3466184,3519,1945,0,0,140.9,34019.4,7,0,0
1296355,4427,1472,2,4,5800.0,14047.5,1,0,0
607808,2068,182,0,3,10600.0,15652.4,1,0,0
581549,1978,1641,2,4,30.0,45124.6,6,0,0
3592381,1875,395,0,0,57.2,15942.2,7,0,0
234173,797,2109,2,4,28700.0,55882.6,1,0,0
108110,366,1898,2,1,2442.0,52957.1,5,5,75874721
799135,2724,1346,0,3,5700.0,21914.0,1,0,0
1563992,5317,2138,2,1,4331.0,12015.1,5,6,53978085
897089,3056,2049,2,1,868.0,29296.4,5,1,36077541
3455029,7828,1185,0,0,89.8,27419.4,7,0,0
774392,2642,1785,2,4,10000.0,32135.8,1,0,0
1210442,4140,2159,2,4,25900.0,18218.3,1,0,0
84584,282,2072,2,4,10300.0,21883.7,1,0,0
238191,814,2015,2,1,632.0,10738.4,0,6,15360969
293783,1004,1988,2,1,5237.0,45989.4,8,6,48386609
425855,1446,2006,2,4,14.6,77954.0,6,0,0
526390,1796,2037,2,4,14.6,22712.7,6,0,0
568653,1935,1435,2,4,59100.0,81172.3,1,0,0
3386931,11244,2080,2,1,6490.5,17878.6,8,6,40766275
656495,2243,1580,2,4,14.6,29583.1,6,0,0
898384,3063,156,0,2,3495.0,4595.0,1,7,8035934
3544159,411,1215,0,0,191.1,45359.0,7,0,0
3636961,3222,2037,0,0,73.1,18111.2,7,0,0
3563476,997,1856,0,0,106.8,23060.1,7,0,0
1263425,4321,577,0,3,9203.0,62768.9,1,0,0
3630055,3011,849,0,0,69.0,16971.8,7,0,0
2571793,8489,1338,2,4,14.6,30676.9,6,0,0
710979,2431,1929,2,1,236.0,44102.0,0,11,92502820
851111,2900,1713,0,3,16261.0,57891.2,1,0,0
3560699,916,1429,0,0,131.7,32570.4,7,0,0
415538,1411,515,2,4,14.6,37624.3,6,0,0
888071,3028,2129,2,4,14.6,21293.4,6,0,0
551864,1879,2112,0,2,3039.0,16544.5,1,9,19752383
3513747,9677,1580,0,0,85.5,16361.2,7,0,0
454194,1543,1825,2,4,14.6,44419.3,6,0,0
3453392,6158,2037,2,4,0.4,91299.8,4,0,0
443515,1508,1176,0,3,5200.0,15700.0,1,0,0
3660710,3947,1154,0,0,25.0,21768.0,7,0,0
1050679,3593,1908,2,4,10100.0,22989.0,1,0,0
296395,1011,1411,2,1,7085.0,53475.8,5,12,17116374
710599,2430,978,0,3,9032.0,34444.2,1,0,0
283584,974,420,0,3,500.0,500.0,1,0,0
516712,1766,757,2,4,1560.0,53550.9,1,0,0
3558046,846,1338,0,0,359.5,102868.3,7,0,0
1784430,6051,455,2,4,3800.0,13920.3,5,0,0
311567,1062,1915,2,4,14.6,50674.5,6,0,0
3576538,1405,1794,0,0,165.2,40504.9,7,0,0
582165,1980,1470,2,4,1440.0,29527.6,1,0,0
838798,2856,1921,0,3,14260.0,35536.8,1,0,0
597405,2033,2046,2,1,4274.0,30102.8,5,7,78654551
3569125,1166,576,0,0,166.0,37923.5,7,0,0
1265827,4329,563,0,3,1900.0,24936.4,1,0,0
1075251,3674,1118,1,4,18218.0,39562.5,1,0,0
3682715,9337,1033,0,0,186.3,60175.7,7,0,0
724188,2479,1290,2,1,3022.0,17676.9,5,1,99287282
745794,2545,1957,2,1,2637.0,16007.1,5,1,584811
927076,3160,2103,0,3,23003.0,86323.1,1,0,0
160832,539,1460,2,4,100.0,35605.8,6,0,0
860728,2932,1044,2,1,7.0,22013.0,0,9,33505654
1424403,4852,1854,2,4,1320.0,21554.9,1,0,0
578295,1969,1533,0,3,10602.0,17238.4,1,0,0
2567357,8475,2082,2,1,3833.0,28685.7,0,12,90749495
3669584,5228,454,0,0,295.2,46237.8,7,0,0
3135054,10404,1669,2,4,15600.0,36970.6,1,0,0
732477,2503,1611,2,4,14.6,23789.5,6,0,0
1126547,3848,1832,2,4,1200.0,35450.7,1,0,0
1309942,4473,1524,2,1,5528.0,30598.1,5,3,96544521
1246706,4264,1600,2,4,17500.0,47420.5,1,0,0
3662327,4026,1519,0,0,84.1,26988.1,7,0,0
711977,2434,1717,2,1,2927.0,19783.4,5,2,94916831
1282048,4385,686,0,3,1600.0,29109.8,1,0,0
1028803,3513,1063,2,4,14.6,49466.8,6,0,0
512377,1754,2159,2,4,14.6,70843.5,6,0,0
1302708,4448,2132,0,3,18500.0,78539.4,1,0,0
3541394,329,2098,0,0,202.6,47530.7,7,0,0
3639102,3279,1672,0,0,214.2,37139.8,7,0,0
2522085,8321,1338,2,4,14.6,36897.2,6,0,0
2286706,7542,1441,2,1,3683.0,25395.6,5,8,63780206
1982291,6715,743,2,4,2200.0,17766.8,1,0,0
1073790,3669,759,2,4,2300.0,18626.8,1,0,0
14633,48,1921,2,1,6268.0,46720.4,5,1,50218236
483205,1644,576,2,4,14.6,33202.9,6,0,0
747223,2549,1484,2,4,2320.0,45934.0,1,0,0
44410,148,359,2,4,780.0,18203.9,1,0,0
89931,303,2018,2,1,3132.0,64683.8,8,11,25709551
160356,538,703,2,1,2692.0,19205.3,5,8,5225766
1853217,6273,2061,2,4,13500.0,61460.1,1,0,0
190733,648,2189,2,5,3700.0,108624.5,1,0,0
300266,1022,1027,2,4,9900.0,46286.1,1,0,0
3557977,844,637,0,0,197.0,28038.1,7,0,0
72530,241,2106,2,1,1344.0,27075.5,5,9,28285497
959027,3267,1611,2,4,14.6,42169.6,6,0,0
652277,2228,1491,2,4,14.6,23948.7,6,0,0
739767,2526,1429,2,4,14.6,29972.1,6,0,0
338235,1147,1689,2,4,24400.0,29747.8,1,0,0
3477977,8972,2190,0,0,121.3,29485.9,7,0,0
1027620,3509,1491,2,4,14.6,33026.8,6,0,0
609670,2075,2006,2,4,180.0,15509.3,1,0,0
1272739,4352,485,2,4,21100.0,44255.4,1,0,0
399988,1363,1680,2,1,243.0,69437.3,0,8,19618755
555404,1891,954,2,1,2039.0,31210.7,5,8,32430213
3604990,2263,1764,0,0,241.0,61379.8,7,0,0
2966940,9826,1570,2,4,8500.0,34363.1,1,0,0
3459062,11382,1002,0,0,40.4,24272.4,7,0,0
323362,1105,1868,2,1,1839.0,21514.0,5,3,96368914
3637373,3234,1580,0,0,101.8,25445.5,7,0,0
668569,2282,484,2,4,30.0,51397.0,6,0,0
186160,630,849,2,4,14.6,16647.0,6,0,0
504864,1724,2138,2,1,1604.0,14171.5,5,9,97682117
1342932,4588,1814,2,4,5800.0,6320.2,1,0,0
555036,1889,1109,2,4,560.0,23499.9,1,0,0
3253617,10807,1611,2,4,14.6,19925.5,6,0,0
3628163,2951,515,0,0,166.0,39434.6,7,0,0
3673197,5837,1945,0,0,195.0,47759.4,7,0,0
1406871,4794,1870,2,1,1922.0,5065.9,5,7,92189216
1073951,3669,1135,2,4,2600.0,10921.3,1,0,0
1031731,3526,1711,2,1,4559.0,101998.4,5,1,66721755
219553,746,1884,2,4,14.6,22988.1,6,0,0
1034683,3538,1068,0,3,35292.0,86603.5,1,0,0
744274,2541,1324,2,4,5400.0,37636.5,1,0,0
3568338,1144,242,0,0,53.2,13246.3,7,0,0
1044401,3571,892,2,1,222.0,34729.7,0,1,82703417
738087,2521,2129,2,4,14.6,52290.6,6,0,0
775112,2645,585,2,1,389.0,26187.6,5,5,14088654
124079,417,1672,2,4,14.6,106811.6,6,0,0
3448881,3189,1399,0,0,370.0,90616.0,7,0,0
944918,3222,1869,2,1,859.0,19250.4,0,10,34597045
412399,1403,1315,2,1,9120.0,25423.0,5,10,50271129
1245619,4260,515,2,4,14.6,26459.1,6,0,0
978062,3335,2012,2,1,2170.0,18590.9,1,5,89511143
3056637,10134,2045,2,1,9535.0,15726.3,5,9,69918125
273868,939,765,0,2,3163.0,16983.8,1,8,95001059
1754201,5952,1164,0,2,35312.0,70043.9,1,13,78708076
3560712,916,1825,0,0,125.0,30946.1,7,0,0
667804,2280,1679,2,1,6841.0,31150.0,5,9,5897534
3612649,2494,941,0,0,288.8,56367.9,7,0,0
368312,1252,1013,0,2,24688.0,61212.6,1,7,28461086
1144685,3915,698,2,4,14.6,36519.2,6,0,0
709481,2427,1835,2,4,2400.0,34505.5,1,0,0
1030567,3521,1358,0,3,34228.0,108615.9,1,0,0
3021238,10018,1837,2,4,8100.0,26075.0,5,0,0
409526,1394,1945,2,4,14.6,57040.6,6,0,0
322603,1102,1409,2,1,3559.0,20184.5,5,2,19876456
282081,967,1976,2,4,14.6,58036.4,6,0,0
3633956,3132,2037,0,0,115.6,23760.9,7,0,0
251963,863,2017,2,1,6087.0,106305.0,5,2,35133409
1610939,5472,1957,0,3,4345.0,5884.9,1,0,0
954532,3254,1276,2,4,14.6,29783.0,6,0,0
3469450,4264,972,0,0,194.7,51056.7,7,0,0
3440710,1103,1215,0,0,251.8,60924.9,7,0,0
1124852,3841,1344,2,1,1223.0,11420.7,0,7,55037939
801221,2732,1884,2,4,14.6,38590.9,6,0,0
153456,514,1496,2,1,5760.0,10520.9,5,6,49346691
2384100,7861,1251,2,1,26.0,38540.9,3,12,69198441
435974,1481,933,2,4,870.0,20825.8,1,0,0
3444236,1880,1611,0,0,196.5,44316.5,7,0,0
748290,2552,771,2,1,7035.0,39398.2,5,4,17411059
901223,3071,1801,2,1,5122.0,49505.0,5,7,64606320
1011453,3456,1118,2,4,1600.0,15800.1,1,0,0
441077,1499,1500,0,3,5500.0,22243.3,1,0,0
616928,2103,1672,2,4,14.6,19002.0,6,0,0
601926,2050,1587,2,1,5542.0,42379.2,0,12,28735864
1659115,5628,1953,0,3,13818.0,45903.9,1,0,0
3608203,2365,910,0,0,96.2,22187.7,7,0,0
592318,2016,2106,0,2,2951.0,18101.6,1,12,52464187
3557900,841,2006,0,0,180.1,45220.1,7,0,0
469055,1597,1237,2,4,3200.0,22446.5,1,0,0
642907,2195,765,2,4,15800.0,41955.3,1,0,0
3564242,1018,1856,0,0,53.9,12806.2,7,0,0
1122240,3834,1832,2,1,3189.0,13934.9,3,7,51878350
3578143,1450,1945,0,0,179.0,43521.4,7,0,0
2548929,8411,1519,2,4,14.6,19185.3,6,0,0
3655194,3776,1794,0,0,268.9,64643.2,7,0,0
2798094,9265,677,1,4,9431.0,42972.2,1,0,0
217283,738,501,2,4,18900.0,43447.8,1,0,0
216674,737,1073,2,4,2480.0,14559.7,1,0,0
71816,239,1892,2,1,1042.0,45333.5,5,2,96977406
491705,1677,1895,2,1,5530.0,28137.8,5,5,52726864
589807,2008,382,2,4,2880.0,25796.1,1,0,0
3508307,9153,2037,0,0,169.7,52175.5,7,0,0
111118,376,801,0,3,24517.0,25217.0,1,0,0
2279233,7520,1985,0,3,24254.0,20379.2,1,0,0
372105,1268,217,0,2,3330.0,4130.0,1,8,83469372
218310,742,2043,2,1,2048.0,19351.9,5,2,99545573
446139,1515,758,2,4,3300.0,48169.8,1,0,0
329533,1123,664,2,4,1100.0,32639.7,1,0,0
77433,257,1460,2,4,14.6,19645.0,6,0,0
1007409,3440,1436,2,1,5.0,20251.0,0,1,76361179
2023352,6856,1837,2,4,1800.0,28116.0,1,0,0
605005,2059,1965,2,4,9000.0,21431.5,1,0,0
933363,3183,1895,2,4,11000.0,14090.4,1,0,0
432794,1470,1155,2,4,6500.0,35068.8,1,0,0
3419796,11349,1776,2,1,6998.0,37629.5,8,6,66436326
152742,510,1976,2,4,30.0,42042.4,6,0,0
264657,903,1453,2,4,2400.0,13298.1,1,0,0
451640,1535,1105,2,4,2040.0,31325.0,1,0,0
156234,522,1263,2,4,9600.0,35493.8,1,0,0
6108,24,1554,2,4,12100.0,33761.7,1,0,0
847940,2887,1319,0,3,3100.0,26064.0,1,0,0
727765,2488,668,2,4,14.6,17105.5,6,0,0
3085104,10233,1806,2,1,986.0,29065.2,3,8,53952217
1765986,5991,1893,2,1,1978.0,22185.6,5,11,6799704
153813,515,1369,2,4,1800.0,12084.3,1,0,0
724525,2479,581,2,4,3400.0,25968.5,1,0,0
1693913,5740,849,2,4,14.6,90881.3,6,0,0
3440782,1109,1884,0,0,202.0,53657.7,7,0,0
582942,1983,2119,2,4,16500.0,47542.1,1,0,0
821689,2799,857,0,3,14135.0,90598.8,1,0,0
794228,2705,815,0,3,1600.0,32929.7,1,0,0
1163874,3984,1929,0,2,4041.0,20322.6,2,2,22091067
428754,1456,1947,2,4,26000.0,38888.4,1,0,0
68665,228,1620,2,4,1560.0,26576.9,1,0,0
703810,2411,2097,2,4,18600.0,36739.3,1,0,0
828198,2820,2074,0,2,5175.0,25164.9,2,13,94793974
339166,1151,1194,2,1,3263.0,39091.7,5,12,90602427
3603446,2220,1094,0,0,110.1,23698.8,7,0,0
3464991,3181,1703,0,0,218.3,51820.1,7,0,0
2502123,8260,637,2,4,14.6,43044.7,6,0,0
666799,2276,1957,0,2,4794.0,48014.9,2,11,67999994
257595,883,1344,2,4,5880.0,19302.7,1,0,0
1006232,3435,1154,2,4,14.6,16584.8,6,0,0
1024471,3497,1246,2,4,14.6,36557.5,6,0,0
223899,762,1627,2,4,2750.0,12795.4,1,0,0
3632771,3096,1002,0,0,141.9,29978.2,7,0,0
3620301,2716,1246,0,0,211.7,49090.6,7,0,0
230190,784,1772,2,1,1215.0,27538.0,0,6,80516755
1644167,5574,1019,2,4,3300.0,64803.7,1,0,0
3656839,3824,1672,0,0,74.5,16193.6,7,0,0
1215183,4159,1733,2,4,14.6,65303.8,6,0,0
741708,2532,1895,2,4,7200.0,64707.2,1,0,0
2242769,7401,1776,0,2,20236.0,51416.2,1,10,66487163
589897,2008,1063,2,4,14.6,50215.3,6,0,0
902819,3076,493,2,1,2715.0,13632.2,5,12,67460548
3592502,1877,1884,0,0,131.0,32297.2,7,0,0
2393143,7894,2170,2,1,4780.0,49891.2,5,10,28510761
2780478,9203,1793,0,3,29249.0,114754.3,1,0,0
736939,2517,1794,2,4,100.0,51882.1,6,0,0
203717,691,1863,2,1,3342.0,10438.7,5,13,42897981
3669606,5228,1125,0,0,172.8,18296.6,7,0,0
1159116,3969,643,2,4,2280.0,34209.0,1,0,0
1977729,6701,1627,2,4,2000.0,112624.7,1,0,0
2042319,6922,1976,2,4,30.0,27663.8,6,0,0
597590,2034,2167,0,3,33642.0,96678.9,1,0,0
3031572,10049,1431,2,4,7500.0,11578.3,1,0,0
1730486,5868,1870,0,3,33546.0,106408.7,1,0,0
844864,2876,2006,2,4,14.6,30290.8,6,0,0
517138,1767,2138,2,1,1523.0,65779.2,0,6,65165352
1244548,4258,1230,0,3,32459.0,137604.9,1,0,0
248584,854,722,2,4,2700.0,30121.1,1,0,0
851677,2902,1672,2,4,14.6,20105.6,6,0,0
962109,3278,1628,2,4,25280.0,53669.6,1,0,0
1125165,3843,2052,0,3,1700.0,14241.1,1,0,0
73718,244,1952,2,1,226.0,52927.4,0,8,78948193
290493,995,1618,2,1,143.0,22240.2,0,4,80483859
768224,2623,2172,2,1,2891.0,63860.1,5,3,52708911
985656,3362,1525,2,1,7294.0,33367.4,5,11,25993234
2789016,9235,1246,2,4,14.6,45877.9,6,0,0
854026,2911,1740,2,1,2572.0,40378.5,3,11,28014308
42452,141,1945,2,4,14.6,15563.9,6,0,0
933435,3184,741,0,2,5115.0,28350.1,2,13,90299844
1292194,4415,1463,2,4,840.0,40779.0,1,0,0
1754423,5952,1346,2,1,1374.0,54213.0,0,7,40625691
995342,3395,1859,2,4,21400.0,43250.3,1,0,0
2721949,9006,934,1,4,20460.0,49074.7,1,0,0
1096397,3747,1624,2,1,1500.0,10914.0,3,11,1665688
872188,2971,1827,2,4,1800.0,47147.9,1,0,0
2523620,8327,1677,2,1,4104.0,29668.6,5,11,66402190
807153,2750,2112,2,1,1750.0,44208.8,5,11,35031116
1302629,4448,242,2,4,1600.0,20732.8,1,0,0
459311,1562,1316,2,1,1933.0,17871.9,5,3,14241010
240836,822,1560,0,2,6911.0,31453.1,2,8,44182992
3603274,2216,1429,0,0,217.5,36478.8,7,0,0
398523,1357,1502,2,1,2290.0,35402.2,5,3,34856063
3544657,426,1094,0,0,65.2,16526.4,7,0,0
444035,1510,1591,2,1,9985.0,21231.6,5,8,82537191
3592135,1865,788,0,0,102.9,23854.6,7,0,0
217525,739,1460,2,4,14.6,55595.3,6,0,0
627049,2141,2168,2,1,5796.0,48615.8,5,11,77834790
362883,1234,1459,2,4,1450.0,15939.9,1,0,0
148531,496,1260,2,1,3602.0,21381.8,5,5,60471528
3550242,599,1825,0,0,111.4,18885.1,7,0,0
3607795,2353,1794,0,0,247.4,58402.8,7,0,0
356911,1210,1406,0,3,20259.0,64503.7,1,0,0
1136135,3882,379,2,4,720.0,22098.7,1,0,0
3576314,1401,1094,0,0,141.8,35337.6,7,0,0
117516,395,670,2,4,14500.0,39744.2,1,0,0
626338,2139,1863,2,1,6275.0,21423.5,3,7,30308371
459268,1562,1469,0,2,2900.0,22613.4,1,11,26320064
888522,3030,2104,2,1,1795.0,24193.7,0,1,24432987
3630929,3039,1246,0,0,130.1,28869.7,7,0,0
405446,1380,1437,2,1,1100.0,74425.9,0,2,91279375
1039719,3555,1561,2,1,12578.0,17204.9,5,1,19062775
821033,2796,2171,2,1,5291.0,55548.1,0,7,37211978
1314627,4488,1809,2,4,12900.0,27898.9,1,0,0
2648425,8759,415,0,3,48992.0,121701.5,1,0,0
1099419,3755,1159,2,4,18900.0,95709.0,1,0,0
483233,1644,1429,2,4,14.6,40849.9,6,0,0
3535763,161,1884,0,0,90.4,22663.2,7,0,0
2127515,7203,1764,2,4,14.6,12856.3,6,0,0
1096375,3747,954,2,1,1500.0,13722.4,3,11,1665688
2751056,9104,1342,2,4,6600.0,40454.3,1,0,0
1027807,3510,1898,0,3,24024.0,67358.5,1,0,0
625740,2137,756,2,4,6300.0,27240.9,1,0,0
3440125,1010,1945,0,0,266.2,44592.7,7,0,0
759012,2589,1775,0,2,5541.0,17400.3,2,7,90687691
678493,2318,1501,2,1,251.0,61931.0,0,5,71377277
520455,1777,1868,2,1,1657.0,70651.7,3,1,96171360
1974079,6688,1896,0,3,8155.0,52658.8,1,0,0
2915565,9656,647,2,4,19500.0,40705.9,1,0,0
3646927,3540,1611,0,0,140.2,34560.3,7,0,0
763073,2606,2011,0,2,4499.0,27115.1,2,9,14537537
710476,2429,1236,2,4,3500.0,54650.1,1,0,0
1804193,6118,1550,2,4,30.0,46775.1,6,0,0
72128,239,1764,2,4,30.0,99332.1,6,0,0
875645,2983,1491,2,4,14.6,28627.1,6,0,0
561312,1909,1125,2,4,14.6,17019.5,6,0,0
220955,750,910,2,4,14.6,29991.8,6,0,0
859237,2928,1320,0,2,5531.0,26819.7,2,5,7849169
790314,2695,1107,0,3,20806.0,65170.6,1,0,0
845162,2877,1968,2,4,9000.0,53323.7,1,0,0
535235,1823,1799,0,2,4941.0,17407.8,2,2,91663467
276899,947,1276,2,4,1700.0,19848.8,1,0,0
3616890,2614,1764,0,0,73.8,18547.8,7,0,0
312400,1066,1650,0,3,26857.0,117674.6,1,0,0
985257,3361,677,2,1,6154.0,33324.2,5,3,34121233
217102,738,1466,2,1,3671.0,85718.3,3,13,99652116
2314795,7636,1465,2,1,325.0,84807.4,0,2,10650349
3574253,1329,1580,0,0,94.2,20076.2,7,0,0
833608,2838,1597,2,4,5400.0,91367.7,1,0,0
361308,1227,1829,2,4,6080.0,44006.2,1,0,0
135467,454,1066,2,4,100.0,21602.4,1,0,0
1189040,4071,1641,2,4,14.6,27712.0,6,0,0
3639308,3285,1491,0,0,63.4,14100.1,7,0,0
967955,3298,1856,2,4,14.6,44773.4,6,0,0
214661,729,1591,0,2,3080.0,10140.0,1,1,45863705
103578,353,1391,2,4,800.0,39290.7,1,0,0
203874,692,1775,0,3,17771.0,33860.6,1,0,0
1124771,3841,1802,0,2,4547.0,36557.8,2,3,73988407
437767,1487,743,0,2,3306.0,23030.9,1,5,90088778
886627,3022,1711,2,1,3170.0,21280.8,5,4,24765986
1052573,3600,744,2,4,400.0,34184.3,1,0,0
3611395,2463,1884,0,0,98.3,21533.9,7,0,0
763932,2609,2186,0,3,30886.0,55356.6,1,0,0
627062,2141,1848,2,4,2040.0,46901.1,1,0,0
700483,2397,1348,0,3,4694.0,26685.5,1,0,0
3557654,834,1945,0,0,46.8,11868.7,7,0,0
1147355,3925,1031,0,3,12434.0,58533.0,1,0,0
692400,2366,1713,0,2,5226.0,21604.0,2,3,55076229
714759,2445,1418,1,4,24571.0,42205.2,1,0,0
1391921,4743,384,2,4,7800.0,7623.1,1,0,0
754540,2574,362,2,4,4800.0,32796.7,1,0,0
630160,2151,1436,2,1,1227.0,10305.6,0,4,97779327
919762,3134,753,2,4,8400.0,33946.7,1,0,0
3470153,4350,1976,0,0,430.2,99336.8,7,0,0
152415,510,378,2,1,1319.0,27416.6,0,11,64973693
2675962,8856,1154,2,4,2500.0,60693.1,5,0,0
1982346,6715,447,1,4,9065.0,29654.8,1,0,0
311590,1062,641,2,4,12100.0,33731.7,1,0,0
3590284,1816,1491,0,0,65.2,15033.3,7,0,0
1466393,4994,1819,2,4,5400.0,73490.8,1,0,0
3450936,4729,2098,0,0,4.1,551.3,7,0,0
67752,225,941,2,4,14.6,21810.5,6,0,0
994036,3391,831,2,1,813.0,48776.0,5,11,31342697
1028806,3513,1154,2,4,14.6,51734.3,6,0,0
425360,1445,1648,0,3,6786.0,34635.8,1,0,0
1344927,4596,1299,0,3,40691.0,101707.5,1,0,0
1223660,4190,1897,2,1,1100.0,23253.4,0,7,24471074
2292528,7562,1863,0,2,38701.0,79541.3,1,2,10033035
72685,241,1547,0,3,300.0,30714.6,1,0,0
949595,3237,1463,2,4,960.0,26380.8,1,0,0
3440153,1014,1794,0,0,82.1,18979.6,7,0,0
253108,866,545,2,4,14.6,37586.0,6,0,0
1584663,5387,1207,2,4,4700.0,29771.9,1,0,0
1055183,3609,317,0,3,20987.0,63365.3,1,0,0
406618,1384,1686,0,2,31366.0,69007.6,1,5,18902480
659169,2250,766,2,1,4182.0,29042.0,5,3,63026058
343703,1166,739,0,2,18631.0,43148.4,1,4,41146189
166404,556,2042,0,3,18602.0,47825.7,1,0,0
1103088,3768,2054,0,3,30638.0,55700.7,1,0,0
3583945,1629,1825,0,0,81.1,19769.3,7,0,0
1476473,5033,1133,0,3,7156.0,30825.3,1,0,0
1466771,4995,1794,2,4,30.0,39634.8,6,0,0
3469274,4254,1764,0,0,163.7,59383.2,7,0,0
423819,1440,1925,2,1,56.0,12862.2,5,10,85377597
3554718,738,1094,0,0,233.4,53850.4,7,0,0
3207593,10645,2171,2,1,5787.0,42223.3,8,1,62736219
157996,528,1833,0,2,4568.0,20022.7,2,7,50802421
390414,1328,2045,0,2,32498.0,98122.5,1,9,49388885
3552121,652,2006,0,0,151.1,23004.1,7,0,0
462815,1575,96,0,2,5448.0,11796.0,2,5,85748850
742364,2534,1794,2,4,14.6,25945.1,6,0,0
144341,484,2045,2,1,1412.0,20973.3,0,5,31340134
564418,1920,2153,0,3,2600.0,59042.9,1,0,0
62573,207,423,2,4,14.6,24774.4,6,0,0
2688771,8899,1489,2,4,7800.0,33365.1,1,0,0
833747,2838,1369,2,4,37900.0,77793.0,1,0,0
1125390,3844,371,2,1,2260.0,15300.3,1,11,74524152
3550513,608,1703,0,0,59.0,14762.7,7,0,0
501203,1708,1286,0,3,14422.0,40407.1,1,0,0
1068666,3651,767,0,2,5081.0,27763.9,2,12,38447165
3582594,1589,1884,0,0,100.0,14314.3,7,0,0
955072,3256,1838,2,4,3300.0,21578.9,1,0,0
495584,1689,819,2,4,14.6,18177.3,6,0,0
181345,616,704,2,1,1869.0,31734.6,5,8,38012558
18048,61,589,2,1,1645.0,24054.5,5,3,20533621
323055,1104,1437,2,1,8840.0,46158.6,5,3,72144114
725950,2484,1646,2,1,538.0,33961.8,0,8,83567636
3517538,10068,1733,0,0,254.1,54733.8,7,0,0
3528406,11186,1215,0,0,185.7,40621.6,7,0,0
3647188,3547,668,0,0,74.2,16821.8,7,0,0
232276,790,753,2,4,2700.0,37624.8,1,0,0
3182572,10558,1876,2,4,12400.0,47236.1,1,0,0
1814561,6148,1167,0,3,23038.0,52144.4,1,0,0
33517,107,1185,2,4,14.6,16537.0,6,0,0
206782,702,552,0,2,4220.0,19506.8,2,3,40635764
3566050,1079,545,0,0,182.5,39782.4,7,0,0
742173,2534,1771,2,1,2190.0,31881.3,5,2,6917608
396259,1347,2006,2,4,14.6,10528.7,6,0,0
577754,1967,1731,0,3,13790.0,16494.7,1,0,0
874787,2980,1925,2,1,3316.0,16502.0,5,4,92280965
436003,1481,211,2,4,14.6,13284.4,6,0,0
554251,1887,2170,0,3,12618.0,30302.8,1,0,0
1100954,3760,727,1,4,14279.0,35672.2,1,0,0
1070423,3656,928,0,3,1800.0,25582.4,1,0,0
1076639,3678,2147,2,4,6400.0,-7368.8,5,0,0
529004,1804,1206,2,4,6300.0,43446.2,1,0,0
2524914,8330,399,2,4,300.0,32830.9,1,0,0
1080842,3691,128,0,2,6540.0,20020.0,2,12,86339687
3516725,10001,941,0,0,112.7,35136.9,7,0,0
1017235,3476,2137,2,1,860.0,36385.5,5,2,45791339
1097884,3751,747,2,4,1200.0,34436.1,1,0,0
579025,1970,2111,2,4,5400.0,61946.7,1,0,0
910056,3100,1957,0,3,20248.0,37263.7,1,0,0
744936,2542,1568,0,3,2600.0,28870.7,1,0,0
1160785,3974,1882,2,4,9100.0,31912.4,1,0,0
290176,994,1843,0,3,1900.0,40025.8,1,0,0
1951246,6609,1562,2,1,1624.0,1826.8,0,4,27650201
851610,2902,1354,2,4,1400.0,25970.9,1,0,0
179493,608,1893,0,2,4635.0,16280.1,2,2,16408968
3654291,3751,576,0,0,147.6,35573.6,7,0,0
680130,2322,1016,0,3,6393.0,28284.3,1,0,0
3464380,3000,2006,0,0,209.6,32260.6,7,0,0
3615520,2569,1703,0,0,125.7,27375.4,7,0,0
191516,650,972,2,4,14.6,28256.0,6,0,0
608848,2072,1467,2,1,6746.0,69039.5,5,9,48987203
799444,2726,1894,0,3,22722.0,83412.7,1,0,0
695297,2378,1257,0,3,12417.0,55186.3,1,0,0
318604,1088,1471,2,1,3032.0,23850.1,5,12,46244287
961751,3277,1321,0,3,16654.0,46894.4,1,0,0
1234615,4225,167,2,4,4500.0,29778.0,1,0,0
3540431,298,1976,0,0,169.6,38507.2,7,0,0
184365,626,1378,2,1,3639.0,43430.4,5,12,22472965
9352,33,1802,2,1,3892.0,82526.4,5,6,33047658
3573944,1317,1491,0,0,110.8,24171.5,7,0,0
429960,1460,1838,2,1,3417.0,26468.6,5,11,8283299
140126,469,1983,2,1,2672.0,14831.4,5,1,32004195
3608210,2365,1125,0,0,75.8,15921.3,7,0,0
116415,393,1286,0,3,24766.0,52777.3,1,0,0
1852871,6273,1242,0,3,18940.0,62419.5,1,0,0
3574101,1322,2129,0,0,91.4,19772.1,7,0,0
536083,1825,1938,0,3,1400.0,45406.0,1,0,0
783442,2670,225,2,1,4754.0,50700.1,0,2,70427286
2747170,9093,2136,0,3,18942.0,64596.5,1,0,0
3550878,619,2190,0,0,176.2,38376.1,7,0,0
262235,897,472,2,4,23400.0,91535.8,1,0,0
727896,2489,347,0,2,5781.0,26498.6,2,13,23886204
3545418,447,2037,0,0,258.4,59882.8,7,0,0
756520,2581,459,2,4,12000.0,36361.9,1,0,0
3537831,221,1550,0,0,225.9,42578.6,7,0,0
385066,1308,1442,0,2,5119.0,15757.0,2,7,96537941
941719,3213,1466,2,4,510.0,18423.4,1,0,0
542746,1846,1924,0,2,3093.0,20723.9,1,6,27274263
959095,3267,1701,2,4,5600.0,35789.8,1,0,0
1548625,5269,2177,2,4,1280.0,59388.8,1,0,0
104245,355,1976,2,4,30.0,44481.4,6,0,0
163458,545,2157,2,4,4600.0,71566.0,1,0,0
888554,3030,1096,2,4,840.0,20610.8,1,0,0
843415,2870,1564,2,4,1700.0,40488.3,1,0,0
110707,374,1809,2,4,9000.0,38116.6,1,0,0
1781805,6040,381,2,4,8300.0,31548.5,1,0,0
1693689,5740,2010,0,3,44035.0,48327.7,1,0,0
960389,3271,1611,2,4,14.6,25406.8,6,0,0
943013,3217,2186,0,3,25252.0,84688.7,1,0,0
164123,548,1662,2,4,600.0,23611.4,1,0,0
429672,1458,1537,2,4,11000.0,24952.6,1,0,0
2257636,7449,910,2,4,14.6,11396.7,6,0,0
898899,3064,314,2,1,4714.0,26388.7,0,3,30132371
3439383,774,880,0,0,183.7,40917.2,7,0,0
489638,1671,1316,2,1,502.0,37994.4,0,13,17247677
103055,352,1167,0,2,4351.0,18830.8,2,13,91251790
1255639,4293,1459,2,4,2700.0,13583.9,1,0,0
1014979,3469,1852,2,4,960.0,25271.7,1,0,0
907231,3091,1094,2,4,14.6,58014.1,6,0,0
323406,1105,1382,2,1,4015.0,20701.2,0,12,69901072
345125,1169,1993,0,3,22687.0,46567.5,1,0,0
813671,2770,2159,2,4,14.6,39109.2,6,0,0
778945,2655,1501,2,1,89.0,39582.4,0,12,4603857
3578606,1467,1276,0,0,226.5,54268.6,7,0,0
1787874,6064,1764,2,4,14.6,23583.8,6,0,0
374837,1276,946,2,1,169.0,21044.5,3,1,23086488
3463565,2781,2190,0,0,236.8,58159.7,7,0,0
742433,2534,1863,0,3,3400.0,26719.7,1,0,0
2931720,9707,202,2,4,7500.0,53889.1,1,0,0
572627,1948,1915,2,4,14.6,59322.4,6,0,0
3419927,11349,1234,2,4,12000.0,57917.8,1,0,0
2579317,8519,674,2,1,13711.0,13248.0,5,5,12003517
245597,843,1959,0,2,2970.0,19023.3,1,9,49078321
746144,2546,767,2,1,2985.0,58491.6,5,13,65769809
886529,3021,1865,2,4,9800.0,29720.4,1,0,0
619341,2114,1558,2,1,1742.0,25629.2,0,2,42759567
477640,1628,42,0,2,4276.0,9265.4,2,11,15916598
1051450,3595,1235,2,4,1800.0,26908.8,1,0,0
619121,2113,2168,0,3,15117.0,34775.9,1,0,0
892407,3042,373,0,3,15208.0,56532.9,1,0,0
800923,2732,1156,0,3,26287.0,112418.0,1,0,0
657346,2246,1529,0,3,8795.0,80706.3,1,0,0
31889,102,558,2,4,6400.0,25438.6,1,0,0
641770,2190,1611,2,4,30.0,17663.6,6,0,0
145570,487,1982,0,3,8260.0,50240.5,1,0,0
761247,2598,1580,2,4,14.6,93753.7,6,0,0
860359,2932,981,0,3,46929.0,81817.2,1,0,0
812215,2768,498,0,2,3849.0,30972.2,1,1,83222299
3644225,3453,1945,0,0,138.3,29273.6,7,0,0
667587,2279,2080,2,1,6556.3,89243.3,8,8,19501900
3544421,418,2129,0,0,149.5,34112.2,7,0,0
861361,2933,1983,2,1,5907.0,93816.0,5,7,29096329
518155,1770,753,2,4,1300.0,47142.0,1,0,0
482814,1644,217,0,3,15306.0,47976.3,1,0,0
3587444,1732,1794,0,0,215.2,50155.4,7,0,0
628805,2146,1094,2,4,14.6,33911.1,6,0,0
775930,2646,1755,2,4,10400.0,35112.8,1,0,0
419600,1422,1448,2,4,6600.0,25265.1,1,0,0
1045538,3575,460,0,3,600.0,28761.3,1,0,0
23311,77,1498,0,2,17090.0,52489.2,1,10,14416885
506122,1728,1563,2,1,4954.0,16519.5,5,8,84701668
156246,522,1623,2,4,8200.0,30733.2,1,0,0
460117,1565,1488,2,4,1560.0,30684.2,1,0,0
653543,2235,1437,0,3,14064.0,33793.7,1,0,0
1076874,3678,232,2,4,400.0,21824.1,1,0,0
271569,930,651,2,1,9356.0,32604.0,5,5,14144766
660888,2256,1624,0,2,4729.0,21914.7,2,1,59773492
311554,1062,1519,2,4,14.6,49527.8,6,0,0
15576,52,1678,0,2,25530.0,65100.8,1,2,42768037
326586,1115,849,2,4,14.6,17924.4,6,0,0
3213651,10663,1061,2,4,2600.0,35971.2,1,0,0
368504,1252,1491,2,4,30.0,29099.0,6,0,0
438520,1490,2166,0,3,19710.0,44985.8,1,0,0
3462664,2566,1856,0,0,0.4,4000.4,7,0,0
747593,2550,1198,2,1,67.0,35109.8,3,4,78013139
617034,2104,1465,2,1,6927.0,29710.6,5,9,61960321
260322,891,1898,2,4,500.0,20495.0,1,0,0
263185,900,1074,2,1,5950.0,24801.4,5,10,51806682
3567321,1118,1580,0,0,92.5,18686.9,7,0,0
854338,2912,1544,0,3,19000.0,127119.6,1,0,0
837255,2849,314,0,2,6677.0,14254.0,2,1,15285545
1013587,3465,1915,2,4,14.6,62412.0,6,0,0
211081,717,2080,2,1,6561.0,29728.5,5,6,48199552
1798444,6097,1825,2,4,14.6,24663.9,6,0,0
936845,3197,1135,2,4,1200.0,22100.3,1,0,0
1614120,5481,438,1,4,4798.0,41997.6,1,0,0
773192,2639,442,2,4,3600.0,48222.8,1,0,0
163648,546,1812,2,4,2400.0,21045.5,1,0,0
670137,2287,2163,2,4,4480.0,31026.1,1,0,0
468005,1592,1368,2,4,14.6,45072.3,6,0,0
1313180,4484,1105,0,3,24475.0,59610.2,1,0,0
801199,2732,1215,2,4,14.6,41329.4,6,0,0
500363,1705,827,0,3,15037.0,48812.5,1,0,0
3447076,1539,1429,0,0,87.2,13170.3,7,0,0
3571046,1229,1825,0,0,60.5,23746.0,7,0,0
1004950,3429,620,2,4,3500.0,22543.9,1,0,0
91085,308,1588,2,4,1300.0,18900.0,1,0,0
583062,1984,743,2,4,2880.0,46911.1,1,0,0
318505,1088,650,0,2,5600.0,24554.5,2,12,93394022
3468023,3997,1338,0,0,99.4,21507.7,7,0,0
694909,2377,1289,0,2,4393.0,23828.4,2,1,86304866
3647065,3544,1733,0,0,152.5,28859.1,7,0,0
2868629,9493,1317,0,2,23585.0,68750.5,1,13,61292606
1160261,3972,493,2,4,5200.0,33743.9,1,0,0
10725,36,1220,2,1,4069.0,49599.9,5,2,80693810
889115,3032,1884,2,4,14.6,20050.0,6,0,0
397848,1353,1190,2,1,6646.0,40270.9,0,9,98736470
445992,1515,2103,2,1,774.0,53679.1,0,2,84623413
1838637,6226,1771,2,4,43300.0,80365.9,1,0,0
516774,1766,819,2,4,14.6,47643.9,6,0,0
792201,2700,1530,1,4,16257.0,47796.2,1,0,0
3449489,3734,1063,0,0,117.1,28235.7,7,0,0
3668892,5118,1580,0,0,139.9,35627.1,7,0,0
406707,1384,1641,2,4,30.0,34112.3,6,0,0
3627037,2919,2068,0,0,99.3,21210.9,7,0,0
413861,1406,1519,2,4,14.6,22238.5,6,0,0
1501672,5120,1943,0,3,15809.0,61338.1,1,0,0
3541952,344,2068,0,0,142.1,34669.7,7,0,0
1240884,4245,1620,2,1,4534.0,36919.1,5,2,5514008
1088832,3720,2140,2,1,2957.0,58666.2,5,11,84661042
3448179,2598,1368,0,0,220.0,26719.2,7,0,0
3655577,3785,788,0,0,150.7,38236.9,7,0,0
3445177,180,972,0,0,277.1,63926.3,7,0,0
3568008,1133,1550,0,0,71.7,17706.6,7,0,0
2521943,8321,1684,2,1,1484.0,44679.5,8,1,48114669
641559,2190,1691,0,3,38734.0,100404.1,1,0,0
666889,2276,1478,2,4,750.0,37072.5,1,0,0
158492,531,1406,0,2,3216.0,21774.5,1,13,11388463
853463,2909,1405,0,3,10555.0,51320.3,1,0,0
1105466,3777,1257,2,1,1039.0,24419.1,1,9,6119949
3614490,2542,1246,0,0,106.7,28516.2,7,0,0
1299822,4437,1672,2,4,14.6,25057.5,6,0,0
3660380,3937,1368,0,0,70.0,17671.4,7,0,0
830260,2827,1777,2,4,19200.0,68856.2,1,0,0
460442,1566,490,2,1,4375.0,25856.3,5,12,11077720
579398,1972,736,0,2,5298.0,25563.6,2,11,14132887
300293,1022,1672,2,4,44500.0,65052.7,1,0,0
62068,206,1063,2,4,14.6,27363.3,6,0,0
1203904,4119,1460,2,4,14.6,34819.9,6,0,0
859611,2929,1380,2,1,226.0,87543.2,5,10,1906198
29921,97,2143,0,3,17928.0,58493.6,1,0,0
851383,2902,1738,0,3,20213.0,37835.8,1,0,0
1161637,3977,2006,2,4,14.6,24963.6,6,0,0
984739,3358,1829,2,4,150.0,22058.9,1,0,0
410815,1399,2042,2,1,5427.0,32800.0,5,5,36796647
1060753,3625,1002,2,4,14.6,23899.4,6,0,0
767788,2621,1721,0,3,1200.0,17196.7,1,0,0
3658993,3894,1733,0,0,128.0,31954.1,7,0,0
99535,340,1740,2,1,901.0,38965.8,0,13,80708729
1164034,3985,1831,0,2,4077.0,15738.8,2,4,66838490
39022,126,2098,2,4,14.6,31807.7,6,0,0
2106823,7133,773,2,1,56.0,16848.0,0,10,56658023
3659996,3924,2098,0,0,82.2,20530.6,7,0,0
3463451,2740,2068,0,0,84.6,15534.3,7,0,0
632248,2159,1594,2,1,7601.0,39002.8,0,1,91621130
888619,3030,1063,2,4,14.6,21524.2,6,0,0
123439,415,1137,2,1,8740.0,19248.9,5,8,64789080
1087061,3714,1763,0,3,10318.0,47271.9,1,0,0
1022868,3491,2133,2,4,2200.0,19819.1,1,0,0
911777,3108,1831,2,4,780.0,15207.2,1,0,0
3440027,994,1215,0,0,166.3,44952.2,7,0,0
961982,3277,1512,2,4,9600.0,28572.8,1,0,0
333308,1134,339,0,3,17955.0,42429.4,1,0,0
3671032,5477,1794,0,0,390.9,104241.8,7,0,0
724530,2479,731,2,4,100.0,27111.7,1,0,0
297906,1016,788,2,4,14.6,45332.6,6,0,0
3625553,2876,515,0,0,163.1,37589.8,7,0,0
3557748,837,2006,0,0,133.0,30465.7,7,0,0
1730637,5868,1068,2,4,3900.0,46490.0,1,0,0
310902,1059,1619,2,1,1914.0,14173.2,0,10,66466748
3576548,1405,2098,0,0,152.7,35957.4,7,0,0
2035172,6897,502,2,4,14300.0,45120.4,1,0,0
3170395,10520,1566,2,5,4600.0,23984.8,1,0,0
686148,2343,2046,2,1,4723.0,40715.1,5,11,28312742
3496943,8132,2190,0,0,290.3,124602.8,7,0,0
808241,2754,1573,2,4,4800.0,29725.8,1,0,0
3461685,2265,1338,0,0,25.1,12490.0,7,0,0
3569785,1190,1641,0,0,76.0,8187.1,7,0,0
1041041,3559,1987,0,3,21054.0,40953.2,1,0,0
608391,2070,1094,2,4,14.6,34991.9,6,0,0
630689,2153,1889,2,1,2223.0,18933.1,3,1,94730412
256035,880,1947,2,4,3700.0,30974.3,1,0,0
3547531,510,2159,0,0,238.0,89337.1,7,0,0
760237,2593,1703,2,4,14.6,23472.3,6,0,0
801505,2733,1686,2,1,780.0,32943.4,5,9,12963968
1010557,3453,1438,2,1,7062.0,55193.9,5,3,53012669
280871,962,1300,0,3,10200.0,21274.0,1,0,0
3476838,8776,880,0,0,177.9,40055.4,7,0,0
3027134,10036,1815,2,4,51400.0,43642.9,1,0,0
633057,2161,1263,2,4,700.0,12309.2,1,0,0
919183,3133,739,2,1,6327.0,15683.9,0,10,98308729
3464806,3138,1794,0,0,89.9,20932.6,7,0,0
1214634,4156,2159,2,4,14.6,13575.5,6,0,0
235426,803,1600,2,4,45200.0,110237.3,1,0,0
3605738,2291,1611,0,0,100.1,23792.5,7,0,0
353695,1201,1074,2,1,1836.0,35672.8,0,8,53580081
1130477,3863,2011,2,1,8504.0,14230.9,5,9,88157391
174595,588,983,0,3,7634.0,34086.6,1,0,0
171843,576,921,0,2,6207.0,24148.0,2,13,30300313
1095679,3745,637,2,4,6000.0,24348.7,1,0,0
2810113,9307,370,2,1,4654.0,15182.2,5,3,84733318
234959,802,1503,0,2,5376.0,38310.4,2,11,83554398
782488,2667,1159,0,2,3270.0,24154.4,1,4,32372063
3589320,1792,1033,0,0,104.1,25387.9,7,0,0
755669,2578,1827,2,4,1280.0,13233.2,1,0,0
1026479,3505,2173,2,4,4000.0,92048.0,1,0,0
1026962,3507,2056,0,3,29118.0,121530.2,1,0,0
612064,2085,2172,2,1,305.0,26153.8,0,11,94459324
585880,1994,1466,2,1,18.0,51360.0,3,12,14715516
2715787,8982,1698,1,4,4778.0,100594.7,1,0,0
3527841,11111,1945,0,0,287.5,82770.8,7,0,0
1130767,3864,1280,0,3,5131.0,6231.0,1,0,0
3538249,232,2159,0,0,242.4,54800.2,7,0,0
380149,1292,1438,2,1,1653.0,36218.6,5,7,61391454
1004890,3429,515,2,4,14.6,25353.9,6,0,0
675049,2306,528,2,1,3586.0,46379.9,0,6,42063969
544214,1851,739,0,3,6236.0,30509.8,1,0,0
3653685,3735,1611,0,0,312.8,99466.0,7,0,0
941918,3214,1803,2,1,2679.0,15674.6,5,3,20723015
801969,2734,1842,2,4,3480.0,18032.7,1,0,0
1012137,3459,1740,0,3,19255.0,52455.9,1,0,0
859875,2930,1860,0,3,44660.0,148230.5,1,0,0
298767,1018,455,2,4,1260.0,24871.6,1,0,0
872444,2972,1050,0,3,49644.0,94494.6,1,0,0
166174,555,1314,2,4,2000.0,28527.8,1,0,0
156019,522,2074,0,3,10816.0,18901.9,1,0,0
3549393,568,2068,0,0,134.4,32684.9,7,0,0
981121,3348,1799,2,4,2400.0,49407.4,1,0,0
179912,609,1224,2,1,67.0,17692.4,1,5,59537684
1066944,3646,1732,0,3,20521.0,97241.8,1,0,0
1170874,4014,2064,2,4,3700.0,42877.7,1,0,0
845747,2880,734,2,4,3000.0,39508.3,1,0,0
1108756,3786,1550,2,4,14.6,41167.7,6,0,0
64277,213,1819,2,5,900.0,51084.6,1,0,0
1310079,4473,1483,2,4,3480.0,49314.5,1,0,0
154552,518,919,2,1,1338.0,25777.5,5,4,39075994
3550512,608,1672,0,0,57.0,12978.3,7,0,0
1110262,3791,2012,0,2,27680.0,54403.5,1,11,14334899
583488,1986,823,0,3,1100.0,1100.0,1,0,0
1649613,5591,1230,2,4,9400.0,37228.2,1,0,0
1165525,3994,1863,0,3,30869.0,65931.2,1,0,0
393976,1338,1491,2,4,14.6,54214.5,6,0,0
9397,33,1781,2,5,700.0,102516.0,1,0,0
1345051,4596,511,2,4,12600.0,8826.0,1,0,0
3448601,3018,1915,0,0,16.6,3154.0,7,0,0
225354,767,1453,2,4,3360.0,28690.1,1,0,0
319548,1091,641,2,4,400.0,22300.0,1,0,0
1392071,4743,724,2,4,21200.0,63674.8,1,0,0
838355,2853,2030,2,4,2900.0,73913.8,1,0,0
719568,2464,1651,2,1,4681.0,48039.8,0,6,74763947
595923,2028,1804,0,3,6100.0,10032.3,1,0,0
531268,1810,1875,2,4,9600.0,41499.6,1,0,0
520247,1776,1855,2,4,2400.0,29319.9,1,0,0
1099508,3756,818,0,3,49906.0,170755.2,1,0,0
580953,1977,1158,0,3,8500.0,17397.5,1,0,0
663390,2265,1858,1,4,15123.0,48608.2,1,0,0
316694,1080,1045,2,1,6185.0,60185.5,5,12,40894991
3592780,1889,1033,0,0,126.4,29748.9,7,0,0
3442639,1518,1491,0,0,384.4,75127.3,7,0,0
529673,1805,1382,2,4,7600.0,72978.1,1,0,0
13948,47,1987,0,2,52886.0,81446.5,1,11,45187926
3577007,1417,1154,0,0,144.5,34349.4,7,0,0
878088,2991,704,2,1,9220.0,55770.2,5,3,62427842
780512,2661,2098,2,4,14.6,17363.1,6,0,0
455879,1548,1349,0,2,3159.0,15311.0,1,13,80514359
664710,2269,2012,2,4,2400.0,18751.2,1,0,0
3450954,4743,484,0,0,60.7,14621.6,7,0,0
355987,1206,1348,2,1,3279.0,23005.0,5,6,50189578
1246692,4264,1180,2,4,21900.0,51855.9,1,0,0
362485,1232,1342,0,3,1600.0,27426.2,1,0,0
2697739,8926,1898,2,1,2693.0,39552.6,0,12,2699643
266519,911,1889,0,3,21900.0,50796.3,1,0,0
56774,189,1772,2,4,5760.0,30655.4,1,0,0
3457843,10266,1672,0,0,333.4,97079.7,7,0,0
1503502,5126,1803,2,4,2240.0,26747.3,1,0,0
1635385,5546,1136,0,2,25369.0,28740.7,1,6,72397291
504852,1724,1773,2,1,1604.0,24601.3,5,9,97682117
3324615,11042,1898,2,4,15300.0,47975.5,1,0,0
729675,2494,1234,1,4,13950.0,36969.7,1,0,0
1110660,3792,1163,2,1,3518.0,10212.8,5,8,13595378
785037,2675,1945,2,5,1600.0,27833.7,1,0,0
970061,3306,889,2,1,59.0,53012.9,0,3,82538950
3571789,1256,880,0,0,138.5,31535.5,7,0,0
432809,1470,1605,2,4,5600.0,30761.8,1,0,0
3540201,289,1125,0,0,191.8,40153.8,7,0,0
733559,2507,1808,2,1,4556.0,33430.8,5,10,59955376
3439675,908,1884,0,0,91.2,18372.5,7,0,0
933440,3184,892,0,2,5115.0,15977.8,2,13,90299844
144828,485,1647,2,1,1591.0,71021.3,0,12,56978738
847283,2885,1778,2,1,7905.0,58669.4,5,5,81014710
1804254,6118,1540,2,4,12300.0,46544.9,1,0,0
3614040,2528,395,0,0,80.7,14764.0,7,0,0
2408093,7944,1830,2,4,22000.0,82069.9,1,0,0
3630424,3026,119,0,0,115.8,32935.2,7,0,0
3452439,5661,2037,2,4,19.3,-18141.3,4,0,0
572950,1949,2044,2,1,43.0,37507.6,3,8,83566981
709295,2427,1834,2,1,868.0,36905.5,0,13,61671554
1131382,3866,1465,0,3,39059.0,60946.1,1,0,0
3594864,1944,2068,0,0,208.1,47524.0,7,0,0
1154088,3948,1985,0,3,22635.0,80041.1,1,0,0
1052554,3600,2172,2,1,1537.0,50658.1,5,8,30949759
418726,1420,2082,0,2,5202.0,35035.0,2,2,37929487
486267,1658,795,0,2,3184.0,19286.5,1,6,35297125
3635290,3171,1703,0,0,94.2,23724.3,7,0,0
1023647,3494,1861,0,2,6027.0,32920.3,2,6,79563820
401171,1366,1803,2,1,1.0,35596.5,3,11,48775595
534930,1822,800,2,1,1996.0,26498.6,5,5,19228476
1503463,5126,1319,2,1,424.0,31189.9,8,4,96935939
838959,2856,2037,2,4,14.6,15265.1,6,0,0
132938,445,1825,2,4,30.0,45308.3,6,0,0
3549518,572,1794,0,0,238.1,60192.7,7,0,0
824076,2808,1406,0,3,1200.0,38173.5,1,0,0
3605879,2294,1764,0,0,104.2,25899.6,7,0,0
1043141,3567,1891,2,1,6943.0,16113.8,0,4,86320829
3467628,3886,1764,0,0,13.4,6384.7,7,0,0
448982,1527,690,2,4,3200.0,17611.2,1,0,0
358103,1216,1677,2,1,2349.0,22908.6,5,8,9067219
442490,1505,1046,0,3,9222.0,33376.6,1,0,0
612672,2087,941,2,4,30.0,52651.3,6,0,0
664986,2270,1825,2,4,14.6,24440.4,6,0,0
1391835,4743,2176,0,3,49772.0,133913.2,1,0,0
2984714,9883,2159,2,4,14.6,43811.4,6,0,0
14697,48,1844,2,4,5640.0,45081.4,1,0,0
1118981,3822,1125,2,4,14.6,23786.0,6,0,0
3558536,860,1825,0,0,112.2,27673.4,7,0,0
272611,932,1723,2,4,2960.0,23116.2,1,0,0
569141,1937,1471,2,4,720.0,15510.4,1,0,0
3573769,1312,1641,0,0,106.1,26608.2,7,0,0
593452,2020,972,2,4,14.6,22461.9,6,0,0
414319,1408,1945,2,4,23800.0,56311.6,1,0,0
3575674,1378,1550,0,0,284.7,67323.1,7,0,0
579803,1973,2078,0,2,2996.0,22646.6,1,8,94480686
111588,377,1106,2,4,7800.0,13290.6,1,0,0
1781350,6040,2048,0,3,22065.0,42107.6,1,0,0
552922,1882,1589,2,1,1936.0,14495.6,0,1,81505483
3352998,11135,1258,2,1,5073.0,44601.8,8,11,31748539
3552749,676,1945,0,0,141.9,32337.7,7,0,0
3438899,701,1825,0,0,159.9,35452.1,7,0,0
773654,2641,435,0,3,21432.0,63214.0,1,0,0
1040910,3558,1642,2,4,11100.0,50125.1,1,0,0
1097405,3750,1228,2,1,7774.0,15400.5,5,11,81509756
3454558,7445,545,0,0,85.3,36265.0,7,0,0
1017991,3478,1837,2,4,1680.0,21467.1,1,0,0
1150938,3936,2048,2,1,432.0,23443.1,3,1,8674580
85893,288,1467,0,2,5315.0,28360.4,2,4,29289990
646985,2211,2068,2,4,100.0,46482.5,6,0,0
829564,2824,1491,2,4,14.6,55163.8,6,0,0
586282,1996,1620,0,2,35934.0,78129.8,1,2,41907382
2123545,7190,2141,2,1,1056.0,30301.7,8,7,63233262
716045,2453,102,0,2,3285.0,6979.4,1,8,70054560
246628,847,1457,2,4,1100.0,19454.6,1,0,0
3569445,1176,1641,0,0,102.9,22421.1,7,0,0
2068794,7011,654,0,3,48431.0,79077.6,1,0,0
122746,412,1618,2,1,8727.0,43740.4,5,12,35379701
524297,1788,747,2,4,650.0,18825.2,1,0,0
2052022,6950,1715,2,4,2280.0,38630.1,1,0,0
910336,3101,1108,2,4,600.0,19204.4,1,0,0
32991,106,1733,2,4,14.6,51883.9,6,0,0
702408,2406,2138,0,2,4780.0,32538.8,2,9,19643825
27438,90,1550,2,4,14.6,24977.1,6,0,0
1747196,5927,710,0,2,16356.0,34341.7,1,6,35778999
3556259,787,1764,0,0,83.1,20907.7,7,0,0
618133,2109,2147,0,3,3200.0,78816.3,1,0,0
1453977,4949,1772,2,4,28400.0,63852.2,1,0,0
677143,2313,1966,2,4,7500.0,26698.9,1,0,0
760117,2593,1678,0,3,19379.0,37316.2,1,0,0
3563667,1000,1550,0,0,286.3,71040.7,7,0,0
480877,1638,2101,0,3,18700.0,53396.5,1,0,0
123505,415,750,2,4,1320.0,24871.6,1,0,0
813662,2770,1884,2,4,14.6,35190.3,6,0,0
50915,171,1716,0,2,6003.0,27159.7,2,7,97819196
3144376,10436,1441,2,1,1511.0,52658.4,8,1,4855519
825845,2813,1851,2,4,1560.0,24078.1,1,0,0
174983,588,1641,2,4,14.6,16841.1,6,0,0
1781667,6040,385,2,4,2400.0,29148.5,1,0,0
194895,660,1915,2,4,14.6,50773.7,6,0,0
1255445,4293,2064,0,3,38850.0,47800.0,1,0,0
873177,2974,1562,0,2,5582.0,43507.9,2,9,85955059
3213576,10663,668,2,4,14.6,45941.2,6,0,0
271092,929,947,0,3,8827.0,43801.8,1,0,0
397085,1351,2142,2,1,2227.0,29499.0,5,9,55786406
676114,2309,2080,2,1,8604.0,27760.4,5,6,33813035
3319401,11027,1957,2,1,2004.2,17475.4,8,9,81596547
356383,1207,386,2,4,3000.0,40258.6,1,0,0
171066,574,1800,0,2,60729.0,102559.8,1,5,7372451
1488545,5072,1672,2,4,14.6,33791.7,6,0,0
2824831,9353,2118,0,3,37387.0,75276.9,1,0,0
1006460,3436,2130,2,4,210.0,27571.4,1,0,0
268906,921,1916,2,4,7000.0,25904.0,1,0,0
586931,1998,1460,2,4,14.6,61686.4,6,0,0
3638376,3259,972,0,0,114.6,27381.0,7,0,0
3636533,3213,1641,0,0,68.5,14941.1,7,0,0
971712,3310,1703,2,4,14.6,12664.7,6,0,0
3536039,168,1641,0,0,59.5,14772.1,7,0,0
841842,2865,1867,2,1,1.0,21965.8,0,8,25167072
431254,1465,1865,2,1,218.0,27598.2,0,2,77944719
559867,1905,2107,0,3,15121.0,29233.9,1,0,0
220306,748,972,2,4,14.6,31506.2,6,0,0
752823,2568,635,2,4,19400.0,38924.3,1,0,0
465361,1583,1033,2,4,100.0,7102.0,6,0,0
927738,3162,1383,2,4,1000.0,30973.8,1,0,0
948449,3233,1519,0,3,29523.0,92858.4,1,0,0
2789419,9236,2168,2,4,6200.0,95157.1,1,0,0
166933,558,1651,0,3,1400.0,23745.0,1,0,0
792521,2701,1651,0,3,9376.0,60097.0,1,0,0
3213328,10663,1168,2,1,4782.0,60666.2,5,13,75102978
364763,1239,1033,2,4,14.6,27599.2,6,0,0
982942,3354,1830,2,1,2704.0,16595.5,0,12,12488460
262040,897,482,1,4,15857.0,61209.8,1,0,0
86924,290,1640,2,4,34800.0,65799.0,1,0,0
96103,327,1764,2,4,14.6,64767.2,6,0,0
154941,519,581,2,1,3245.0,18036.0,5,1,65870404
3558949,870,2159,0,0,81.8,19822.5,7,0,0
376194,1281,1884,2,4,14.6,60825.4,6,0,0
3649588,3617,1185,0,0,259.9,64655.5,7,0,0
1008861,3446,1458,0,3,5643.0,31943.0,1,0,0
239302,817,1281,0,3,21388.0,44048.1,1,0,0
1652494,5602,2018,2,1,3697.8,58798.7,8,3,42234236
258368,885,1774,2,1,2420.0,83909.8,0,11,97141348
181051,615,1592,0,2,3144.0,20040.8,1,3,23401397
518658,1771,1338,2,4,14.6,24517.0,6,0,0
131413,441,2110,2,1,765.0,113784.1,0,12,11125362
686969,2345,1033,2,4,14.6,29902.1,6,0,0
757616,2584,1619,2,1,994.0,13734.0,5,8,90582960
918004,3129,1094,2,4,14.6,22885.0,6,0,0
483601,1646,1446,0,3,27300.0,72202.8,1,0,0
756431,2581,1791,2,4,4680.0,49281.6,1,0,0
3616808,2612,2037,0,0,120.7,37726.8,7,0,0
568427,1934,1122,0,3,3200.0,23057.8,1,0,0
2492633,8225,2080,2,1,3017.2,19498.3,8,10,69110774
784209,2672,2109,2,1,211.0,18538.3,0,5,41447466
3605490,2281,1338,0,0,144.4,35994.7,7,0,0
197481,669,2111,2,1,1947.0,18680.4,5,12,12925506
1029582,3516,2014,2,4,7500.0,9380.5,1,0,0
1897631,6425,1491,2,4,14.6,17329.7,6,0,0
1100574,3759,1851,2,4,1600.0,18197.5,1,0,0
642734,2195,833,0,3,16654.0,59193.8,1,0,0
2687688,8896,1341,0,3,28134.0,86175.5,1,0,0
3573788,1314,364,0,0,92.9,25688.9,7,0,0
3467611,3886,1246,0,0,302.0,94139.7,7,0,0
2028116,6872,1290,0,2,20116.0,69983.1,1,1,58239436
3281880,10904,1529,0,3,3200.0,21930.8,1,0,0
3563056,985,1185,0,0,73.8,18168.7,7,0,0
773256,2639,1063,2,4,14.6,28394.6,6,0,0
3549316,565,1519,0,0,108.1,26871.9,7,0,0
118319,397,1108,0,2,30905.0,43077.4,1,10,63246583
61727,204,1611,2,4,14.6,13539.2,6,0,0
170529,572,2137,2,1,349.0,52533.8,3,9,5563730
109726,370,1590,2,4,1110.0,21066.5,1,0,0
1535118,5228,383,2,4,6300.0,41181.0,1,0,0
527693,1801,646,2,1,3419.0,23122.0,0,13,80957543
3622484,2778,2098,0,0,118.3,31446.6,7,0,0
62590,207,941,2,4,14.6,34465.1,6,0,0
85673,287,1854,2,4,720.0,14944.4,1,0,0
891065,3037,1276,2,4,14.6,-1531.0,6,0,0
3664700,4434,1276,0,0,346.3,41388.6,7,0,0
3547398,506,1399,0,0,194.9,48296.8,7,0,0
1907836,6463,983,0,3,1000.0,1000.0,1,0,0
3600912,2139,2098,0,0,175.1,40566.9,7,0,0
181783,617,2164,1,4,14025.0,44770.6,1,0,0
636714,2175,1164,0,3,24744.0,69537.7,1,0,0
72597,241,1955,2,1,610.0,32661.8,3,3,14364838
441791,1501,1945,2,4,14.6,28864.3,6,0,0
957461,3261,738,2,4,960.0,19538.4,1,0,0
1024493,3497,1915,2,4,14.6,44701.2,6,0,0
3468313,4078,272,0,0,210.6,51125.4,7,0,0
1036287,3545,711,0,3,30304.0,65044.8,1,0,0
2520587,8316,1611,2,4,14.6,55379.0,6,0,0
1192310,4081,1442,0,3,17817.0,15104.2,1,0,0
250137,859,1920,2,1,463.0,27086.9,5,10,87632876
1270069,4343,1038,0,3,15605.0,69135.0,1,0,0
3551604,638,1063,0,0,189.1,38482.9,7,0,0
3539001,257,1429,0,0,101.6,45364.9,7,0,0
3282298,10906,1746,0,3,33105.0,82484.6,1,0,0
95480,325,1776,2,1,2741.0,14965.2,5,4,69376104
2592152,8564,1778,2,4,3100.0,63378.5,1,0,0
3578194,1451,1580,0,0,67.7,17434.1,7,0,0
628729,2146,1270,2,4,5000.0,26143.6,1,0,0
661270,2257,1471,0,2,3374.0,21913.3,1,6,48985826
3653159,3718,788,0,0,84.6,21195.4,7,0,0
849276,2894,1401,0,3,26273.0,120641.8,1,0,0
1365876,4660,2139,2,1,2121.0,41873.8,5,9,85892647
2108177,7136,1133,2,1,2235.0,25305.6,0,11,45092648
119513,401,159,2,1,3600.0,52388.0,5,1,66742342
254704,874,2075,2,1,7025.0,31751.5,0,10,22497678
3584535,1644,1825,0,0,167.9,38078.8,7,0,0
483624,1646,1548,0,3,24062.0,62887.7,1,0,0
826707,2816,1869,2,1,644.0,39836.6,0,6,33418482
578726,1970,1623,2,1,1774.0,53200.6,5,3,44169485
886936,3024,1591,2,1,1650.0,30554.7,0,3,13622033
3650675,3646,2159,0,0,318.3,66437.3,7,0,0
3438617,604,1276,0,0,151.9,36132.2,7,0,0
590247,2009,2047,2,1,1268.0,52425.4,0,7,55095195
3539358,268,1491,0,0,89.9,19337.7,7,0,0
415579,1411,1764,2,4,14.6,77289.0,6,0,0
8000,29,1469,2,4,1320.0,15762.8,1,0,0
432723,1470,760,2,4,14.6,32600.6,6,0,0
898037,3060,2010,2,4,24800.0,27509.0,1,0,0
244073,837,1338,2,4,14.6,61947.5,6,0,0
1271359,4347,395,2,4,14.6,35772.1,6,0,0
122786,412,2003,1,4,8405.0,83482.0,1,0,0
89982,303,1733,2,4,14.6,48311.4,6,0,0
486882,1660,1639,0,3,30652.0,70908.7,1,0,0
878083,2991,551,2,1,9220.0,55869.6,5,3,62427842
1128363,3855,1108,2,1,5578.0,54862.6,0,5,38085216
1119506,3824,1764,2,4,14.6,17073.7,6,0,0
2847266,9422,1550,2,4,9600.0,46310.2,1,0,0
1190801,4078,1471,0,3,23736.0,78116.4,1,0,0
3478343,9034,1491,0,0,187.5,45725.6,7,0,0
220167,748,1527,2,1,6492.0,46666.5,5,8,75135111
281405,965,431,0,3,4280.0,28062.8,1,0,0
3583385,1611,2037,0,0,244.7,59040.3,7,0,0
3098479,10280,1805,2,4,5400.0,31863.6,1,0,0
150166,500,2082,0,3,2300.0,18144.3,1,0,0
758077,2585,272,2,4,2280.0,48145.1,1,0,0
2107096,7133,409,2,4,4000.0,26253.6,1,0,0
3607723,2352,788,0,0,28.7,21480.7,7,0,0
1094353,3742,1746,0,2,4454.0,24889.5,2,4,47205090
159603,535,824,2,1,62.0,31609.1,0,11,15932035
1838527,6226,607,2,4,30.0,55835.3,6,0,0
607827,2068,812,2,4,700.0,21114.3,1,0,0
564631,1922,2105,0,3,16676.0,109731.4,1,0,0
10053,34,1069,2,4,23500.0,47313.7,1,0,0
304470,1038,1926,2,1,2006.0,17765.0,5,8,88674932
1149508,3932,1625,2,1,1593.0,21491.6,5,11,38860297
744081,2541,1713,2,1,1822.0,36689.7,5,5,5857146
36457,117,800,2,4,1120.0,19977.0,1,0,0
1563111,5313,1487,2,4,3000.0,42574.1,1,0,0
854197,2911,1595,2,4,200.0,28384.1,1,0,0
892179,3041,2016,2,1,130.0,12976.9,5,6,96395837
1012526,3462,1158,0,3,700.0,700.0,1,0,0
433599,1473,2159,2,4,14.6,19699.8,6,0,0
452063,1536,1379,1,4,2646.0,40297.8,1,0,0
3562332,963,1580,0,0,201.4,49325.4,7,0,0
636328,2172,2108,2,1,3413.0,20449.6,5,6,8108789
554478,1887,818,2,4,1600.0,25232.8,1,0,0
1067373,3647,2105,2,1,5842.0,29413.6,5,8,97101318
1853010,6273,736,2,4,7200.0,28473.3,1,0,0
3543070,379,1976,0,0,45.7,10524.0,7,0,0
932934,3182,1679,2,1,6455.0,35316.8,5,1,83704822
171884,576,2170,0,2,6207.0,40465.5,2,13,30300313
39669,128,1157,2,4,2200.0,42460.0,1,0,0
666647,2275,2049,2,4,2300.0,17988.5,1,0,0
869736,2962,1029,0,3,42869.0,142985.7,1,0,0
900512,3068,1104,2,4,1900.0,20254.4,1,0,0
711189,2431,813,0,3,10500.0,16577.0,1,0,0
3620405,2720,2006,0,0,220.2,58477.2,7,0,0
424406,1441,1840,2,4,1280.0,15406.0,1,0,0
2956285,9790,1472,2,1,2791.0,21909.0,8,11,22918135
878339,2991,1773,2,1,107.0,50309.9,0,5,62011402
1095810,3745,1325,2,4,8400.0,62475.8,1,0,0
1075624,3675,1163,0,2,46099.0,67587.7,1,9,52950161
2502234,8260,1642,2,5,2400.0,72563.6,1,0,0
1113707,3804,722,2,4,6300.0,45737.7,1,0,0
1657158,5622,344,0,3,47006.0,111426.7,1,0,0
684121,2335,2019,2,1,1069.0,1429.1,0,3,61203175
176515,596,1284,0,3,16909.0,61023.8,1,0,0
313761,1071,953,2,1,4219.5,48908.5,8,4,21432626
66969,222,1453,2,4,35400.0,54219.4,1,0,0
37969,123,405,2,1,3016.0,14750.2,5,6,97764080
1068203,3649,1783,2,4,12100.0,42195.1,1,0,0
2439271,8041,1332,2,4,21200.0,74999.0,1,0,0
223512,760,1802,2,4,2040.0,34807.7,1,0,0
247818,851,1705,2,4,16500.0,93329.8,1,0,0
3660068,3926,1672,0,0,115.8,28599.1,7,0,0
545583,1856,1648,2,1,725.0,23165.3,1,7,85599320
359547,1222,1075,0,2,6310.0,45656.2,2,6,77489798
849038,2893,2134,0,2,3382.0,22969.5,1,4,14506274
63172,209,1682,2,1,41.0,21428.8,0,3,52778792
3431072,11382,1043,0,2,30832.0,67253.7,1,9,62510245
34084,110,1320,0,3,23438.0,24338.0,1,0,0
791684,2699,1835,2,5,2100.0,25753.5,1,0,0
216056,734,1193,0,3,300.0,300.0,1,0,0
144951,485,1309,1,4,20263.0,39391.7,1,0,0
3543519,396,423,0,0,243.6,58867.1,7,0,0
3560135,899,1976,0,0,83.8,24688.7,7,0,0
2044700,6930,469,2,4,900.0,69337.9,1,0,0
921533,3141,1007,2,1,9905.0,18947.6,5,9,83041977
972101,3311,1915,2,4,14.6,94072.4,6,0,0
204045,692,1610,2,4,13200.0,27736.5,1,0,0
147918,494,1185,2,4,14.6,28769.2,6,0,0
824259,2809,1867,2,1,1764.0,36547.6,5,8,88213985
3589661,1801,1915,0,0,163.0,42802.9,7,0,0
610112,2077,1429,2,4,14.6,25711.1,6,0,0
630176,2151,1922,2,1,1227.0,13696.0,0,4,97779327
316521,1079,2086,2,4,16700.0,60158.7,1,0,0
3610501,2432,1825,0,0,139.8,31392.7,7,0,0
235381,803,1550,2,4,14.6,107556.8,6,0,0
798037,2719,1466,2,1,2889.0,21237.7,5,1,84430861
788699,2688,1550,2,4,14.6,12375.2,6,0,0
2378611,7844,588,2,1,3816.0,56135.3,8,11,97729610
1401358,4774,1101,0,3,23442.0,67297.9,1,0,0
233017,793,1708,0,2,3401.0,29397.0,1,5,6149286
709262,2427,828,2,1,868.0,18120.3,0,13,61671554
161014,540,2068,0,3,49565.0,83304.6,1,0,0
1018461,3479,1154,2,4,14.6,26156.8,6,0,0
608744,2072,492,0,3,24225.0,62059.3,1,0,0
2476142,8169,1451,2,4,8900.0,23643.3,1,0,0
656438,2243,1619,2,4,22240.0,26813.3,1,0,0
576655,1964,1562,2,4,2240.0,24018.8,1,0,0
3248823,10788,1724,0,3,22865.0,29831.3,1,0,0
652281,2228,1611,2,4,14.6,16274.5,6,0,0
139374,467,861,0,3,10249.0,24574.0,1,0,0
3653842,3738,2037,0,0,133.4,36819.2,7,0,0
463629,1577,1672,2,4,14.6,21712.6,6,0,0
3466110,3510,1884,0,0,304.8,58902.1,7,0,0
1611030,5472,303,2,4,14.6,29075.1,6,0,0
1982542,6715,1884,2,4,30.0,13008.3,6,0,0
710938,2431,2134,2,1,1243.0,50038.9,5,6,96937953
171073,574,2012,0,2,40486.0,87479.1,1,5,7372451
2908811,9635,1524,2,4,3600.0,4381.6,5,0,0
1097046,3748,972,2,4,14.6,14854.5,6,0,0
305830,1042,1794,2,4,14.6,34619.3,6,0,0
370801,1261,1976,2,4,14.6,73294.5,6,0,0
3031511,10049,1770,2,1,1609.0,22855.7,5,2,7603472
309778,1055,1678,0,2,3071.0,19144.4,1,3,91706966
3566875,1105,2159,0,0,156.2,38842.0,7,0,0
3607724,2352,819,0,0,105.1,33237.8,7,0,0
258084,884,1764,2,4,14.6,27473.0,6,0,0
1194631,4088,1545,2,4,6600.0,22765.8,1,0,0
663125,2264,1744,2,1,1810.0,29257.6,5,3,60699409
103152,352,1629,2,4,11250.0,15693.4,1,0,0
648982,2218,1434,2,4,50000.0,81532.4,1,0,0
3598208,2044,1368,0,0,144.3,36884.2,7,0,0
690577,2359,1764,2,4,14.6,21997.4,6,0,0
640224,2186,1105,0,2,5492.0,28585.4,2,11,28264111
598418,2037,612,2,1,8535.0,22178.8,0,2,40179944
1399806,4768,1641,2,4,14.6,35833.0,6,0,0
88594,299,111,0,3,33882.0,34482.0,1,0,0
3604725,2255,1491,0,0,61.8,13060.5,7,0,0
3531016,22,1945,0,0,184.9,45781.7,7,0,0
1424019,4851,2049,2,1,5902.2,54260.7,8,7,12253350
913634,3113,1832,2,5,2700.0,61263.4,1,0,0
3563136,987,1794,0,0,196.4,45288.4,7,0,0
339871,1153,830,2,1,4918.0,18780.8,5,9,24663144
345644,1170,1922,2,1,13057.0,60607.5,5,3,53990995
316498,1079,1396,2,4,2500.0,37322.9,1,0,0
881550,3003,1215,2,4,14.6,40407.1,6,0,0
272439,931,1847,2,4,1100.0,25687.0,1,0,0
598786,2038,1708,0,3,5463.0,37667.6,1,0,0
161774,541,1841,2,5,2400.0,26931.7,1,0,0
3488212,7424,2098,0,0,154.7,19130.7,7,0,0
494255,1685,1764,2,4,14.6,47043.6,6,0,0
710933,2431,1981,2,1,1243.0,49204.7,5,6,96937953
3475962,8558,2006,0,0,116.3,31071.8,7,0,0
146359,490,1953,0,2,3063.0,18593.7,1,8,74493413
1814954,6148,1980,2,4,11500.0,83467.4,1,0,0
515634,1762,2006,2,4,14.6,25413.1,6,0,0
682000,2327,908,2,4,4800.0,22015.2,1,0,0
1176993,4035,1276,2,4,14.6,20038.6,6,0,0
325471,1112,1617,0,3,28228.0,85097.4,1,0,0
476709,1625,1677,2,1,1727.0,18540.4,0,4,10578328
594255,2023,738,2,1,1052.0,34711.4,3,11,74848830
3554103,718,1825,0,0,74.5,24875.4,7,0,0
859561,2929,2042,0,2,36583.0,105117.3,1,12,49262940
2849,11,1806,0,2,3494.0,40355.4,1,5,89189946
491852,1678,1165,0,3,23116.0,66699.0,1,0,0
752972,2569,1527,0,2,6772.0,29694.7,2,2,39914208
206907,702,2173,2,1,2813.0,17050.8,5,3,53787499
3460713,1985,1856,0,0,53.4,10921.8,7,0,0
936889,3197,1033,2,4,14.6,22414.8,6,0,0
1082038,3695,1797,2,4,2400.0,22252.8,1,0,0
3564039,1013,1764,0,0,61.6,15197.9,7,0,0
1078347,3683,1473,2,4,2880.0,70928.7,1,0,0
1123995,3838,726,2,4,15200.0,34161.6,1,0,0
50201,168,1069,2,4,180.0,18275.1,1,0,0
41554,137,1712,0,3,23209.0,54501.3,1,0,0
1814947,6148,1770,2,4,10600.0,80140.7,1,0,0
518496,1771,1287,2,1,3052.0,29202.1,5,4,38500511
235436,803,1851,2,4,27900.0,30334.9,1,0,0
571799,1945,1460,2,4,14.6,63698.0,6,0,0
794438,2706,1959,0,3,3400.0,22600.0,1,0,0
190336,646,1640,2,4,6700.0,22829.4,1,0,0
956292,3259,915,2,1,1350.0,23821.5,0,13,45163714
133116,446,1072,0,3,36240.0,79963.7,1,0,0
3577861,1442,1519,0,0,125.7,31059.9,7,0,0
636998,2175,1376,2,4,8500.0,39390.2,1,0,0
497999,1697,2080,0,2,3332.0,18662.4,1,11,45188421
674211,2303,2129,2,4,14.6,20332.2,6,0,0
501596,1709,2112,0,3,18069.0,67591.4,1,0,0
976357,3327,493,2,1,1923.0,35759.7,5,1,65687149
115556,390,1834,2,4,24300.0,65437.8,1,0,0
3442892,1585,1856,0,0,203.7,71703.0,7,0,0
2051953,6950,2019,2,1,8561.0,51402.9,5,10,88771885
1406915,4794,2104,2,1,603.0,23728.1,0,3,60735916
267009,914,1321,0,2,3448.0,17478.0,1,7,44114095
72191,239,1319,2,4,16800.0,71713.9,1,0,0
2042904,6924,786,2,4,9300.0,26066.7,1,0,0
526741,1797,2068,2,4,14.6,54259.0,6,0,0
3532977,73,819,0,0,150.9,36207.6,7,0,0
1596966,5423,1368,2,4,17200.0,98840.9,1,0,0
1562996,5313,978,2,1,958.0,24596.9,3,1,62256020
794614,2707,1743,2,1,2546.0,101753.3,0,4,63447183
1218821,4171,552,2,4,14300.0,36758.2,1,0,0
3571532,1246,1460,0,0,85.6,21819.4,7,0,0
479789,1635,1774,2,1,5683.0,40381.0,5,3,72468793
1331746,4550,1796,2,4,2160.0,19508.4,1,0,0
4654,19,1553,2,4,15000.0,-10385.3,5,0,0
787776,2684,1833,0,3,4800.0,32952.8,1,0,0
604293,2057,1923,0,3,21043.0,64990.1,1,0,0
689577,2355,972,2,4,22200.0,47721.7,1,0,0
199981,678,1540,2,4,2900.0,13238.2,1,0,0
522007,1781,1853,2,4,450.0,20053.3,1,0,0
3642614,3393,1945,0,0,61.1,13834.9,7,0,0
2371484,7819,769,2,1,1296.0,14122.5,3,2,46939146
1044412,3571,1227,2,1,222.0,28620.1,0,1,82703417
405763,1381,1068,2,1,2705.0,17373.5,5,10,30807364
2465006,8129,1856,2,4,14.6,44940.6,6,0,0
1082342,3696,1958,2,4,17800.0,52653.9,1,0,0
1921538,6512,1635,1,4,20693.0,6053.4,1,0,0
825511,2813,1892,0,3,14422.0,38494.7,1,0,0
321267,1098,1074,2,1,1007.0,29056.5,0,4,47811776
3644624,3466,849,0,0,127.9,36378.6,7,0,0
3597694,2027,972,0,0,112.2,27611.9,7,0,0
102912,351,1843,0,3,1800.0,23986.4,1,0,0
2102966,7123,303,2,4,100.0,79418.4,6,0,0
472490,1607,1295,2,4,19300.0,44187.5,1,0,0
2439255,8041,976,2,4,61100.0,65308.4,1,0,0
3594033,1924,1429,0,0,108.8,27647.7,7,0,0
600282,2043,1270,2,4,900.0,25201.8,1,0,0
513373,1756,1778,2,4,15000.0,44907.7,1,0,0
2868779,9493,1513,1,4,3372.0,25308.7,1,0,0
73027,243,1264,0,3,42975.0,91989.8,1,0,0
568021,1934,1621,0,3,16474.0,45944.5,1,0,0
1005381,3431,1659,2,4,11300.0,42789.4,1,0,0
163553,546,2074,0,2,4410.0,17134.0,2,1,26197439
1103917,3771,515,2,4,14.6,40184.6,6,0,0
2791356,9241,1593,2,4,4700.0,60243.1,1,0,0
695048,2377,1868,2,1,1652.0,13681.7,0,11,10629874
72151,239,310,2,4,28800.0,83637.5,1,0,0
720932,2469,1471,2,4,630.0,17227.2,1,0,0
2438060,8038,1680,2,1,5215.0,57182.2,5,1,66150927
306146,1044,1284,2,1,2880.0,33399.5,5,7,62729650
836251,2847,977,0,3,7778.0,40427.7,1,0,0
3636126,3201,1825,0,0,160.7,34140.2,7,0,0
447505,1519,1854,2,5,2600.0,60953.9,1,0,0
1291775,4414,882,0,3,4400.0,29282.1,1,0,0
431055,1464,1449,2,4,3900.0,23467.7,1,0,0
2616263,8645,1747,0,3,16929.0,55978.1,1,0,0
3671641,5591,1491,0,0,158.1,29471.5,7,0,0
3145516,10439,684,2,4,13700.0,37062.3,1,0,0
3638061,3251,2098,0,0,139.1,33311.6,7,0,0
631243,2155,1159,2,1,735.0,18358.5,5,5,66442948
580930,1977,1491,2,4,14.6,22746.9,6,0,0
9171,32,1929,2,4,17400.0,61601.4,1,0,0
257681,883,380,0,3,4800.0,22022.0,1,0,0
1982562,6715,587,0,3,500.0,21228.4,1,0,0
244748,840,2020,0,3,24420.0,38384.2,1,0,0
985433,3361,1550,2,4,14.6,31372.1,6,0,0
536329,1826,1641,2,4,14.6,28437.9,6,0,0
842918,2868,1844,2,4,1120.0,18145.0,1,0,0
784449,2673,1619,2,1,4111.0,39370.8,0,7,7310396
687240,2346,1442,2,1,6970.0,34018.4,3,12,92272942
3657014,3832,1185,0,0,71.0,21650.2,7,0,0
339967,1153,1563,2,1,1033.0,16165.1,0,7,55908048
3575364,1370,2006,0,0,142.8,32885.9,7,0,0
696038,2379,379,2,4,3240.0,15968.3,1,0,0
3462266,2436,1519,0,0,238.7,61552.7,7,0,0
502041,1711,1866,2,1,2158.0,24616.7,3,2,58891451
1144112,3913,1522,2,4,13800.0,41316.8,1,0,0
3575109,1358,2068,0,0,182.7,44023.3,7,0,0
3629372,2986,1915,0,0,247.4,44204.3,7,0,0
215492,731,1976,2,4,14.6,15528.8,6,0,0
430309,1461,2092,2,4,29900.0,70768.3,1,0,0
3458129,10656,2068,2,4,30.9,2886.0,4,0,0
31584,102,1068,2,1,3373.0,16658.2,5,6,63927906
3469911,4329,1491,0,0,65.5,16534.7,7,0,0
154887,519,1136,0,2,6987.0,17888.2,2,13,96366220
551823,1879,863,0,2,3039.0,16050.2,1,9,19752383
142921,478,1429,2,4,14.6,58197.0,6,0,0
1052445,3600,1038,0,2,6623.0,46400.8,2,9,65717464
2833873,9377,1192,2,1,2758.0,15242.2,5,9,54912304
3576841,1412,1033,0,0,135.2,32699.6,7,0,0
3606357,2313,395,0,0,82.4,19500.7,7,0,0
722490,2473,1650,0,2,2995.0,15556.3,1,12,49238216
1108545,3786,1807,0,3,6433.0,83643.5,1,0,0
605867,2062,1405,1,4,2275.0,28242.4,1,0,0
55619,186,1936,2,4,1800.0,109200.4,1,0,0
12063,40,1283,2,1,33.0,22773.1,5,10,31161588
2028303,6872,1514,0,3,24100.0,28992.4,1,0,0
444792,1512,1471,2,4,2640.0,31641.7,1,0,0
1006628,3437,1928,2,1,478.0,80938.3,5,8,91245090
153661,515,2111,0,2,4126.0,20556.1,2,9,25254559
118089,396,545,2,4,14.6,66748.1,6,0,0
300591,1023,1094,2,4,24300.0,36010.2,1,0,0
87387,291,1825,2,4,14.6,73140.3,6,0,0
933310,3183,1703,2,4,14.6,27762.6,6,0,0
1578424,5366,668,2,4,14.6,29191.6,6,0,0
3478341,9034,1429,0,0,110.3,34386.2,7,0,0
262507,898,1456,2,4,4320.0,40349.1,1,0,0
1611104,5472,513,2,4,5900.0,27530.1,1,0,0
3563354,991,2159,0,0,360.0,87819.3,7,0,0
261631,896,1089,2,4,1100.0,27055.8,1,0,0
622033,2122,999,2,4,2400.0,53995.8,1,0,0
20482,68,916,2,1,137.0,25368.1,3,10,34692824
125312,422,1472,2,4,5100.0,41479.2,1,0,0
911327,3107,1849,2,4,800.0,68882.7,1,0,0
3652210,3691,545,0,0,108.2,23956.8,7,0,0
142396,477,885,2,1,463.0,32761.1,3,5,25759440
1329773,4543,662,2,4,720.0,28718.3,1,0,0
1107795,3784,2108,0,3,7415.0,46039.4,1,0,0
638845,2179,918,2,4,24100.0,56111.0,1,0,0
951686,3244,2134,2,1,219.0,15586.2,0,3,55354916
1073044,3667,1071,0,3,6694.5,29729.9,1,0,0
3469430,4264,364,0,0,104.7,32554.7,7,0,0
1128578,3855,1906,2,4,11900.0,29529.2,1,0,0
3452239,5483,1002,0,0,181.5,41574.4,7,0,0
614479,2095,1503,0,3,19987.0,48673.0,1,0,0
3488425,7445,941,0,0,184.2,40733.3,7,0,0
1176804,4035,1344,0,2,29880.0,64802.0,1,13,86406272
930727,3172,1682,0,2,2913.0,9339.0,1,2,32833820
987789,3368,1733,2,4,14.6,48791.2,6,0,0
381702,1297,1344,0,3,20511.0,61302.4,1,0,0
741771,2532,2083,2,4,35700.0,45266.4,1,0,0
1764205,5984,742,2,4,2600.0,52666.0,1,0,0
1703098,5774,1413,0,3,19612.0,40164.4,1,0,0
178419,603,1529,2,1,4361.0,32888.5,5,6,46360403
1003712,3425,1926,0,2,3970.0,52792.4,1,1,15435099
882910,3007,1172,2,4,14200.0,30025.6,1,0,0
3464036,2905,1399,0,0,147.6,31463.8,7,0,0
526385,1796,1884,2,4,14.6,37766.6,6,0,0
44889,150,1134,2,4,1800.0,32696.7,1,0,0
3610986,2450,1429,0,0,282.5,70430.9,7,0,0
3437425,387,2068,0,0,125.9,22114.9,7,0,0
77840,259,1530,2,1,2857.0,17428.4,0,3,8156723
815563,2778,1530,2,1,5821.0,20236.0,0,13,18643141
674225,2303,1813,2,4,18000.0,42541.2,1,0,0
408126,1389,1945,2,4,14.6,21226.6,6,0,0
1028020,3510,423,2,4,44400.0,66681.0,1,0,0
2371665,7819,1896,2,1,434.0,20393.5,8,11,847703
548008,1865,1769,2,4,3360.0,36410.0,1,0,0
1108619,3786,1618,1,4,3999.0,29166.7,1,0,0
897688,3058,1800,2,4,21900.0,41366.4,1,0,0
313340,1069,941,2,4,14.6,16494.2,6,0,0
308769,1052,1825,2,4,14.6,19098.1,6,0,0
42643,142,1532,2,1,1845.0,22740.7,5,13,23734498
1146552,3921,1604,2,4,26500.0,90180.4,1,0,0
2106701,7133,1442,2,1,44.0,12956.6,0,13,28418004
2005253,6792,1684,2,1,423.0,32318.2,3,13,5785042
456311,1550,1863,0,3,7884.0,25871.0,1,0,0
900612,3069,679,0,3,23156.0,57835.8,1,0,0
1075278,3674,2149,1,4,23410.0,50934.0,1,0,0
496227,1691,2098,2,4,14.6,22072.5,6,0,0
3462141,2411,2098,0,0,205.0,36944.3,7,0,0
460663,1566,648,2,1,948.0,17075.4,0,8,12450731
982004,3352,585,2,1,2360.0,21155.5,5,5,76645076
3583645,1621,395,0,0,108.3,32418.3,7,0,0
172428,577,1703,2,4,14.6,41822.2,6,0,0
113590,383,1711,0,2,3086.0,12944.0,1,8,27836823
349063,1184,1835,2,4,8700.0,49113.3,1,0,0
263193,900,1318,2,1,5950.0,16931.0,5,10,51806682
1342998,4589,1404,0,3,4893.0,28301.0,1,0,0
388654,1321,1945,2,4,14.6,24987.0,6,0,0
144078,483,1856,2,4,14.6,12101.6,6,0,0
1155511,3954,1471,0,2,6109.0,32639.0,2,4,60466706
104842,358,1013,2,1,532.0,14416.1,5,11,86354624
1562705,5313,658,0,3,42411.0,125345.8,1,0,0
710739,2430,2098,2,4,14.6,51339.6,6,0,0
367504,1249,1716,2,1,1361.0,36824.9,3,9,4520500
884,3,2135,2,1,1135.0,41595.5,5,12,83084338
1310725,4476,1741,2,1,3103.0,32025.4,3,4,96384197
353696,1201,1105,2,1,1836.0,24772.7,0,8,53580081
2108411,7136,1938,2,4,500.0,43142.2,1,0,0
3570931,1223,1945,0,0,163.5,38886.9,7,0,0
3597473,2022,849,0,0,97.9,24507.3,7,0,0
71173,237,729,2,4,14.6,18710.8,6,0,0
556757,1895,1592,2,1,5810.0,31864.3,5,13,97079294
483416,1645,1775,0,3,13617.0,41749.3,1,0,0
986977,3366,1366,2,4,4400.0,39238.3,1,0,0
863365,2939,1909,2,4,4100.0,20959.2,1,0,0
769857,2627,1324,2,4,1840.0,18895.1,1,0,0
412255,1402,2004,2,4,9400.0,27239.9,1,0,0
313846,1071,1686,1,4,17804.0,24439.1,1,0,0
1764233,5984,469,2,4,4100.0,50968.5,1,0,0
3340765,11096,1897,2,1,6661.0,29042.0,5,9,41980844
3504444,8856,1399,0,0,205.7,80837.2,7,0,0
1045884,3576,1837,2,4,1600.0,17966.8,1,0,0
2868617,9493,951,0,2,23585.0,68216.5,1,13,61292606
463549,1577,1741,2,1,290.0,24590.7,3,9,87333589
3537653,216,1491,0,0,119.7,25094.7,7,0,0
88820,299,124,2,4,3700.0,30825.1,1,0,0
1113183,3802,1884,2,4,14.6,21683.5,6,0,0
553892,1885,2040,2,4,6700.0,16832.7,1,0,0
3446119,849,2190,2,4,5.3,-405.2,4,0,0
271148,929,461,2,1,5884.0,28203.3,5,10,61865889
3284147,10911,800,2,1,3647.0,38399.1,8,9,35383486
3574942,1352,1733,0,0,186.7,47404.6,7,0,0
227887,774,1478,0,3,1200.0,18862.9,1,0,0
779067,2655,2078,2,4,4200.0,48602.9,1,0,0
1115798,3810,2068,2,4,14.6,46853.4,6,0,0
102206,347,1606,2,4,10900.0,55974.5,1,0,0
609427,2074,2098,2,4,14.6,41823.0,6,0,0
1015346,3471,1625,2,1,846.0,73861.6,0,13,42072856
674482,2305,584,0,2,3542.0,20362.2,1,11,49954766
471230,1604,1229,0,3,17735.0,38233.2,1,0,0
369083,1255,1920,0,2,34934.0,71001.3,1,12,76384728
898355,3062,1856,2,4,14.6,20173.9,6,0,0
1319172,4503,1367,2,4,25200.0,84411.3,1,0,0
1270949,4346,1708,2,1,3067.0,54758.9,0,1,19900185
365328,1242,1541,0,3,22783.0,95136.2,1,0,0
598397,2037,2171,2,1,762.0,65737.8,5,4,62236136
171493,575,916,2,1,756.0,30009.2,5,6,32180041
855243,2914,1771,2,1,3367.0,31875.9,0,13,60860872
284730,978,650,0,2,6556.0,32634.4,2,1,70656674
133907,449,857,0,2,4456.0,22281.1,2,5,8272439
424302,1441,2164,0,2,6354.0,45209.9,2,1,3778255
701201,2399,1470,2,4,1400.0,29912.3,1,0,0
14147,47,1466,2,1,141.0,42717.5,3,3,83359431
236221,807,1953,2,1,12579.0,40560.8,5,5,21882123
41091,135,1095,2,4,2300.0,40940.9,1,0,0
960762,3273,1408,0,2,49761.0,82960.2,1,10,48559629
809237,2758,1121,2,4,7040.0,25106.8,1,0,0
11803,39,972,2,4,14.6,27397.5,6,0,0
965342,3289,766,2,1,3841.0,26592.6,0,4,75018042
3490486,7606,1368,0,0,328.9,73816.6,7,0,0
900503,3068,714,2,4,2900.0,28623.8,1,0,0
3592863,1891,1491,0,0,245.6,58612.8,7,0,0
93787,319,1989,2,1,1057.0,73483.9,5,6,87909203
3654144,3747,2098,0,0,62.8,14560.4,7,0,0
462387,1571,1519,2,4,14.6,14960.3,6,0,0
524005,1787,698,2,4,30.0,64981.1,6,0,0
350086,1189,795,2,1,344.0,16598.1,1,4,59060120
1028261,3511,1855,2,4,1120.0,16618.0,1,0,0
3569141,1166,1063,0,0,193.2,48302.7,7,0,0
3460430,374,1945,0,0,185.6,50124.9,7,0,0
184048,625,1984,2,1,11457.0,71354.5,5,9,50207537
381528,1296,1708,2,1,1607.0,11967.3,5,4,57227110
2819090,9333,2030,0,3,17008.0,74866.5,1,0,0
871294,2968,1564,2,1,2284.0,69353.3,0,13,56916338
2448606,8073,1361,0,3,39631.0,90298.6,1,0,0
273407,936,1703,2,4,14.6,14365.3,6,0,0
281490,965,829,2,1,2853.0,16048.5,5,4,43064683
194064,657,848,2,4,4920.0,21721.0,1,0,0
643241,2197,2147,2,5,2800.0,49854.5,1,0,0
3650762,3649,880,0,0,209.7,51391.5,7,0,0
59004,197,1800,0,3,32577.0,76344.3,1,0,0
709387,2427,575,1,4,5249.0,58126.6,1,0,0
520284,1776,2098,2,4,14.6,41538.0,6,0,0
1811101,6138,1776,2,1,2817.3,22546.4,8,3,68264150
594396,2023,391,2,4,1320.0,34621.0,1,0,0
3467777,3940,1429,0,0,175.4,40097.4,7,0,0
302307,1029,1825,2,4,14.6,49000.7,6,0,0
1161260,3976,1464,2,4,960.0,12461.1,1,0,0
358904,1219,1437,0,3,8968.0,37294.7,1,0,0
858042,2925,2080,0,3,6446.0,36651.6,1,0,0
682025,2327,1718,2,4,3500.0,14452.0,1,0,0
557546,1897,1914,0,3,14679.0,32916.9,1,0,0
2628103,8688,2051,2,4,9800.0,45045.7,1,0,0
193228,655,642,2,1,341.0,42847.2,0,5,19362265
1158611,3967,1470,1,4,15813.0,59785.5,1,0,0
1295064,4423,1868,2,1,2051.0,39423.6,8,4,47825217
327655,1118,972,2,4,14.6,13794.8,6,0,0
1778024,6030,1615,0,3,5700.0,44624.7,1,0,0
3469649,4287,1733,0,0,95.1,23241.5,7,0,0
3612896,2501,819,0,0,194.6,39607.4,7,0,0
3646022,3507,2098,0,0,330.0,67507.2,7,0,0
905218,3085,2184,2,4,20800.0,14664.1,1,0,0
873305,2974,1706,2,4,1520.0,42713.6,1,0,0
1392952,4746,1733,0,3,26692.0,105475.6,1,0,0
626593,2140,707,0,2,3478.0,29902.9,1,10,56615853
517239,1767,1054,2,4,4680.0,27507.5,1,0,0
946903,3227,1844,2,4,1000.0,49962.6,1,0,0
158297,530,1862,0,2,24802.0,48165.0,1,9,62152212
586769,1998,1284,0,3,23468.0,79328.3,1,0,0
1038856,3552,1998,0,3,5700.0,72079.8,1,0,0
991177,3379,1604,2,4,12600.0,34330.8,1,0,0
3659325,3904,2190,0,0,92.9,22910.6,7,0,0
3232410,10728,1113,2,4,8400.0,18866.1,1,0,0
179003,605,1703,2,4,14.6,21606.3,6,0,0
203226,689,1409,2,1,16.0,37521.4,0,5,93874132
3635507,3180,1733,0,0,130.9,32565.3,7,0,0
1764155,5984,1685,0,3,15719.0,32283.0,1,0,0
3646010,3507,1733,0,0,234.7,44822.4,7,0,0
1018662,3480,1778,0,3,13622.0,60731.9,1,0,0
210951,717,317,0,3,20374.0,53322.4,1,0,0
1117852,3819,1589,0,3,10653.0,31191.3,1,0,0
2523805,8327,1550,2,4,30.0,27173.5,6,0,0
566020,1926,245,0,3,1100.0,25058.0,1,0,0
3462225,2436,272,0,0,111.8,28232.9,7,0,0
3601966,2170,1460,0,0,292.9,61511.2,7,0,0
341178,1158,709,2,4,800.0,31226.1,1,0,0
1128429,3855,1652,2,1,795.0,54941.6,3,7,78167867
646452,2209,1955,0,3,15312.0,57814.0,1,0,0
568069,1934,1257,2,1,1428.0,47708.6,5,2,78941809
348328,1181,2137,2,1,3418.0,16644.1,5,8,84730392
2866433,9484,2068,2,4,14.6,4348.9,6,0,0
1878100,6358,1672,2,4,14.6,33515.0,6,0,0
2253875,7437,2037,2,4,30.0,27218.2,6,0,0
15142,50,706,2,4,1800.0,35368.2,1,0,0
372637,1269,1928,2,1,6840.0,37016.0,5,2,70135479
255345,877,1803,2,4,3840.0,33792.0,1,0,0
3661931,3989,1641,0,0,73.0,16184.8,7,0,0
1034878,3538,399,2,4,1500.0,28867.9,1,0,0
1002467,3421,1717,2,4,4920.0,49996.5,1,0,0
1028538,3513,1016,0,3,19078.0,59533.8,1,0,0
998294,3408,910,2,4,14.6,36334.6,6,0,0
970670,3307,2056,0,3,9300.0,46901.1,1,0,0
826846,2817,1009,0,3,13672.0,65184.8,1,0,0
186076,630,366,2,4,450.0,24942.1,1,0,0
266653,912,1976,2,4,14.6,20254.8,6,0,0
757085,2582,2164,2,4,23100.0,39891.0,1,0,0
824454,2809,1396,2,4,6200.0,33115.0,1,0,0
763785,2608,1040,2,4,7500.0,27547.4,1,0,0
911385,3107,576,2,4,14.6,22717.7,6,0,0
3658623,3881,1611,0,0,137.7,32410.4,7,0,0
1355337,4626,2121,0,3,19268.0,36868.0,1,0,0
315349,1076,1477,2,4,2500.0,42312.1,1,0,0
324400,1107,1276,2,4,14.6,26165.5,6,0,0
974154,3319,1107,2,1,2154.0,27893.4,0,11,77133154
803208,2738,1465,0,3,14330.0,38753.3,1,0,0
3569272,1169,1825,0,0,157.1,65199.7,7,0,0
399662,1361,1588,2,4,20800.0,43877.3,1,0,0
879881,2996,1971,0,3,200.0,54880.6,1,0,0
1101079,3760,910,2,4,14.6,46294.3,6,0,0
64260,213,1990,2,1,5625.0,55834.0,5,3,4553950
259089,887,247,0,2,4514.0,23252.4,2,1,52114474
415038,1410,1106,2,4,2400.0,55791.9,1,0,0
1124614,3840,910,2,4,14.6,23273.8,6,0,0
1103326,3769,1733,2,4,14.6,24597.4,6,0,0
340928,1157,685,2,4,6400.0,30471.7,1,0,0
1198617,4103,1293,2,4,13200.0,29679.5,1,0,0
397708,1353,590,0,3,16136.0,51577.8,1,0,0
3553561,700,1429,0,0,70.0,14848.4,7,0,0
1138131,3890,1849,2,4,2720.0,31734.8,1,0,0
856849,2920,1976,2,4,14.6,26098.9,6,0,0
341130,1158,1043,2,1,2171.0,28014.1,5,2,11980402
944890,3222,1015,2,1,859.0,19486.3,0,10,34597045
2833932,9377,1531,2,1,3983.0,27450.4,0,1,52341222
738524,2523,1625,2,1,1819.0,12939.2,5,8,19635182
3596002,1978,1519,0,0,113.8,24829.5,7,0,0
950780,3241,2013,2,1,3034.0,58409.8,5,13,69585042
344074,1166,1884,2,4,14.6,22721.3,6,0,0
3547386,505,1945,0,0,61.4,14955.3,7,0,0
1977840,6701,211,2,4,30.0,16436.0,6,0,0
47221,158,1519,2,4,14.6,49233.6,6,0,0
171879,576,2017,0,2,6207.0,33333.5,2,13,30300313
2887878,9560,1911,2,4,60900.0,59547.4,1,0,0
1311452,4478,1069,2,4,2000.0,61983.6,1,0,0
3656247,3807,1033,0,0,150.4,40780.0,7,0,0
3648423,3583,1519,0,0,119.5,28176.6,7,0,0
214072,726,760,2,4,14.6,16984.2,6,0,0
302143,1029,1946,0,3,45055.0,145877.3,1,0,0
2699133,8931,1949,2,4,41500.0,118431.1,1,0,0
3490565,7607,1825,0,0,212.7,56402.5,7,0,0
498658,1699,1836,2,4,560.0,18093.0,1,0,0
710160,2429,646,2,1,6786.0,41768.9,5,9,50382167
3646935,3540,1856,0,0,135.6,36145.5,7,0,0
1306995,4463,1259,0,3,10904.0,33758.4,1,0,0
1266247,4330,1563,2,1,4140.0,32232.2,5,2,5012721
166309,555,1904,2,4,32500.0,19829.4,1,0,0
476525,1624,1915,2,4,14.6,16052.4,6,0,0
550365,1874,1856,2,4,14.6,30029.6,6,0,0
3654022,3745,1033,0,0,273.2,57266.0,7,0,0
590405,2009,1938,2,4,14000.0,54036.4,1,0,0
2356921,7774,548,1,4,4945.0,24691.6,1,0,0
151060,504,1139,2,4,360.0,24533.7,1,0,0
783351,2670,1830,0,3,24381.0,41183.3,1,0,0
325772,1113,1561,2,1,1809.0,42052.1,0,13,4878908
1406876,4794,2020,2,1,1922.0,2092.6,5,7,92189216
168416,563,1895,0,3,9368.0,29841.0,1,0,0
865225,2945,1884,2,4,14.6,16557.1,6,0,0
3654901,3769,1338,0,0,59.2,21148.4,7,0,0
1054175,3606,1803,0,3,2500.0,42240.3,1,0,0
1476798,5033,1814,2,4,2000.0,24320.9,1,0,0
586516,1997,1351,0,2,6965.0,7565.0,2,6,69332480
146017,489,1648,2,1,5608.0,18108.5,5,10,53826928
3447162,1583,2129,0,0,327.0,70888.5,7,0,0
1149082,3930,2103,2,1,9101.0,31705.8,5,13,79120719
3456842,9633,2159,0,0,139.0,40207.9,7,0,0
3649870,3624,2159,0,0,159.8,60480.2,7,0,0
786327,2679,1815,2,4,2300.0,26281.0,1,0,0
938327,3201,1033,2,4,14.6,20341.1,6,0,0
1124841,3841,1008,2,1,1223.0,11646.9,0,7,55037939
2984420,9883,1869,2,1,1780.0,35868.7,0,2,12663782
647721,2214,1468,2,4,2640.0,48819.0,1,0,0
3660658,3944,2190,0,0,221.7,58534.5,7,0,0
1033051,3532,1778,2,4,2300.0,36861.8,1,0,0
3532770,67,1976,0,0,400.1,94518.5,7,0,0
515627,1762,1794,2,4,14.6,20936.7,6,0,0
654860,2239,1243,2,4,1100.0,32937.6,1,0,0
409716,1395,1842,2,4,1600.0,32994.7,1,0,0
877767,2990,1502,0,3,4089.0,35030.7,1,0,0
1693660,5740,738,0,3,40021.0,41651.3,1,0,0
463943,1578,2159,2,4,14.6,49742.1,6,0,0
482232,1642,2138,0,2,6432.0,15484.3,2,12,45791804
733567,2507,2051,2,1,4556.0,31334.5,5,10,59955376
25342,83,545,2,4,14.6,25709.5,6,0,0
1109956,3789,1716,1,4,16720.0,28968.0,1,0,0
768882,2625,1441,1,4,8806.0,94764.7,1,0,0
884900,3015,2172,2,1,2130.0,26470.6,1,12,854856
489900,1672,1223,0,3,800.0,800.0,1,0,0
500428,1705,619,2,1,5502.0,28380.9,5,6,33791291
640775,2187,1871,2,4,17400.0,46212.9,1,0,0
585614,1993,1387,2,4,5100.0,20136.0,1,0,0
882907,3007,1082,2,4,15200.0,42469.3,1,0,0
35630,115,979,0,3,7665.0,34229.0,1,0,0
788343,2687,1473,2,4,640.0,15503.4,1,0,0
619761,2116,1770,2,1,1307.0,53813.3,5,3,86869412
664779,2269,2068,2,4,14.6,23793.3,6,0,0
1144257,3914,2169,2,1,6118.0,102424.2,5,1,39802485
776743,2649,1468,0,3,10427.0,66357.3,1,0,0
367247,1248,1611,2,4,14.6,26759.8,6,0,0
3248803,10788,591,0,3,36574.0,78327.5,1,0,0
58556,196,2164,2,1,4417.0,65526.6,0,1,90261184
322254,1100,1742,2,1,174.0,14725.2,5,8,60873585
2767956,9159,1738,2,1,1847.0,35485.1,0,9,61719810
1266041,4329,1342,2,4,29900.0,33366.3,1,0,0
613506,2090,2107,0,2,5299.0,30114.4,2,5,1385760
234679,800,1925,2,1,299.0,30417.9,0,5,79600321
720304,2467,1136,0,3,22753.0,44191.9,1,0,0
671735,2293,2068,2,4,14.6,32165.1,6,0,0
1128499,3855,2151,2,4,4000.0,18704.4,1,0,0
1074777,3673,1898,0,2,2909.0,29206.2,1,6,13290429
1633611,5541,1803,2,1,3114.0,39310.1,5,11,59490781
3575277,1367,1825,0,0,121.7,26695.1,7,0,0
490044,1672,1884,2,4,14.6,38044.1,6,0,0
815512,2778,2173,2,1,192.0,27626.3,5,8,72472995
464689,1581,1957,2,1,5758.0,66941.7,5,1,55002999
943997,3220,759,2,4,3240.0,21832.0,1,0,0
1137524,3887,1284,0,2,3020.0,25493.4,1,8,98878043
160692,539,1725,1,4,23624.0,97520.0,1,0,0
3629400,2987,849,0,0,137.6,33603.5,7,0,0
374896,1276,371,2,4,600.0,27420.0,1,0,0
1064655,3637,1254,2,4,1100.0,48256.6,1,0,0
144714,485,372,2,1,7421.0,47968.2,5,3,89687889
3633620,3124,1945,0,0,118.3,21614.7,7,0,0
175199,589,1845,2,4,1440.0,56977.3,1,0,0
471011,1603,910,2,4,14.6,21789.0,6,0,0
725718,2483,1997,2,4,13700.0,49666.0,1,0,0
439561,1494,2041,2,4,22500.0,48204.5,1,0,0
2906758,9627,1041,2,4,12000.0,67424.1,1,0,0
631422,2155,972,2,4,14.6,19801.2,6,0,0
610491,2078,1185,2,4,14.6,32416.8,6,0,0
2464748,8129,1869,0,3,20612.0,37968.6,1,0,0
1612795,5477,1980,0,3,28458.0,124469.4,1,0,0
339644,1152,1033,2,4,14.6,14994.2,6,0,0
2997002,9928,1102,2,4,4700.0,30799.7,1,0,0
295567,1009,1226,0,2,44289.0,88670.1,1,6,67955946
931887,3178,1892,2,1,1665.0,12539.6,1,3,10611677
1256537,4296,985,0,3,18729.0,75329.6,1,0,0
783637,2670,626,2,4,13300.0,39491.5,1,0,0
502302,1712,1976,2,4,3680.0,31743.8,1,0,0
35789,115,2124,2,5,3000.0,27597.4,1,0,0
3653543,3730,729,0,0,24.8,21496.4,7,0,0
2028125,6872,1564,0,2,20116.0,46643.5,1,1,58239436
125331,422,1166,2,4,12000.0,52248.0,1,0,0
471485,1604,1976,2,4,14.6,26077.3,6,0,0
1087478,3714,1856,2,4,30.0,36449.3,6,0,0
830057,2826,2098,2,4,14.6,20402.0,6,0,0
463220,1576,1376,0,3,49299.0,98555.0,1,0,0
961629,3276,2019,2,1,1017.0,25525.3,3,12,88365083
3489073,7485,1915,0,0,123.4,35709.8,7,0,0
58582,196,767,2,1,2554.0,23009.9,3,6,30200135
3561220,929,1945,0,0,57.1,14419.8,7,0,0
186365,631,1557,2,1,2394.0,22173.9,5,4,89184629
77861,259,2170,2,1,2857.0,19854.8,0,3,8156723
328824,1121,1754,2,5,2800.0,41367.1,1,0,0
3661104,3961,1641,0,0,43.1,12184.1,7,0,0
1890937,6400,2045,2,4,2200.0,57856.4,1,0,0
3599457,2085,1915,0,0,103.8,25458.9,7,0,0
2767882,9159,1679,0,3,16219.0,48102.7,1,0,0
1798413,6097,2141,2,1,728.0,31435.7,8,6,34494578
755183,2576,1641,2,4,14.6,30653.4,6,0,0
106325,362,554,2,1,6001.0,24751.9,5,10,76221531
746713,2547,1360,2,4,5400.0,48906.2,1,0,0
742519,2535,1738,0,3,14824.0,41464.7,1,0,0
188674,638,1388,2,4,10700.0,29729.2,1,0,0
309062,1053,1524,2,1,2439.0,23253.2,0,13,46275836
1092139,3734,1519,2,4,14.6,3221.1,6,0,0
2652395,8772,1617,2,4,1500.0,21540.3,1,0,0
318368,1087,1827,2,4,1600.0,42176.9,1,0,0
397901,1353,1560,2,4,2100.0,17457.9,1,0,0
216626,737,1619,2,1,2817.0,27846.2,5,12,70212787
1699137,5758,1833,0,2,34204.0,57903.7,1,2,54844158
592317,2016,2076,0,2,2951.0,15772.1,1,12,52464187
2862277,9472,1222,2,4,3400.0,66137.1,1,0,0
17168,58,1519,2,4,14.6,14293.1,6,0,0
1122490,3834,211,2,4,14.6,22062.5,6,0,0
3514608,9750,941,0,0,22.0,7435.8,7,0,0
287808,986,1367,2,4,3400.0,23950.8,1,0,0
796631,2713,694,2,4,1040.0,27597.3,1,0,0
915257,3119,2129,2,4,14.6,19737.5,6,0,0
477730,1628,582,2,1,2850.0,14277.2,5,1,57004982
926115,3157,1474,2,1,694.0,34441.2,5,3,12642550
263568,901,1896,2,1,1910.0,27780.1,5,11,93629043
82396,275,2026,2,4,2000.0,13968.4,1,0,0
441215,1499,1466,2,4,840.0,29195.9,1,0,0
3505398,8934,1460,0,0,76.8,11734.5,7,0,0
3446804,1475,2068,0,0,140.7,41343.1,7,0,0
1701536,5767,286,2,4,7900.0,28986.6,1,0,0
81947,274,737,2,4,2640.0,32746.0,1,0,0
212880,722,2129,2,4,100.0,3311.1,6,0,0
3547892,520,395,0,0,18.7,11544.0,7,0,0
528405,1802,1428,2,4,2700.0,33588.3,1,0,0
3490648,7614,1154,0,0,270.7,52378.8,7,0,0
3586809,1709,1460,0,0,207.1,50197.3,7,0,0
3412612,11328,1579,0,3,6253.0,75501.9,1,0,0
827596,2818,1641,2,4,14.6,62192.1,6,0,0
460601,1566,948,2,1,1622.0,21021.9,3,13,98447876
698594,2389,1429,2,4,14.6,44136.7,6,0,0
976626,3327,645,2,4,100.0,30829.8,1,0,0
3676452,6434,1519,0,0,171.5,54245.3,7,0,0
699895,2394,1725,2,4,5500.0,31978.0,1,0,0
1450456,4937,303,2,4,14.6,50586.5,6,0,0
739554,2525,2129,2,4,14.6,12507.0,6,0,0
1155338,3953,1785,2,4,4700.0,72252.6,1,0,0
532749,1815,738,0,3,17904.0,40821.5,1,0,0
749980,2557,977,0,3,4209.0,19721.9,1,0,0
993455,3389,1831,2,4,4200.0,100656.3,1,0,0
593400,2020,747,2,4,480.0,22784.3,1,0,0
3455285,8132,576,0,0,230.9,57830.5,7,0,0
604711,2058,1945,2,4,14.6,19946.7,6,0,0
822829,2802,1188,0,3,1600.0,28212.4,1,0,0
3624355,2841,272,0,0,72.0,22804.8,7,0,0
538578,1831,413,2,4,3900.0,27053.0,1,0,0
1036420,3545,361,2,4,3520.0,42936.3,1,0,0
299032,1019,1620,0,3,29619.0,70934.0,1,0,0
121251,407,2169,0,3,24441.0,38792.2,1,0,0
497741,1696,1076,0,2,3239.0,17825.7,1,12,24274111
171850,576,1136,0,2,6207.0,31184.3,2,13,30300313
303633,1033,1917,0,3,3200.0,22100.0,1,0,0
89536,301,1476,2,4,510.0,15259.7,1,0,0
2393083,7894,1447,2,4,3300.0,24400.8,1,0,0
525342,1792,819,2,4,14.6,24710.6,6,0,0
1535278,5228,923,2,4,23200.0,52933.9,1,0,0
798750,2723,1686,0,3,8319.0,31861.7,1,0,0
788648,2688,1086,2,4,600.0,20863.5,1,0,0
3235769,10738,1764,2,4,30.0,102095.2,6,0,0
391155,1331,1104,0,2,10790.0,26685.9,1,13,69191479
484765,1651,1993,2,4,32400.0,72928.5,1,0,0
1814849,6148,607,2,4,14.6,39979.7,6,0,0
819286,2789,631,2,4,1500.0,39985.2,1,0,0
3457791,10266,211,0,0,231.8,76971.5,7,0,0
2009120,6806,637,2,4,14.6,38077.5,6,0,0
404054,1375,1945,2,4,14.6,57966.3,6,0,0
327702,1118,424,0,3,3100.0,26846.0,1,0,0
1067722,3648,1461,0,3,600.0,26446.5,1,0,0
411574,1401,1945,2,4,14.6,41007.1,6,0,0
944190,3220,2145,2,4,15600.0,51573.8,1,0,0
1119471,3824,698,2,4,14.6,27264.5,6,0,0
3546368,474,1276,0,0,93.4,20336.8,7,0,0
3498281,8261,180,0,0,127.9,57907.0,7,0,0
1089640,3724,2181,2,4,4800.0,51298.3,1,0,0
1159204,3969,2006,2,4,14.6,22854.7,6,0,0
2729780,9030,1265,2,4,36960.0,18983.2,1,0,0
2908154,9633,1739,0,3,11175.0,46883.1,1,0,0
783568,2670,668,2,4,14.6,38853.5,6,0,0
23319,77,1740,0,2,17090.0,39460.0,1,10,14416885
112337,379,2172,2,1,434.0,13836.0,0,2,30392295
373945,1273,1982,2,1,3863.0,89649.7,5,5,25406718
1118739,3822,2138,0,2,17347.0,32993.6,1,2,19595277
1102452,3765,2142,2,1,691.0,18121.4,1,3,11630344
8723,31,1715,2,1,10202.0,20289.0,5,10,42430687
135765,455,2042,2,4,900.0,20148.1,1,0,0
155813,521,1496,2,4,13500.0,27975.7,1,0,0
134160,449,910,2,4,14.6,12359.7,6,0,0
525374,1792,1794,2,4,14.6,21648.9,6,0,0
561225,1909,1476,2,4,660.0,15866.8,1,0,0
81116,273,308,0,2,13201.0,43772.0,1,9,26475405
3566905,1107,1125,0,0,79.9,14485.4,7,0,0
962546,3279,1675,0,3,100.0,37209.8,1,0,0
1165845,3995,2134,2,1,415.0,51181.3,0,11,18222165
506532,1730,283,2,1,1978.0,27125.9,5,12,42885518
2257734,7449,2037,2,4,2000.0,40002.5,1,0,0
3466186,3519,2006,0,0,134.8,26855.5,7,0,0
680013,2321,1482,2,4,27200.0,66738.9,1,0,0
619526,2115,1987,0,2,2910.0,16019.1,1,1,89217292
875406,2982,1473,1,4,16802.0,63333.7,1,0,0
343187,1164,1414,0,3,300.0,35346.2,1,0,0
426968,1450,1733,2,4,14.6,40608.8,6,0,0
932210,3179,1568,2,4,10800.0,37289.3,1,0,0
946324,3226,1649,0,3,4197.0,21445.5,1,0,0
494743,1686,1611,0,3,3300.0,53147.2,1,0,0
2895531,9591,1978,0,3,29771.0,37206.7,1,0,0
679864,2321,1539,2,4,12900.0,52815.9,1,0,0
3610659,2435,576,0,0,252.5,50934.1,7,0,0
848165,2888,1641,2,4,14.6,17750.1,6,0,0
562486,1913,1522,0,3,900.0,37218.1,1,0,0
576337,1963,1562,0,3,22968.0,73419.1,1,0,0
3549038,557,1246,0,0,64.2,14464.4,7,0,0
6099,24,2006,2,4,14.6,19868.5,6,0,0
3639997,3306,910,0,0,108.0,15766.9,7,0,0
384602,1306,1856,2,4,14.6,25576.8,6,0,0
1032110,3528,1804,0,3,32829.0,55765.4,1,0,0
2590095,8558,1742,2,4,27400.0,50112.0,1,0,0
3588909,1779,1429,0,0,330.3,69749.5,7,0,0
244867,840,1286,2,4,26100.0,53841.0,1,0,0
464965,1582,1486,2,4,1040.0,26299.4,1,0,0
3441654,1254,1429,0,0,355.6,67148.7,7,0,0
1063447,3632,2171,2,4,6900.0,96417.5,1,0,0
432601,1470,1803,0,3,18646.0,44525.4,1,0,0
35784,115,1672,2,5,1600.0,39452.6,1,0,0
3653204,3718,2159,0,0,165.6,40230.1,7,0,0
709205,2427,1288,2,1,5496.0,11871.7,5,2,39447444
3621512,2750,1125,0,0,86.0,17440.1,7,0,0
141567,473,1997,2,4,4500.0,19656.3,1,0,0
3603504,2222,515,0,0,123.3,31101.9,7,0,0
2309124,7618,1823,2,4,18000.0,18926.1,1,0,0
3643764,3435,1215,0,0,79.3,19812.1,7,0,0
1876210,6353,946,2,1,586.0,36769.1,5,3,55760598
1441154,4907,730,2,4,1440.0,39673.5,1,0,0
792361,2700,2098,2,4,14.6,41584.4,6,0,0
737432,2519,377,2,4,560.0,26378.7,1,0,0
2847177,9422,1616,2,1,3136.0,33680.4,0,13,28156739
651235,2226,1772,0,3,19488.0,46782.5,1,0,0
527980,1801,819,2,4,14.6,38896.0,6,0,0
390418,1328,2167,0,2,48747.0,92219.5,1,9,49388885
82030,274,880,2,4,14.6,31639.0,6,0,0
2442398,8051,1646,0,2,26040.0,53872.7,1,6,35675579
646435,2209,1609,0,3,42332.0,135815.5,1,0,0
1003231,3424,1224,2,1,2264.0,46581.1,0,1,4327679
1291341,4414,765,0,3,10838.0,30304.6,1,0,0
1132785,3871,1529,2,1,153.0,29517.9,5,11,55483001
445042,1513,1043,0,3,15224.0,44627.1,1,0,0
503520,1717,2136,2,1,2500.0,13693.4,5,10,11458802
2326321,7674,1624,2,4,13500.0,70462.7,1,0,0
1132867,3871,1834,2,1,1505.0,43056.3,0,1,64580011
753480,2570,1352,2,4,600.0,14441.9,1,0,0
539026,1832,1756,2,4,3500.0,41945.9,1,0,0
386008,1312,708,0,2,5735.0,11870.0,2,9,82899385
67750,225,880,2,4,14.6,27484.9,6,0,0
355338,1204,896,2,4,22720.0,42307.7,1,0,0
567354,1931,1924,2,1,1302.0,11335.4,3,1,90722965
807844,2752,1672,2,4,14.6,26489.7,6,0,0
245768,844,521,0,2,70160.0,104151.3,1,10,11884069
3589903,1808,1733,0,0,120.2,48200.2,7,0,0
1150608,3935,2098,2,4,14.6,47595.4,6,0,0
3490468,7606,819,0,0,71.8,69072.8,7,0,0
463254,1576,1437,2,1,11816.0,53714.5,5,12,88001566
734655,2510,1839,2,4,4800.0,36507.8,1,0,0
158759,532,2082,0,3,47717.0,151723.5,1,0,0
3568119,1135,1672,0,0,106.6,24305.1,7,0,0
1272429,4352,799,0,3,24269.0,64814.4,1,0,0
792646,2701,1068,2,1,5761.0,25622.9,0,7,24402356
144590,485,1370,0,3,20723.0,71563.1,1,0,0
447821,1521,1373,0,2,4537.0,19857.9,2,9,86928081
201320,684,1769,2,1,1936.0,14200.6,5,9,66230869
1328615,4537,1813,2,4,3600.0,63900.8,1,0,0
3635334,3173,668,0,0,62.8,15347.3,7,0,0
1973634,6686,1405,2,4,4400.0,17421.8,1,0,0
258165,885,175,0,3,300.0,300.0,1,0,0
944317,3221,1834,0,2,5330.0,42214.2,2,2,88452922
53589,178,2127,2,4,900.0,16182.7,1,0,0
3551119,627,819,0,0,202.2,44783.6,7,0,0
390649,1329,1982,0,2,17642.0,32488.3,1,2,20417416
941028,3212,829,2,1,95.0,24585.4,3,13,17035544
1050677,3593,1848,2,4,4500.0,18576.1,1,0,0
222489,757,951,0,3,7748.0,45289.1,1,0,0
923576,3147,1044,2,1,37.0,45864.4,0,1,80525493
3340871,11096,1641,2,4,14.6,23778.7,6,0,0
1089512,3723,1580,2,4,14.6,37054.8,6,0,0
3158363,10478,1839,0,3,100.0,27721.3,1,0,0
3424018,11362,1378,2,1,4780.0,26124.6,5,13,70641225
599768,2041,1837,2,4,2040.0,31978.8,1,0,0
3562014,952,1825,0,0,60.4,19584.3,7,0,0
1061641,3628,1710,2,1,1791.0,68617.9,5,12,48774606
588449,2002,1429,2,4,14.6,34014.0,6,0,0
712483,2435,1435,2,1,7904.0,53830.9,5,12,21075344
2423766,7990,2147,2,4,3600.0,62017.1,1,0,0
35577,114,2098,2,4,14.6,19854.9,6,0,0
2885622,9549,2017,2,4,900.0,9782.6,1,0,0
391401,1331,1945,2,4,14.6,25461.7,6,0,0
445979,1515,1708,2,1,774.0,42700.4,0,2,84623413
582089,1980,1373,0,3,10319.0,38857.6,1,0,0
447573,1520,1130,0,2,6005.0,25168.4,2,8,62281173
394750,1342,1920,2,1,2517.0,16506.6,5,3,75854611
1033367,3533,1063,2,4,14.6,29952.9,6,0,0
175445,591,1864,0,2,4182.0,19355.5,2,4,51453053
3655482,3782,2190,0,0,299.9,75697.5,7,0,0
766717,2618,2161,2,4,800.0,26697.8,1,0,0
3618441,2657,1825,0,0,128.7,31316.0,7,0,0
688702,2352,1124,2,4,400.0,35357.3,1,0,0
379191,1289,1884,2,4,14.6,61639.4,6,0,0
362783,1234,1807,0,2,6390.0,27328.4,2,6,57374542
828442,2821,1462,2,4,900.0,34757.7,1,0,0
381828,1297,796,2,1,3311.0,54963.9,0,11,17594236
2036896,6902,1960,2,4,6100.0,15790.8,1,0,0
17460,59,930,2,4,2400.0,36917.0,1,0,0
3461806,2304,1246,0,0,247.6,47880.4,7,0,0
157099,525,1957,2,1,6454.0,25956.8,5,10,67853247
3566778,1102,1884,0,0,95.4,24912.8,7,0,0
825837,2813,1108,2,4,1440.0,30481.9,1,0,0
3588079,1759,1519,0,0,65.0,16726.5,7,0,0
353319,1200,303,2,4,14.6,61751.8,6,0,0
581303,1978,1955,2,1,5900.0,68085.3,0,11,57071173
784745,2674,1383,0,3,1300.0,26799.8,1,0,0
968534,3301,1641,2,4,14.6,26261.9,6,0,0
821045,2796,2061,1,4,6018.0,96241.0,1,0,0
3610732,2437,1672,0,0,58.3,14592.2,7,0,0
3448603,3018,1945,0,0,14.4,6245.2,7,0,0
3538564,239,910,0,0,167.6,33144.4,7,0,0
2384082,7861,2169,2,1,400.0,63823.0,0,8,58806037
636744,2175,2122,0,3,42506.0,82225.2,1,0,0
755372,2577,1891,0,2,5941.0,31341.3,2,12,43765747
1149415,3931,2090,2,4,14800.0,50003.5,1,0,0
165421,553,1109,2,4,1150.0,26585.3,1,0,0
187559,635,1497,0,3,15854.0,46802.5,1,0,0
3119144,10351,1441,2,1,4410.0,19219.7,5,2,99277340
404845,1378,1163,2,1,693.0,44551.7,3,8,12318605
425808,1446,1555,2,5,700.0,54073.5,1,0,0
3491813,7733,1338,0,0,251.7,73237.7,7,0,0
1214558,4156,1765,2,4,12800.0,25584.3,5,0,0
672661,2297,1550,2,4,14.6,16023.4,6,0,0
521563,1780,614,2,1,5429.0,68545.1,5,11,76511865
3571891,1258,1976,0,0,63.3,13865.6,7,0,0
177209,598,1646,0,3,11672.0,53873.4,1,0,0
760663,2596,924,0,2,3428.0,15307.9,1,6,45731806
162774,543,1537,2,4,800.0,17606.9,1,0,0
170613,572,759,2,4,3360.0,25947.4,1,0,0
203328,689,1611,2,4,14.6,29465.2,6,0,0
159633,535,1738,2,1,62.0,34823.2,0,11,15932035
1039385,3554,1094,2,4,14.6,23838.1,6,0,0
1838501,6226,2043,2,4,4200.0,67931.9,1,0,0
587887,2001,1313,2,1,12524.0,72387.5,5,7,24125486
83580,279,1884,2,4,14.6,24396.6,6,0,0
3382442,11231,1891,2,4,5400.0,33603.9,1,0,0
3619662,2695,1764,0,0,274.1,61146.7,7,0,0
1027986,3510,1641,2,4,14.6,47003.7,6,0,0
3646772,3535,1672,0,0,77.4,19208.6,7,0,0
579830,1973,1808,2,1,847.0,20608.4,1,6,71021574
1530640,5213,1979,2,4,19400.0,36533.3,1,0,0
3642716,3399,1611,0,0,156.3,34127.7,7,0,0
1003494,3424,1794,2,4,14.6,67026.7,6,0,0
362185,1231,739,2,4,840.0,28701.2,1,0,0
158638,531,1368,2,4,14.6,17425.3,6,0,0
3458665,11021,395,0,0,71.7,65943.7,7,0,0
2915604,9656,1607,2,4,4300.0,52198.7,1,0,0
1169192,4009,747,2,4,1080.0,51433.6,1,0,0
3235736,10738,760,2,4,30.0,67925.0,6,0,0
423008,1437,1649,0,2,3258.0,18130.5,1,13,10694808
975966,3326,1667,0,3,27058.0,47080.6,1,0,0
777174,2649,1491,2,4,14.6,51049.6,6,0,0
457873,1556,1672,2,4,14.6,30322.2,6,0,0
738506,2523,1077,2,1,1819.0,15451.7,5,8,19635182
2350151,7753,1718,2,4,24700.0,53035.0,1,0,0
340050,1153,498,2,4,3800.0,40778.3,1,0,0
696154,2379,1884,2,4,14.6,17266.7,6,0,0
196502,666,1688,2,4,700.0,54305.3,1,0,0
1082677,3697,1874,2,4,2760.0,27184.6,1,0,0
142489,477,345,2,4,600.0,38627.2,1,0,0
823448,2805,1235,0,3,1000.0,1000.0,1,0,0
912045,3109,1668,1,4,17162.0,13907.5,1,0,0
270092,925,941,2,4,14.6,30828.4,6,0,0
928413,3164,1347,2,4,900.0,11357.2,1,0,0
2847778,9424,1589,0,2,13936.0,42828.5,1,7,56820648
3443815,1769,1764,0,0,64.9,15276.5,7,0,0
576799,1965,1310,0,3,23541.0,44938.2,1,0,0
910223,3101,1502,0,2,2907.0,14978.7,1,12,35845464
3663128,4150,2006,0,0,209.1,42991.8,7,0,0
722363,2472,733,2,4,12100.0,42964.8,1,0,0
3611526,2467,364,0,0,223.7,41861.5,7,0,0
521681,1780,1206,2,5,3200.0,63614.5,1,0,0
513227,1756,1499,2,1,6307.0,40144.8,5,4,88401656
78161,260,2104,0,3,7871.0,55440.9,1,0,0
168948,565,1352,2,1,3509.0,32724.1,5,6,67758250
1223883,4190,1396,0,3,800.0,30734.8,1,0,0
1037717,3549,2098,2,4,14.6,18629.5,6,0,0
3451156,5011,1825,0,0,340.8,52367.3,7,0,0
554221,1887,1257,0,3,12618.0,46014.7,1,0,0
38641,125,1585,2,4,40000.0,55229.3,1,0,0
110348,373,1374,0,3,9679.0,39941.5,1,0,0
3559680,888,1915,0,0,84.2,21361.2,7,0,0
490181,1673,1921,0,2,4408.0,17065.4,2,10,695646
1004129,3426,1764,1,4,2807.0,29736.2,1,0,0
3574593,1338,819,0,0,160.7,66826.4,7,0,0
2653524,8776,1137,2,1,708.0,40005.9,8,2,88153653
3617004,2617,1491,0,0,103.3,24395.5,7,0,0
199026,675,1641,2,4,14.6,40959.6,6,0,0
3119133,10351,1106,2,1,4410.0,16667.1,5,2,99277340
77083,256,1519,2,4,14.6,54301.6,6,0,0
2731083,9034,2038,2,4,100.0,47844.7,1,0,0
1020814,3485,1884,2,4,14.6,37500.4,6,0,0
1045553,3575,940,2,4,2000.0,33807.7,1,0,0
874298,2978,891,2,1,3212.0,31845.7,5,7,20491338
981587,3350,1680,2,1,3661.0,7184.0,5,9,79860478
1144545,3915,1045,2,1,9510.0,53491.0,5,4,25808733
2094630,7099,1592,2,1,236.0,61847.8,5,11,96372824
3544066,408,2129,0,0,341.2,82588.6,7,0,0
3580450,1517,1672,0,0,87.2,20517.4,7,0,0
538198,1830,758,0,3,5000.0,20073.9,1,0,0
989083,3371,1567,2,4,3500.0,16509.3,1,0,0
49002,163,1611,2,4,14.6,30076.5,6,0,0
338195,1147,489,2,4,22600.0,44356.7,1,0,0
726448,2485,2173,2,1,1944.0,26438.9,5,11,69825196
824324,2809,2014,2,1,6339.0,22629.3,0,10,59529948
594281,2023,1528,2,1,1052.0,48706.8,3,11,74848830
1905377,6453,2171,2,1,304.0,26374.5,8,6,10349285
908100,3094,954,2,1,21.0,35230.7,3,5,79572272
730011,2496,588,0,3,7473.0,34282.0,1,0,0
241178,824,1349,0,3,8110.0,34572.7,1,0,0
1086161,3711,2080,2,1,7683.2,-4273.8,8,2,24353820
1466829,4995,1837,0,3,12300.0,30474.7,1,0,0
3525704,10911,180,0,0,12.1,29035.1,7,0,0
1031793,3526,1589,2,4,13200.0,26136.7,1,0,0
3600928,2140,698,0,0,119.3,28757.5,7,0,0
232636,791,1897,2,1,3054.0,14136.1,5,2,11072284
3538774,244,1094,0,0,150.6,35151.4,7,0,0
467701,1591,2029,2,4,39500.0,89469.8,1,0,0
546610,1861,1497,0,3,15308.0,63625.1,1,0,0
1036522,3545,2068,2,4,14.6,25285.6,6,0,0
3658179,3868,668,0,0,78.5,19593.0,7,0,0
831879,2833,1868,0,2,4455.0,16305.9,2,1,93659126
2874688,9513,1564,2,1,8319.0,25880.1,5,12,64432430
830079,2826,2019,2,4,5100.0,25924.1,1,0,0
908167,3094,802,2,1,17.0,47634.8,0,5,4935080
2042909,6924,936,2,4,9700.0,28881.4,1,0,0
525898,1794,1869,2,1,198.0,15325.2,3,2,95064234
495576,1689,576,2,4,14.6,22961.0,6,0,0
707,2,386,2,4,400.0,26537.9,1,0,0
1076673,3678,984,2,1,5269.0,11295.6,8,2,68775540
14694,48,1607,2,4,3600.0,44233.8,1,0,0
1024327,3497,802,2,1,118.0,44333.7,3,6,42836803
2791325,9241,1744,0,2,28522.0,49961.2,1,11,17089629
3541601,335,1764,0,0,110.6,25090.8,7,0,0
391179,1331,1835,0,2,10790.0,25205.2,1,13,69191479
1855538,6281,576,2,4,14.6,36253.9,6,0,0
437905,1487,756,2,4,750.0,21200.9,1,0,0
490082,1672,2093,2,4,18500.0,34027.0,1,0,0
774375,2642,1275,2,4,5800.0,25706.5,1,0,0
1650450,5593,1932,2,4,7100.0,65038.1,1,0,0
407914,1388,1656,2,4,20900.0,24767.8,1,0,0
680448,2322,1111,2,4,3900.0,30731.2,1,0,0
271342,929,1856,2,4,14.6,16325.1,6,0,0
3568844,1158,1611,0,0,152.2,36875.7,7,0,0
709833,2428,1846,2,4,600.0,34631.1,1,0,0
34273,110,1641,2,4,14.6,40615.0,6,0,0
3605055,2267,819,0,0,128.5,95767.5,7,0,0
354719,1203,1502,0,3,20623.0,68397.9,1,0,0
104226,355,1399,2,4,30.0,26970.2,6,0,0
195495,662,1460,2,4,14.6,17251.5,6,0,0
998782,3410,1951,2,1,169.0,37748.0,3,10,77840584
3448515,2959,880,0,0,226.4,58745.5,7,0,0
1136712,3883,2068,2,4,14.6,46402.6,6,0,0
1135782,3882,860,0,2,3246.0,22506.0,1,4,64650767
2412435,7957,1825,2,4,14.6,45262.6,6,0,0
1147520,3925,1177,1,4,23337.0,48017.8,1,0,0
1633826,5541,2159,2,4,14.6,59148.7,6,0,0
1644117,5574,1315,0,2,47710.0,74717.3,1,4,99795412
1087129,3714,1617,2,1,3217.0,32533.5,5,12,44852805
632470,2160,1594,2,1,6084.0,18431.5,5,6,74125879
18615,62,272,2,4,14.6,25779.9,6,0,0
2095435,7101,1427,2,4,6600.0,45002.1,1,0,0
728061,2489,745,2,4,2080.0,22038.6,1,0,0
3508183,9140,1825,0,0,67.7,33918.9,7,0,0
732667,2504,955,0,3,23376.0,53021.0,1,0,0
511933,1751,2122,0,3,3200.0,35817.9,1,0,0
508146,1737,1983,2,1,2329.0,29521.3,0,9,67832314
27254,90,1647,2,1,4372.0,35418.8,3,7,89044069
130921,440,1866,0,3,16463.0,30091.1,1,0,0
351522,1194,740,2,4,7360.0,30130.5,1,0,0
1245515,4260,455,1,4,5796.0,23033.3,1,0,0
124501,419,1503,0,3,4600.0,29130.5,1,0,0
1111198,3794,2107,2,1,4536.0,58198.3,5,6,83359801
3574553,1337,1794,0,0,216.1,52798.9,7,0,0
1764142,5984,1289,0,3,15719.0,32023.9,1,0,0
1198510,4103,961,0,3,10252.0,101435.5,1,0,0
306837,1046,1613,2,4,1200.0,34452.3,1,0,0
3639554,3292,515,0,0,32.3,21897.3,7,0,0
3571504,1245,2098,0,0,163.6,40716.7,7,0,0
897176,3056,1472,2,4,1900.0,23409.2,1,0,0
3299574,10963,1001,2,4,6600.0,34698.9,1,0,0
1583941,5385,910,2,4,30.0,29386.6,6,0,0
3563084,985,2037,0,0,83.3,20697.4,7,0,0
807756,2752,1842,0,3,500.0,43283.9,1,0,0
713232,2437,1958,0,2,2991.0,16929.3,1,10,69567405
312081,1065,2175,0,3,1300.0,20159.9,1,0,0
731314,2499,1632,2,4,1100.0,26293.9,1,0,0
3605041,2266,1794,0,0,161.4,41305.9,7,0,0
3603549,2222,1884,0,0,250.0,42114.3,7,0,0
1058439,3618,1620,2,1,826.0,70314.1,0,2,40253979
518929,1772,984,2,1,11994.0,45640.6,5,5,88971179
14667,48,1863,2,1,1029.0,34961.9,0,10,2071685
715238,2447,1803,2,4,3680.0,42478.0,1,0,0
1092467,3735,1869,2,1,1173.0,11130.4,0,4,60675847
3656132,3804,1368,0,0,189.4,36399.5,7,0,0
3612472,2490,880,0,0,123.7,31684.9,7,0,0
475180,1619,2025,2,4,3200.0,34704.4,1,0,0
108623,368,1921,2,1,4381.0,24722.5,5,10,13122338
152446,510,1321,2,1,1319.0,8211.7,0,11,64973693
3569531,1179,1246,0,0,82.9,20418.5,7,0,0
218100,741,979,2,4,27100.0,54794.3,1,0,0
1544657,5256,1708,0,3,15307.0,53676.7,1,0,0
3439669,908,1703,0,0,78.1,17460.7,7,0,0
64890,216,1463,2,4,480.0,28634.0,1,0,0
2425279,7997,1417,2,4,5900.0,60901.7,1,0,0
1362930,4650,1769,2,1,554.0,23368.9,5,13,59294611
506750,1730,1418,2,4,2700.0,48870.7,1,0,0
3422872,11359,924,0,2,27014.0,55413.3,1,7,87391823
1310585,4476,1131,2,1,3195.0,29990.1,5,13,51957607
1266284,4330,1229,2,1,1786.0,13765.0,0,8,83009093
314318,1073,681,2,1,3843.0,27988.5,5,8,88794773
272635,932,1550,2,4,14.6,24536.3,6,0,0
1263505,4321,1869,0,3,20351.0,138991.4,1,0,0
3579010,1477,1215,0,0,64.5,15382.6,7,0,0
129085,433,2070,2,4,2000.0,17657.9,1,0,0
109701,370,2043,2,1,672.0,17747.5,1,6,57786190
446317,1515,1721,2,4,5200.0,46298.4,1,0,0
710145,2429,189,2,1,6786.0,29041.1,5,9,50382167
695754,2379,1012,0,3,5072.0,18477.9,1,0,0
3314888,11013,1443,2,1,9499.0,77889.2,0,5,43103534
756741,2582,621,2,1,1381.0,58871.6,5,3,97059088
43652,146,1583,2,4,2640.0,26110.8,1,0,0
300109,1022,1526,1,4,5489.0,55137.3,1,0,0
2730760,9034,1167,2,1,621.0,36130.4,0,10,92149078
3543812,402,1825,0,0,176.6,47642.5,7,0,0
1633748,5541,1473,2,4,2600.0,34434.2,1,0,0
1275149,4361,1806,2,1,7512.7,57190.9,8,1,55740487
749422,2555,704,2,1,5464.0,33243.0,5,9,57132226
3145767,10440,2016,2,1,2960.0,55291.2,5,13,4957092
848765,2891,1647,0,3,18828.0,41982.8,1,0,0
3047644,10105,1106,2,1,5079.0,44613.4,8,8,27668351
104209,355,1599,2,4,3900.0,28073.8,1,0,0
412047,1402,347,2,4,2560.0,34514.0,1,0,0
496075,1691,2138,2,1,720.0,20224.5,5,3,22764325
220160,748,1315,2,1,6492.0,35847.3,5,8,75135111
207557,704,1453,2,4,3360.0,40622.6,1,0,0
644217,2199,1338,2,4,14.6,27342.1,6,0,0
3638414,3259,2129,0,0,206.4,50254.0,7,0,0
905502,3086,2068,2,4,14.6,71318.0,6,0,0
3632742,3094,2129,0,0,162.6,36259.7,7,0,0
3443925,1804,454,0,0,267.0,30837.5,7,0,0
3461662,2207,1884,0,0,92.4,27100.3,7,0,0
837506,2849,880,2,4,14.6,23601.4,6,0,0
3552638,674,1002,0,0,12.4,4987.4,7,0,0
710209,2429,2138,2,1,6786.0,49119.5,5,9,50382167
52016,173,486,2,4,2400.0,32010.4,1,0,0
933174,3183,1524,2,1,3024.0,19694.0,5,9,52212673
3559390,883,1703,0,0,149.7,31171.9,7,0,0
3585098,1666,788,0,0,108.4,27536.4,7,0,0
764241,2609,954,2,4,40200.0,61312.6,1,0,0
859167,2927,1916,2,4,100.0,34604.0,1,0,0
2798263,9265,394,0,3,7400.0,21143.8,1,0,0
479140,1633,1990,0,2,5153.0,36595.2,2,9,25691437
178700,604,522,2,4,3600.0,29006.3,1,0,0
844782,2876,1351,2,4,3200.0,22583.8,1,0,0
855828,2916,1555,0,3,12651.0,52258.9,1,0,0
542249,1844,1009,0,2,3242.0,33683.4,1,10,42988401
146972,492,1002,2,4,14.6,33694.6,6,0,0
73594,244,374,2,1,2190.0,25395.9,5,7,74832015
72405,240,1733,2,4,14.6,40820.3,6,0,0
278811,954,1429,2,4,14.6,35658.7,6,0,0
108752,368,1473,2,1,269.0,8437.9,3,11,35746020
1876229,6353,1524,2,1,586.0,52950.3,5,3,55760598
685271,2340,1833,0,3,8524.0,40219.7,1,0,0
236696,808,2068,2,4,14.6,21030.5,6,0,0
581703,1979,98,0,2,3021.0,9963.0,1,11,38265723
3638794,3269,1125,0,0,350.2,35710.3,7,0,0
797532,2716,2152,2,4,14300.0,18501.5,1,0,0
933471,3184,1837,0,2,5115.0,25231.4,2,13,90299844
616786,2102,2152,2,4,5200.0,29180.5,1,0,0
318786,1088,532,2,4,2000.0,28305.5,1,0,0
3532438,57,2098,0,0,232.9,53792.7,7,0,0
317023,1081,1624,0,2,4512.0,25376.5,2,4,67860966
1322481,4514,831,2,4,31300.0,50172.9,1,0,0
3535395,152,1884,0,0,58.8,14054.4,7,0,0
2009133,6806,1033,2,4,14.6,36882.7,6,0,0
978570,3337,1794,2,4,100.0,85243.5,6,0,0
1088053,3717,1550,2,4,14.6,23574.0,6,0,0
3036274,10065,2024,2,4,18600.0,60226.8,1,0,0
748546,2552,1861,2,5,4000.0,29711.1,1,0,0
1086475,3712,1246,2,4,14.6,22424.4,6,0,0
63748,212,1072,0,2,74385.0,114582.4,1,5,58325630
255782,879,1976,2,4,14.6,15005.7,6,0,0
241935,827,1380,2,1,2260.0,16667.0,5,9,21975636
937979,3200,1052,0,3,12600.0,13700.0,1,0,0
535084,1822,819,2,4,14.6,20259.4,6,0,0
1476483,5033,1437,0,3,10734.0,26087.4,1,0,0
2026401,6866,2184,1,4,21068.0,4363.0,1,0,0
579804,1973,2108,0,2,2996.0,23715.2,1,8,94480686
3526938,11021,2159,0,0,354.9,115203.6,7,0,0
695997,2379,1837,2,1,46.0,17870.3,3,8,77863126
614204,2093,1843,2,4,900.0,51460.4,1,0,0
3449888,4034,760,0,0,110.3,23622.9,7,0,0
230953,786,1368,2,4,14.6,56357.2,6,0,0
2094678,7099,1958,2,1,11766.0,22773.4,0,9,8235311
930921,3173,1894,0,2,4235.0,21453.1,2,8,55758672
754313,2574,253,2,1,9546.0,21503.0,5,10,61405271
736224,2514,1014,2,4,5400.0,30982.6,1,0,0
532515,1813,1624,2,4,18600.0,121840.7,1,0,0
789786,2694,494,0,3,17585.0,48700.3,1,0,0
506630,1730,1361,2,4,3920.0,44345.1,1,0,0
3511166,9433,2190,0,0,151.0,35673.3,7,0,0
3632063,3072,760,0,0,215.4,34228.2,7,0,0
1059667,3622,933,1,4,17747.0,84804.6,1,0,0
3664259,4386,2190,0,0,114.5,21806.3,7,0,0
408632,1392,919,0,3,23179.0,58093.2,1,0,0
309068,1053,1708,2,1,2439.0,26364.9,0,13,46275836
469937,1601,1375,0,2,4042.0,27067.0,2,2,45886778
154241,517,1461,2,4,1080.0,66857.7,1,0,0
80038,268,1835,2,1,3121.0,24908.2,5,8,4418570
874351,2978,1811,2,4,2500.0,17633.6,1,0,0
3651199,3663,1491,0,0,252.3,50470.8,7,0,0
21586,71,1587,2,1,778.0,54573.8,0,9,34794885
3530603,5,1825,0,0,115.5,27575.6,7,0,0
933339,3183,1055,2,4,1100.0,37328.2,1,0,0
752202,2566,1076,0,3,400.0,12000.0,1,0,0
946119,3225,1063,2,4,14.6,40672.8,6,0,0
153064,512,1501,0,3,21787.0,22587.0,1,0,0
505489,1726,980,2,1,74.0,22950.6,3,3,89946835
575275,1959,1290,2,1,2975.0,14310.0,5,13,8956242
1165319,3993,1474,2,1,7616.0,51641.1,5,10,54010170
562598,1914,1041,2,1,1289.0,19808.0,5,4,33870774
1013590,3465,2006,2,4,14.6,51523.0,6,0,0
790910,2697,465,2,1,378.0,29039.2,5,4,87258666
393599,1338,341,2,1,4545.0,51702.1,5,2,87075221
1414982,4825,708,2,4,1500.0,39269.4,1,0,0
2687931,8896,2087,2,4,25900.0,29784.9,1,0,0
1006420,3436,1870,2,1,2243.0,29195.5,5,4,61714267
1313159,4484,72,0,3,18654.0,51006.9,1,0,0
898390,3063,339,0,2,3495.0,20731.5,1,7,8035934
86445,289,1641,2,4,14.6,33861.8,6,0,0
2315001,7637,1802,0,3,36178.0,71719.8,1,0,0
725322,2482,1319,2,4,3100.0,17887.2,1,0,0
290268,994,1611,2,4,14.6,44131.1,6,0,0
958916,3267,731,2,4,2640.0,23283.8,1,0,0
249597,857,1107,0,2,4529.0,15761.8,2,3,33564669
1073962,3669,1525,2,4,2100.0,15269.6,1,0,0
370783,1261,1429,2,4,14.6,44539.0,6,0,0
668068,2281,1077,2,1,5720.0,51438.9,5,13,7258689
174693,588,1778,2,1,3141.0,23298.8,5,1,29001635
647654,2214,1799,0,3,20110.5,49282.2,1,0,0
42582,142,1863,0,2,4555.0,24272.5,2,9,39513594
3576947,1414,1550,0,0,55.6,13106.6,7,0,0
444439,1511,1750,2,4,12600.0,90190.8,1,0,0
459639,1564,1624,2,4,4700.0,33073.5,1,0,0
326133,1114,1765,2,4,8100.0,23629.7,1,0,0
3636408,3211,1764,0,0,15.0,15353.3,7,0,0
446737,1517,1558,0,2,4569.0,16602.8,2,13,30803263
544510,1851,592,0,3,1800.0,22542.1,1,0,0
3647310,3549,1915,0,0,71.6,17594.4,7,0,0
748192,2552,181,0,3,1000.0,1000.0,1,0,0
954139,3253,1123,2,4,8700.0,33564.9,1,0,0
710960,2431,1352,2,1,236.0,29329.2,0,11,92502820
765983,2616,637,2,4,14.6,29400.6,6,0,0
3544069,409,1307,0,0,60.2,21375.2,7,0,0
2927,11,1463,2,4,210.0,28677.0,1,0,0
599703,2041,1193,0,3,4631.0,34063.3,1,0,0
3349118,11123,1777,2,4,8200.0,7306.1,1,0,0
2567402,8475,1253,2,4,1000.0,33793.4,1,0,0
989805,3374,406,2,4,6400.0,33578.5,5,0,0
1138098,3890,1352,2,1,5467.0,22567.6,5,7,11023718
3526478,10973,849,0,0,370.7,91811.1,7,0,0
963412,3283,1154,2,4,14.6,37122.0,6,0,0
1263443,4321,997,0,3,17067.0,98310.0,1,0,0
178015,601,1884,2,4,14.6,16358.3,6,0,0
247327,850,1826,2,4,19200.0,34140.7,1,0,0
671121,2292,1252,2,1,1626.0,17945.1,5,2,71342873
1665979,5650,1623,2,1,4108.3,67982.1,8,3,10689866
1039919,3555,1623,0,3,7500.0,23883.5,1,0,0
703372,2410,2075,2,5,1800.0,65505.9,1,0,0
1003812,3425,1124,2,4,690.0,23154.5,1,0,0
441949,1502,2022,2,4,13200.0,48332.4,1,0,0
3553130,688,454,0,0,74.5,24179.5,7,0,0
1292253,4415,1550,2,4,14.6,35310.2,6,0,0
473184,1610,1126,2,4,6700.0,64177.3,1,0,0
720571,2467,358,2,4,23700.0,44037.8,1,0,0
130187,437,1653,0,3,21652.0,87091.4,1,0,0
1151048,3936,1303,2,4,600.0,37377.2,1,0,0
756390,2581,1109,2,5,2000.0,51488.1,1,0,0
113481,382,1616,2,1,14.0,19684.9,1,7,87132888
496805,1694,611,0,3,7293.0,63009.5,1,0,0
4559,19,1590,0,2,15139.0,17386.2,1,8,29053187
281017,963,1479,2,4,960.0,57404.0,1,0,0
579476,1972,919,2,1,2736.0,17721.8,5,13,67027497
296504,1011,1814,2,4,12600.0,71596.8,1,0,0
1935835,6555,483,2,4,9600.0,36736.6,1,0,0
828483,2821,1641,2,4,14.6,21877.1,6,0,0
353909,1201,923,2,4,3300.0,37172.2,1,0,0
911737,3108,710,2,4,360.0,16645.5,1,0,0
3637431,3235,1915,0,0,234.4,50049.1,7,0,0
389539,1324,2094,2,4,13900.0,55529.3,1,0,0
65381,218,1260,0,3,32065.0,80045.0,1,0,0
273967,939,1956,2,1,2108.0,19023.1,1,9,68136739
229260,779,2100,2,4,12100.0,16897.2,1,0,0
3464924,3177,1641,0,0,175.0,30728.0,7,0,0
3619095,2676,2037,0,0,182.5,43303.2,7,0,0
3506726,9034,2068,0,0,124.8,52316.5,7,0,0
529654,1805,922,2,4,24400.0,85881.3,1,0,0
636703,2175,1224,0,3,19032.0,64972.4,1,0,0
3584889,1658,1733,0,0,85.3,20873.7,7,0,0
674270,2304,1768,0,3,46161.0,93747.1,1,0,0
1460120,4969,2076,2,4,15000.0,39683.7,1,0,0
1107026,3781,1223,2,1,7701.0,86353.2,5,4,78370004
839157,2857,1825,2,4,14.6,47457.6,6,0,0
803754,2739,917,2,1,414.0,26512.3,5,12,92235922
316915,1080,1290,2,4,13300.0,40255.2,1,0,0
3548626,543,545,0,0,52.5,17529.7,7,0,0
114151,385,1772,2,1,121.0,25769.0,3,4,79315310
934407,3188,1841,2,4,3800.0,23693.1,1,0,0
525412,1792,1399,2,4,1100.0,12846.7,1,0,0
3650332,3637,1794,0,0,251.2,60202.5,7,0,0
2476020,8169,2049,2,1,1633.0,8871.3,8,5,33620470
54606,183,1467,0,3,14642.0,51558.6,1,0,0
2869046,9494,1389,2,4,10300.0,24569.9,1,0,0
3021273,10018,1435,2,4,1700.0,17274.2,0,0,0
547063,1862,1711,0,2,39610.0,86776.5,1,3,6030250
1578443,5366,1246,2,4,14.6,36113.5,6,0,0
547357,1863,2045,0,3,7003.0,45338.0,1,0,0
1650185,5593,1250,0,3,26063.0,47367.2,1,0,0
685178,2339,1529,2,4,2080.0,17692.4,1,0,0
11695,39,2167,2,1,2970.0,17347.3,0,12,949460
2373288,7824,711,0,3,200.0,22000.0,1,0,0
466602,1588,1641,2,4,14.6,16254.7,6,0,0
1730791,5868,1292,0,3,18300.0,18801.6,1,0,0
216483,736,2068,2,4,14.6,19185.0,6,0,0
437902,1487,386,2,4,270.0,17425.5,1,0,0
472155,1606,1255,0,3,5679.0,36571.3,1,0,0
130721,439,1262,0,3,1100.0,63288.0,1,0,0
1191445,4079,892,2,1,321.0,78204.2,3,10,81205659
117439,395,423,2,4,14.6,40532.7,6,0,0
986352,3364,1587,2,1,699.0,76233.9,0,7,21862072
3543041,378,2037,0,0,308.1,80734.1,7,0,0
346112,1173,1989,2,1,1352.0,14987.4,1,1,55954945
628749,2146,390,2,4,4700.0,45781.1,1,0,0
3537237,204,1641,0,0,57.0,13342.2,7,0,0
1082953,3698,1457,2,4,1000.0,21394.8,1,0,0
707174,2422,2079,2,1,2809.0,32770.2,5,3,17186141
115513,390,1890,2,1,4977.0,62995.0,5,13,24210876
857179,2922,1259,1,4,2646.0,87331.3,1,0,0
811566,2764,1852,2,4,2040.0,34422.6,1,0,0
10466,35,668,2,4,14.6,27074.4,6,0,0
454086,1543,1654,0,3,1800.0,31620.7,1,0,0
1466549,4995,1185,0,3,31338.0,91061.5,1,0,0
3035650,10063,2135,2,1,1326.0,72559.0,0,10,68336278
992571,3386,1082,2,4,32900.0,57641.2,1,0,0
1136732,3883,583,0,3,2000.0,29589.9,1,0,0
1120223,3827,1413,0,3,9109.0,39704.2,1,0,0
269830,925,524,0,3,27750.0,65557.4,1,0,0
129926,436,1891,2,1,4885.0,12844.3,5,12,36372977
435452,1479,2159,2,4,14.6,15338.5,6,0,0
819720,2790,1550,2,4,14.6,59953.9,6,0,0
623560,2127,1979,2,4,3700.0,13734.8,1,0,0
1273881,4356,1787,2,4,3800.0,4127.5,1,0,0
212239,720,2048,2,1,3916.0,14643.6,5,4,57822185
3656331,3808,1611,0,0,128.1,28871.5,7,0,0
117269,395,1139,2,1,4036.0,51137.5,0,4,73209607
779665,2659,1740,0,3,7203.0,44947.8,1,0,0
240629,821,1957,2,1,1436.0,20087.6,5,9,37818032
3512376,9549,1611,0,0,47.3,6516.3,7,0,0
83970,280,392,2,4,1320.0,18952.5,1,0,0
3643803,3436,1246,0,0,77.7,19186.6,7,0,0
1004117,3426,2172,2,1,488.0,66903.0,0,2,44458460
823106,2803,1476,2,4,3300.0,38505.8,1,0,0
294326,1005,2159,2,4,30.0,98733.8,6,0,0
483068,1644,1380,2,1,17.0,53472.3,3,4,66140669
1614194,5481,1106,2,4,5100.0,83831.8,1,0,0
3580801,1532,1794,0,0,199.4,47097.2,7,0,0
368740,1253,1863,0,3,7600.0,44236.4,1,0,0
519897,1775,724,2,4,1200.0,26923.5,1,0,0
1709576,5794,1550,2,4,14.6,11322.1,6,0,0
3441328,1186,2159,0,0,161.5,40172.3,7,0,0
583830,1987,1868,0,3,19052.0,45565.2,1,0,0
3454118,6910,2068,0,0,406.8,100347.8,7,0,0
401737,1367,1627,2,4,6700.0,28470.2,1,0,0
3117365,10345,1590,0,3,10114.0,23489.3,1,0,0
538704,1832,1685,0,2,20721.0,38575.5,1,2,85709470
964482,3287,1108,0,3,21936.0,46816.0,1,0,0
3457413,10018,1611,0,0,100.1,21936.6,7,0,0
486325,1658,374,2,1,1950.0,14721.6,1,11,35897404
1013767,3466,1984,0,3,36076.0,81330.4,1,0,0
3585863,1684,1915,0,0,167.0,37383.5,7,0,0
2747396,9093,744,2,4,1600.0,30364.8,1,0,0
353724,1201,1956,2,1,1836.0,42826.2,0,8,53580081
3536605,187,2006,0,0,78.3,19942.6,7,0,0
3559803,892,423,0,0,62.8,15809.4,7,0,0
3145566,10439,2154,2,4,7800.0,76276.0,1,0,0
258427,885,1850,2,5,2800.0,88222.1,1,0,0
585336,1992,2060,0,3,1800.0,24724.0,1,0,0
544511,1851,622,2,4,1100.0,24104.5,1,0,0
711666,2433,1848,2,4,1440.0,30891.6,1,0,0
370038,1258,2080,2,1,759.0,13514.4,5,1,56178200
3647258,3548,1063,0,0,96.9,23996.7,7,0,0
584750,1990,744,2,4,750.0,24786.8,1,0,0
3632611,3091,1703,0,0,216.8,49329.8,7,0,0
237586,812,1976,2,4,14.6,31452.8,6,0,0
401344,1366,534,2,4,2400.0,24484.6,1,0,0
285532,980,1894,0,3,10976.0,46772.6,1,0,0
411798,1402,1380,2,1,2073.0,32052.5,5,10,2188045
3622230,2770,1884,0,0,142.3,35204.9,7,0,0
3498264,8260,1733,0,0,342.0,62854.7,7,0,0
1003253,3424,1893,2,1,2264.0,66608.7,0,1,4327679
2305098,7606,1643,2,4,13300.0,56900.1,1,0,0
2371831,7819,2098,2,4,14.6,16552.8,6,0,0
3047721,10105,1664,1,4,20682.0,32299.1,1,0,0
1555573,5290,1931,0,3,36416.0,69593.5,1,0,0
1066805,3645,1519,2,4,14.6,28991.4,6,0,0
3571748,1252,1945,0,0,163.0,38569.7,7,0,0
2809975,9307,1343,0,3,47991.0,166434.0,1,0,0
1030093,3519,1816,2,4,2500.0,31870.5,1,0,0
3619974,2705,729,0,0,132.0,30470.7,7,0,0
2383096,7857,1265,2,4,30600.0,63474.0,1,0,0
341059,1158,709,0,2,6340.0,32026.1,2,3,55258649
235988,806,1981,0,2,3447.0,26475.0,1,6,5830103
490800,1675,680,0,2,4327.0,24414.7,2,1,50350195
433460,1473,1254,0,2,2976.0,6552.0,1,10,45224928
3464398,3001,454,0,0,91.5,22728.4,7,0,0
1203706,4119,593,0,3,400.0,19267.6,1,0,0
2628066,8688,1672,2,4,14.6,38422.7,6,0,0
2489631,8212,1611,2,4,100.0,110469.1,6,0,0
176725,596,2150,0,3,19900.0,93355.3,1,0,0
1027947,3510,454,2,4,14.6,43573.4,6,0,0
2247272,7418,1876,2,4,12600.0,2773.0,1,0,0
36379,117,1865,2,1,2329.0,18662.7,5,2,59419953
982609,3353,1487,2,4,7500.0,29805.9,1,0,0
486483,1658,382,2,4,330.0,14391.6,1,0,0
902986,3076,1125,2,4,14.6,14040.6,6,0,0
810888,2763,793,0,3,25860.0,83001.2,1,0,0
3622554,2782,1550,0,0,11.5,28439.5,7,0,0
2106681,7133,832,2,1,44.0,20073.0,0,13,28418004
435686,1480,1825,2,4,30.0,57794.2,6,0,0
508968,1741,2129,2,4,14.6,32513.5,6,0,0
353049,1200,1070,2,1,3743.0,41831.4,5,6,65062272
3557529,830,1002,0,0,179.3,44885.3,7,0,0
867719,2954,2037,2,4,14.6,67348.6,6,0,0
338013,1147,1923,0,3,22669.0,54658.4,1,0,0
566709,1930,1135,0,2,6520.0,21189.9,2,2,66582178
124693,419,657,2,4,1000.0,25425.8,1,0,0
3578880,1473,2098,0,0,71.8,17602.9,7,0,0
3452272,5483,2006,0,0,102.0,26023.4,7,0,0
812306,2768,1076,2,1,2155.0,28142.9,5,7,62968182
918492,3131,1834,2,4,5400.0,63860.9,1,0,0
935939,3195,651,2,1,1253.0,31532.7,0,9,58903491
2841565,9403,1885,0,3,3100.0,38124.2,1,0,0
3678923,6924,1976,0,0,175.9,41623.6,7,0,0
453699,1541,1656,0,3,500.0,31352.7,1,0,0
714154,2441,1833,2,4,2400.0,48053.7,1,0,0
3547170,498,1368,0,0,348.6,84927.3,7,0,0
3450244,4130,2098,2,4,12.4,12622.6,4,0,0
963284,3283,831,2,1,8720.0,20283.5,5,6,5958080
1057804,3617,1803,2,1,57.0,71709.7,5,1,52725309
1140001,3896,1519,2,4,14.6,59139.5,6,0,0
431669,1467,1894,2,1,6814.0,69034.1,5,9,10475975
133437,446,1665,2,4,17400.0,34513.5,1,0,0
3464057,2905,2037,0,0,252.4,64517.4,7,0,0
1034298,3536,2176,2,4,1040.0,16531.7,1,0,0
956843,3260,269,1,4,5486.0,28241.1,1,0,0
433064,1471,1572,2,4,1500.0,16512.9,1,0,0
2579316,8519,643,2,1,13711.0,30855.8,5,5,12003517
559039,1902,1086,2,4,6600.0,41214.8,1,0,0
1272110,4350,333,2,4,15600.0,40537.8,1,0,0
241423,825,1375,2,1,9235.0,17217.6,5,13,35577237
57697,192,1307,2,4,14.6,20718.0,6,0,0
860773,2932,616,1,4,12069.0,31483.9,1,0,0
782272,2666,1285,2,4,600.0,15723.7,1,0,0
886223,3020,1842,2,4,900.0,53041.4,1,0,0
638630,2179,1864,2,1,240.0,52653.1,3,13,6092787
2279650,7523,1040,0,3,20633.0,46722.5,1,0,0
586696,1997,2123,2,4,3800.0,24917.6,1,0,0
601716,2049,2173,2,4,2800.0,26381.5,1,0,0
623702,2128,1346,2,1,3601.0,14326.8,5,8,30310547
3629934,3007,2068,0,0,154.7,34328.6,7,0,0
791738,2699,2129,2,4,14.6,50834.9,6,0,0
2931479,9707,1089,0,3,28696.0,99047.9,1,0,0
554859,1888,2129,2,4,14.6,5566.8,6,0,0
519754,1775,65,0,2,6932.0,7832.0,2,12,16577571
3464268,2983,1641,0,0,126.2,23388.8,7,0,0
998656,3410,1043,0,3,14843.0,53659.1,1,0,0
161071,540,1689,0,3,1500.0,63499.9,1,0,0
1123834,3838,586,0,3,12573.0,48923.2,1,0,0
1051216,3595,1557,0,3,11803.0,26043.4,1,0,0
999534,3413,496,2,1,4359.0,30053.8,5,10,21769154
114714,388,1654,2,1,6524.0,30278.2,5,2,48455613
368833,1254,1942,0,3,25549.0,109913.0,1,0,0
722735,2474,1505,2,1,121.0,18888.8,5,9,31394452
630648,2153,1746,2,1,10303.0,20750.2,0,2,79112446
3665727,4576,2159,0,0,114.0,40243.6,7,0,0
663400,2265,2101,1,4,13735.0,15440.1,1,0,0
840588,2862,371,0,3,24047.0,71155.9,1,0,0
1068290,3650,554,0,3,11788.0,35827.4,1,0,0
1050099,3592,698,2,4,14.6,28697.9,6,0,0
971161,3309,1100,2,1,731.0,26072.4,3,5,73238503
346340,1174,1281,2,1,829.0,63254.2,0,5,14356726
338224,1147,1359,2,4,23400.0,46904.5,1,0,0
654304,2237,1580,2,4,14.6,43824.7,6,0,0
1652493,5602,1988,2,1,3697.8,79561.6,8,3,42234236
567124,1931,1501,0,3,9335.0,33909.5,1,0,0
3499136,8330,941,0,0,186.6,47188.5,7,0,0
704792,2413,1880,2,4,14000.0,30861.9,1,0,0
1065368,3640,2073,2,1,2040.0,40147.7,5,1,21871125
3624271,2839,1215,0,0,175.5,30490.7,7,0,0
138753,465,1222,0,2,12785.0,34703.5,1,11,71654224
944518,3221,1461,2,4,480.0,42088.4,1,0,0
3455146,7966,2098,0,0,110.6,39111.9,7,0,0
906363,3089,2053,0,3,7112.0,83965.9,1,0,0
33610,107,2138,0,3,900.0,49562.4,1,0,0
3645389,3487,1491,0,0,216.0,52769.3,7,0,0
610255,2078,706,0,3,21949.5,53931.7,1,0,0
1023753,3494,1418,2,4,2100.0,22908.0,1,0,0
381310,1295,2062,2,4,1700.0,15729.6,1,0,0
275196,942,797,2,4,400.0,16716.9,1,0,0
710296,2429,700,2,4,3840.0,34699.2,1,0,0
3659832,3920,423,0,0,388.3,94667.6,7,0,0
3547231,501,1094,0,0,223.0,73597.3,7,0,0
881729,3004,1926,0,2,4641.0,16179.8,2,8,31724423
893253,3045,1616,0,2,6079.0,25920.2,2,5,60979288
3333355,11069,2022,2,4,25600.0,62187.5,1,0,0
637029,2175,2096,2,4,9900.0,57727.8,1,0,0
940992,3212,1927,2,1,68.0,63007.2,0,7,77462422
1018360,3479,2109,2,1,1506.0,55968.0,0,11,59266370
958377,3265,1541,0,3,38946.0,131717.7,1,0,0
3527166,11054,1764,0,0,131.7,35012.7,7,0,0
766461,2617,941,2,4,14.6,21490.6,6,0,0
3516769,10005,1884,0,0,205.5,50829.2,7,0,0
572187,1947,717,2,4,1350.0,22712.5,1,0,0
1078304,3683,1254,2,4,41440.0,47736.0,1,0,0
135021,452,1915,2,4,14.6,48359.4,6,0,0
411996,1402,825,2,1,374.0,18366.0,0,3,12338292
899118,3064,2045,2,4,600.0,43220.7,1,0,0
325618,1112,1633,2,5,1200.0,36377.4,1,0,0
1246494,4264,1468,0,3,21500.0,73035.3,1,0,0
987191,3367,249,2,1,2119.0,41592.7,0,2,63311707
1141301,3902,2050,2,1,1016.0,24320.7,5,12,38989275
2415096,7965,1722,1,4,12443.0,49441.1,1,0,0
762516,2603,1465,2,4,1040.0,20715.7,1,0,0
803760,2739,1101,2,1,414.0,22392.1,5,12,92235922
315072,1075,1673,0,3,900.0,37074.7,1,0,0
669843,2286,1870,0,2,10285.0,26302.5,1,9,65957486
3555581,762,1764,0,0,76.4,18824.0,7,0,0
3611765,2472,910,0,0,243.6,61713.4,7,0,0
649998,2220,1840,2,4,4100.0,14682.0,1,0,0
935940,3195,682,2,1,1253.0,31382.3,0,9,58903491
3639776,3297,2129,0,0,122.8,22060.3,7,0,0
176919,597,2078,2,1,6135.0,33163.8,5,3,43030637
357696,1213,1833,2,4,2320.0,13271.9,1,0,0
593324,2020,740,2,1,2329.0,26214.3,5,12,37676316
1021220,3487,831,2,1,324.0,37463.8,5,5,68540710
1152142,3940,1408,0,2,17895.0,45622.0,1,3,72497838
48998,163,1491,2,4,14.6,17857.5,6,0,0
2593112,8566,1564,0,3,13869.0,55967.8,1,0,0
512374,1754,2068,2,4,14.6,66744.6,6,0,0
537575,1829,1258,2,1,3684.0,26589.0,5,11,42750388
3438912,706,1246,0,0,54.1,19236.1,7,0,0
401072,1366,984,2,1,310.0,30450.9,0,10,24074399
776716,2649,645,0,3,10427.0,37702.5,1,0,0
777900,2651,698,2,4,14.6,64231.7,6,0,0
580715,1976,2075,2,1,3408.0,28286.7,5,2,86137228
431345,1465,1580,2,4,14.6,16022.0,6,0,0
3638839,3270,1246,0,0,211.8,50333.2,7,0,0
762499,2603,1613,2,4,6200.0,16461.6,1,0,0
3662115,3996,2037,0,0,90.0,19563.9,7,0,0
841165,2863,1471,2,1,5223.0,22738.2,0,9,88193910
284315,977,1287,0,3,14041.0,61092.7,1,0,0
2384048,7861,1135,2,1,400.0,20150.3,0,8,58806037
1549163,5270,1752,2,4,34600.0,75672.1,1,0,0
1067519,3648,1807,0,2,3704.0,36587.5,1,8,72884320
476798,1625,1471,2,1,1522.0,12185.5,0,3,45131552
451926,1536,1075,0,2,38414.0,54054.2,1,9,51120805
418564,1419,1185,2,4,14.6,19391.7,6,0,0
798482,2721,2138,2,1,2200.0,21439.8,0,9,48024463
2841346,9403,2077,1,4,3457.0,41282.7,1,0,0
380883,1294,1227,2,1,2177.0,19302.2,0,11,31563121
270195,925,1943,2,4,12700.0,45844.9,1,0,0
907315,3091,1784,2,4,8000.0,45775.5,1,0,0
306845,1046,1853,0,3,4400.0,20764.9,1,0,0
597959,2035,1655,2,1,93.0,46356.1,0,12,54719960
402930,1372,1800,2,4,1850.0,61251.5,1,0,0
3609162,2393,1094,0,0,147.9,35203.8,7,0,0
838928,2856,1094,2,4,14.6,27286.3,6,0,0
514208,1760,1044,0,3,600.0,600.0,1,0,0
1046135,3577,1981,2,4,500.0,44121.7,1,0,0
882282,3006,1672,2,4,14.6,24989.4,6,0,0
3627726,2938,2006,0,0,222.2,62246.0,7,0,0
125269,422,930,1,4,6942.0,67032.1,1,0,0
439205,1493,771,2,1,51.0,24085.7,0,4,85806101
1126197,3847,1586,2,1,7.0,49292.4,0,13,83747803
139334,466,1863,0,3,3000.0,62100.0,1,0,0
165741,554,1915,2,4,14.6,38187.0,6,0,0
3508770,9188,1884,0,0,99.2,29261.1,7,0,0
267217,914,819,2,4,14.6,16598.1,6,0,0
657146,2245,1154,2,4,14.6,103389.7,6,0,0
394355,1340,1957,2,1,1120.0,24939.8,3,4,64112800
205257,697,293,2,4,16600.0,38502.3,1,0,0
176036,594,1505,2,1,2054.0,17758.7,5,2,76892024
3441019,1149,1945,0,0,196.8,41294.1,7,0,0
500197,1704,1808,2,4,650.0,18492.7,1,0,0
888186,3029,1801,0,2,5978.0,20856.9,2,2,73059355
531424,1811,984,2,1,3990.8,23369.1,8,3,84066038
1599475,5429,1641,2,4,14.6,2348.1,6,0,0
247933,852,2137,2,1,69.0,18894.8,1,4,3289789
303353,1032,698,2,4,14.6,45471.6,6,0,0
959586,3268,1002,2,4,14.6,13495.0,6,0,0
468157,1593,1981,2,1,2086.0,15295.6,5,7,35590773
680375,2322,1198,2,1,1612.0,30953.7,0,10,14182174
3443857,1781,2129,0,0,141.2,34430.3,7,0,0
3624508,2845,2098,0,0,219.9,51678.2,7,0,0
334477,1136,423,2,4,14.6,58347.0,6,0,0
3511494,9472,211,0,0,209.8,75244.8,7,0,0
2908229,9633,1767,1,4,14495.0,48131.5,1,0,0
2572425,8492,1319,2,1,1431.0,44289.9,8,3,88451617
3587350,1730,2006,0,0,247.6,58333.7,7,0,0
2727850,9024,1821,2,4,2240.0,21729.5,1,0,0
2102766,7123,2176,2,4,3900.0,76668.4,1,0,0
76055,253,1098,2,4,6600.0,28080.1,1,0,0
201147,683,1489,2,4,1440.0,30579.8,1,0,0
617042,2104,1708,2,1,6927.0,32692.9,5,9,61960321
3453992,6872,1580,0,0,143.4,37295.9,7,0,0
3656166,3805,760,0,0,81.5,18918.2,7,0,0
500700,1706,734,0,3,700.0,700.0,1,0,0
3464223,2924,1945,0,0,123.4,32293.0,7,0,0
3663933,4342,1580,0,0,249.4,53689.0,7,0,0
917781,3129,1413,0,2,6727.0,25482.9,2,9,94994931
3632173,3076,1703,0,0,70.1,17837.4,7,0,0
776531,2648,1185,2,4,14.6,24987.8,6,0,0
3636014,3197,1063,0,0,93.2,22273.0,7,0,0
664288,2268,1246,2,4,14.6,60989.8,6,0,0
230293,784,1258,2,1,701.0,25728.0,0,1,51943343
292474,1000,2113,2,4,12600.0,54641.4,1,0,0
725225,2482,1956,2,1,55.0,44397.3,0,2,27061575
3445710,539,1733,0,0,348.5,81926.4,7,0,0
1052933,3601,1836,2,4,720.0,26290.7,1,0,0
660966,2256,1802,2,1,3152.0,16796.3,5,11,65441125
593642,2022,161,0,3,700.0,700.0,1,0,0
1273477,4355,1850,2,4,1000.0,24487.0,1,0,0
3603506,2222,576,0,0,111.3,28809.6,7,0,0
1622018,5505,1884,2,4,14.6,16082.0,6,0,0
3419967,11349,1550,2,4,30.0,45268.2,6,0,0
685822,2342,1065,2,4,240.0,23339.2,1,0,0
688564,2352,1321,2,1,5581.0,41627.9,5,7,33949649
1114161,3805,1368,2,4,14.6,35372.5,6,0,0
3451139,5011,1460,0,0,85.4,70412.6,7,0,0
20951,69,1368,2,4,14.6,27246.3,6,0,0
3532768,67,1915,0,0,358.9,84964.5,7,0,0
1292427,4416,2174,0,3,1400.0,71639.5,1,0,0
952897,3249,1770,0,3,20662.0,50693.2,1,0,0
3467790,3940,1825,0,0,134.6,30141.8,7,0,0
483167,1644,1211,2,4,2160.0,28271.7,1,0,0
457762,1556,1648,0,2,5955.0,32054.0,2,5,75935971
281488,965,770,2,1,2853.0,18073.0,5,4,43064683
17242,59,765,0,3,14283.0,29104.0,1,0,0
1080922,3691,374,2,1,3267.0,29654.4,5,1,56120270
875573,2983,1591,0,3,5709.0,40356.1,1,0,0
2910601,9640,2103,2,1,10597.0,77595.0,5,9,35819530
744637,2542,1316,2,1,2637.0,26694.3,0,1,12512219
215599,732,1505,2,1,5129.0,34554.8,5,4,38898217
3611186,2457,607,0,0,121.7,29765.7,7,0,0
881044,3001,1318,2,4,400.0,55130.0,1,0,0
27326,90,2016,2,1,361.0,26948.9,0,13,2028567
446,2,765,2,1,7266.0,13148.8,5,9,13943797
758032,2585,339,2,4,2880.0,51340.9,1,0,0
406617,1384,1655,0,2,31366.0,54505.3,1,5,18902480
2546483,8405,1435,2,1,410.0,55324.0,5,13,84832042
1599244,5428,1363,2,4,16400.0,27285.6,1,0,0
496890,1694,1277,1,4,2877.0,27331.6,1,0,0
323993,1106,480,2,4,13900.0,35663.0,1,0,0
3454107,6910,1733,0,0,263.3,62129.1,7,0,0
1921383,6511,1024,2,4,27100.0,91266.5,1,0,0
852900,2906,1958,2,4,7900.0,30087.6,1,0,0
3598423,2052,364,0,0,98.1,31041.4,7,0,0
3511349,9455,1856,0,0,223.2,45938.9,7,0,0
321197,1098,1138,2,1,619.0,26572.9,5,1,2207518
431747,1467,1611,2,4,14.6,57581.8,6,0,0
93068,317,1124,2,4,400.0,16104.3,1,0,0
839407,2858,1623,2,4,8000.0,38037.6,1,0,0
642746,2195,1199,0,3,16654.0,73712.9,1,0,0
1563277,5313,1288,0,3,12700.0,34266.1,1,0,0
927991,3163,1964,2,4,19800.0,44267.4,1,0,0
77043,256,1127,2,4,2100.0,49177.6,1,0,0
318042,1085,1894,0,3,2300.0,28497.0,1,0,0
2862336,9472,825,2,1,5119.0,29693.0,5,6,17279625
3659525,3912,880,0,0,124.6,28961.5,7,0,0
938809,3203,1764,2,4,14.6,20790.4,6,0,0
244634,839,1106,2,4,21000.0,51425.2,1,0,0
174576,588,406,0,3,7634.0,33120.0,1,0,0
3498813,8316,849,0,0,124.4,33747.4,7,0,0
141748,474,1889,2,1,694.0,22001.8,5,11,33440119
218995,744,1346,2,1,2165.0,12440.8,5,2,51830822
375489,1277,1190,2,4,2100.0,27419.7,1,0,0
916847,3126,1956,0,3,5989.0,20079.7,1,0,0
263545,901,1197,2,1,1910.0,26112.4,5,11,93629043
284059,976,1191,0,3,20949.0,52057.6,1,0,0
679611,2321,628,0,3,49741.0,124171.9,1,0,0
1309115,4470,887,0,2,60854.0,100739.8,1,10,59639334
973569,3317,2051,2,1,2166.0,15439.2,1,6,89721625
156863,524,849,2,4,14.6,40180.6,6,0,0
3593238,1901,1429,0,0,142.6,17217.1,7,0,0
999659,3413,2104,2,1,242.0,104369.4,0,5,9298742
811157,2763,749,2,4,1800.0,44495.1,1,0,0
3576323,1401,1368,0,0,185.3,42031.5,7,0,0
229013,777,2068,2,4,14.6,59988.6,6,0,0
819161,2789,712,2,1,229.0,51999.5,0,13,53360038
698099,2387,2159,2,4,14.6,23910.6,6,0,0
2610778,8625,1351,2,1,8151.0,41524.3,5,13,85545950
1596685,5423,768,2,1,4068.0,-763.0,3,1,59710752
206625,701,2006,2,4,14.6,23547.4,6,0,0
1043301,3567,928,2,4,7900.0,34190.4,1,0,0
3626462,2901,1976,0,0,201.5,48282.7,7,0,0
1131895,3868,1197,2,4,560.0,19633.8,1,0,0
135047,452,1572,0,3,5200.0,37939.2,1,0,0
3617396,2627,1094,0,0,90.5,21272.7,7,0,0
1363037,4650,2110,2,1,6700.0,39500.8,8,10,50796478
565681,1926,800,0,3,4507.0,21775.2,1,0,0
2287863,7546,2083,2,4,3400.0,16017.3,1,0,0
2538201,8377,1719,0,3,7263.0,20515.8,1,0,0
447126,1518,1945,2,4,14.6,86635.3,6,0,0
522505,1783,2104,0,3,9005.0,32202.8,1,0,0
1011630,3457,1741,2,1,2796.0,20010.1,5,13,68303775
1273513,4355,211,2,4,14.6,25154.0,6,0,0
5213,22,1350,0,3,16873.0,52944.0,1,0,0
290671,996,2012,0,2,6404.0,22755.2,2,1,74025892
1125270,3843,1820,2,4,1000.0,12737.6,1,0,0
3571300,1238,1399,0,0,120.0,25692.5,7,0,0
315165,1076,1410,0,3,11977.0,44057.5,1,0,0
3597442,2020,1945,0,0,181.7,44023.7,7,0,0
2374351,7828,1415,2,4,3500.0,34445.9,5,0,0
225606,768,1859,2,4,800.0,19786.9,1,0,0
473730,1613,1099,0,2,6359.0,26036.0,2,9,7221281
457347,1554,2170,2,1,6551.0,29885.6,5,8,93773585
3461181,2077,910,0,0,133.9,32796.6,7,0,0
599203,2039,1944,0,3,30253.0,71135.1,1,0,0
606896,2066,2140,0,2,3758.0,16346.0,1,3,93834441
392284,1334,280,0,3,5627.0,35687.0,1,0,0
1086153,3711,1837,2,1,7683.2,25532.6,8,2,24353820
3508301,9153,1856,0,0,138.2,32796.6,7,0,0
3631495,3053,2190,0,0,349.8,86982.1,7,0,0
506885,1731,1471,0,2,4758.0,26208.4,2,4,89825009
75431,250,2177,2,4,800.0,48445.3,1,0,0
58688,196,1807,2,1,385.0,81447.1,0,5,21173686
2279706,7523,924,2,4,8800.0,35942.7,5,0,0
3570126,1200,698,0,0,215.5,43710.2,7,0,0
650987,2224,1917,2,4,13900.0,49021.3,1,0,0
1025656,3502,1226,0,3,22512.0,58865.7,1,0,0
1165910,3995,1110,2,4,2280.0,36065.5,1,0,0
448053,1522,1848,2,4,500.0,29388.4,1,0,0
15923,53,1246,2,4,14.6,18943.7,6,0,0
1485600,5063,1283,0,3,5900.0,16711.9,1,0,0
1267836,4337,631,0,3,13730.0,115521.3,1,0,0
506891,1731,1652,0,2,4758.0,26708.6,2,4,89825009
1043752,3569,2098,2,4,14.6,16483.8,6,0,0
769707,2627,1130,2,1,1579.0,13108.0,5,6,30658924
133087,446,189,0,3,24160.0,25260.0,1,0,0
3549263,563,1246,0,0,95.8,24506.6,7,0,0
1149058,3930,1373,2,1,9101.0,15004.7,5,13,79120719
3551230,629,880,0,0,81.2,20229.2,7,0,0
951,3,1828,2,4,2040.0,24709.4,1,0,0
672387,2297,898,0,3,200.0,200.0,1,0,0
3588240,1762,1641,0,0,127.4,30535.1,7,0,0
151789,507,1478,2,4,11040.0,14700.3,1,0,0
613744,2091,1884,2,4,14.6,35704.8,6,0,0
479690,1635,955,0,3,18068.0,49188.1,1,0,0
113081,381,1081,2,4,1120.0,42224.5,1,0,0
282410,969,2037,0,3,33193.0,104517.7,1,0,0
3292306,10940,1920,2,1,7517.0,32485.6,5,6,1789451
3299474,10963,1912,0,3,27026.0,96142.6,1,0,0
915388,3120,2147,2,4,1760.0,27260.9,1,0,0
733964,2508,1185,2,4,14.6,19516.4,6,0,0
145017,485,1854,2,4,1500.0,35832.3,1,0,0
703447,2410,340,2,4,2200.0,27097.0,1,0,0
1614099,5481,1837,2,1,4358.0,62511.0,8,5,17114121
843008,2868,2159,2,4,14.6,27480.2,6,0,0
628786,2146,515,2,4,14.6,37134.6,6,0,0
3454696,7520,1703,0,0,77.5,19582.3,7,0,0
650736,2223,1716,2,1,2930.0,13667.5,5,5,22266888
3453668,6473,2098,0,0,217.5,49584.4,7,0,0
67441,225,432,0,3,5078.0,23122.3,1,0,0
1038144,3551,1984,2,1,1769.0,16373.2,5,9,9448177
307001,1047,1585,2,1,4339.0,11127.1,5,6,74345159
670952,2291,1636,2,4,5700.0,18015.9,1,0,0
713522,2438,1982,2,1,5817.0,10526.9,5,4,26398313
37706,121,1945,2,4,14.6,27645.4,6,0,0
3661306,3971,1884,0,0,82.4,44310.9,7,0,0
1097029,3748,454,2,4,14.6,14333.9,6,0,0
453738,1541,2116,0,3,1600.0,30172.1,1,0,0
299067,1019,494,2,1,8127.0,44997.1,5,12,75165712
2963719,9814,941,2,4,30.0,63105.4,6,0,0
3082361,10220,2162,2,4,2500.0,8575.2,1,0,0
2699991,8934,1703,2,4,14.6,36621.8,6,0,0
3460599,1953,2068,0,0,324.6,86641.0,7,0,0
988074,3369,1080,2,4,1400.0,25404.1,1,0,0
781829,2665,788,2,4,14.6,21727.5,6,0,0
726665,2486,771,2,4,1300.0,92391.2,1,0,0
399117,1359,1085,0,3,700.0,25045.8,1,0,0
3622872,2793,880,0,0,85.9,20961.5,7,0,0
577977,1967,1033,2,4,30.0,69781.9,6,0,0
3465774,3449,1276,0,0,124.6,28074.9,7,0,0
791025,2697,1778,2,1,3142.0,53154.0,0,4,34090870
2976483,9859,1708,2,1,1476.0,43343.9,0,6,16269088
3293203,10942,910,2,4,29600.0,54831.4,1,0,0
294938,1006,395,2,4,14.6,22342.6,6,0,0
345701,1170,1927,2,4,6900.0,53707.5,1,0,0
3439591,904,1033,0,0,246.8,59959.6,7,0,0
951145,3242,1791,2,4,500.0,25146.7,1,0,0
3527342,11065,1580,0,0,105.1,21975.0,7,0,0
551621,1878,1702,2,4,10500.0,40646.3,1,0,0
896160,3053,1854,0,3,3700.0,58558.2,1,0,0
364035,1237,2167,1,4,16630.0,66259.8,1,0,0
415997,1412,1712,2,1,1110.0,33600.6,3,10,86234765
2472863,8159,1562,2,1,1552.0,36503.0,0,9,17476857
71344,238,1683,0,2,3351.0,17072.5,1,5,50988632
361533,1228,1633,2,4,1600.0,46738.8,1,0,0
3449593,3786,972,0,0,146.8,60517.7,7,0,0
3530524,2,1338,0,0,168.0,44779.6,7,0,0
1023783,3495,1232,0,3,500.0,500.0,1,0,0
2107118,7133,1069,0,3,1600.0,25120.3,1,0,0
930386,3171,774,0,2,4848.0,18202.3,2,12,69677310
415490,1411,352,2,4,1300.0,32528.1,1,0,0
3667574,4894,515,0,0,209.0,48883.3,7,0,0
3621097,2739,1002,0,0,81.7,18425.6,7,0,0
944144,3220,765,2,4,600.0,21405.6,1,0,0
413644,1406,1434,0,2,4141.0,24762.7,2,6,75857972
3625192,2865,1094,0,0,183.6,38768.8,7,0,0
192012,651,1531,2,4,7100.0,46451.3,1,0,0
3614267,2536,849,0,0,124.7,30971.0,7,0,0
914956,3118,1744,2,1,8886.0,21177.7,5,4,73266708
471383,1604,1827,2,4,2520.0,31511.5,1,0,0
3662095,3995,1915,0,0,161.4,32151.0,7,0,0
416514,1413,1708,2,4,4100.0,16005.8,1,0,0
3642017,3371,668,0,0,110.4,22286.9,7,0,0
3293046,10942,1204,1,4,18236.0,59544.8,1,0,0
3598401,2050,1580,0,0,157.0,37421.8,7,0,0
431328,1465,1063,2,4,14.6,26735.9,6,0,0
1151579,3938,440,2,4,18700.0,46420.5,1,0,0
3587727,1743,545,0,0,98.3,23373.5,7,0,0
3651723,3677,1672,0,0,54.1,13443.6,7,0,0
933199,3183,1622,2,4,2800.0,28193.8,1,0,0
3603589,2223,2006,0,0,71.6,15020.7,7,0,0
978494,3337,1877,0,3,27321.0,59489.5,1,0,0
3455902,8934,941,0,0,51.6,20757.4,7,0,0
1103819,3771,651,1,4,18530.0,38341.3,1,0,0
3639120,3280,1276,0,0,98.7,32685.7,7,0,0
1042034,3564,1625,2,4,7900.0,33684.1,1,0,0
879085,2994,1854,2,5,3100.0,47311.2,1,0,0
279910,958,1976,2,4,14.6,25087.2,6,0,0
952299,3246,1124,0,3,4700.0,18234.5,1,0,0
825166,2811,1186,2,4,22200.0,46864.7,1,0,0
1160271,3972,793,2,4,3800.0,38571.6,1,0,0
278341,953,2143,0,2,2930.0,32144.8,1,7,75143736
1005455,3432,1955,0,3,4102.0,14086.6,1,0,0
2847939,9424,2068,2,4,14.6,18427.5,6,0,0
3466529,3569,1794,0,0,121.3,25923.4,7,0,0
131494,441,664,2,4,12000.0,46183.8,1,0,0
268151,918,1635,0,3,7237.0,49353.5,1,0,0
405527,1380,1468,2,4,1800.0,58632.4,1,0,0
1657336,5622,1040,2,1,6327.0,65817.3,5,10,24175644
443546,1508,2166,2,4,29100.0,40860.8,1,0,0
3646993,3542,910,0,0,73.4,17322.5,7,0,0
964043,3285,1870,2,1,2100.0,21015.2,1,11,32551253
1068485,3650,819,2,4,14.6,34147.0,6,0,0
2768023,9159,1592,2,1,316.0,37948.1,0,5,98776262
3640135,3310,1460,0,0,52.4,13427.4,7,0,0
3531284,29,1063,0,0,150.9,33520.1,7,0,0
885451,3017,1769,2,1,1173.0,15372.4,3,4,57924091
1074247,3670,668,2,4,14.6,20289.1,6,0,0
955623,3258,1660,0,3,10349.0,71669.1,1,0,0
290233,994,1865,2,4,2000.0,39231.2,1,0,0
763689,2608,2168,2,4,1120.0,19511.8,1,0,0
3603728,2227,2006,0,0,390.4,104116.4,7,0,0
1086398,3712,2050,2,1,2499.0,29770.8,5,2,80358522
5300,22,2169,2,1,6352.0,11809.0,5,10,34691494
3146032,10440,2098,2,4,14.6,48880.6,6,0,0
3607659,2349,1519,0,0,69.5,15665.7,7,0,0
985295,3361,1834,2,1,6154.0,67703.2,5,3,34121233
3608026,2361,545,0,0,127.5,34956.9,7,0,0
3660878,3954,484,0,0,87.1,21444.8,7,0,0
688526,2352,1622,0,3,30378.0,75454.8,1,0,0
484542,1650,1952,2,1,9100.0,24709.5,0,8,60317361
850287,2896,1471,2,1,1852.0,19692.6,5,8,14075744
2258937,7454,680,2,1,471.0,19296.6,0,1,52242457
40130,130,2133,2,4,1000.0,24569.4,1,0,0
158874,532,1064,2,4,4300.0,30862.6,1,0,0
3443233,1649,1641,0,0,67.8,16261.4,7,0,0
396185,1347,2138,2,1,2066.0,11939.3,1,10,98295950
1096749,3748,1135,0,2,3192.0,15384.9,1,8,59888619
678556,2318,1115,2,4,1100.0,56232.2,1,0,0
1107557,3783,2048,0,3,8875.0,25915.9,1,0,0
48339,162,825,0,2,5188.0,29358.1,2,7,66186195
3629558,2991,211,0,0,133.5,37973.5,7,0,0
265586,907,454,2,4,14.6,26965.7,6,0,0
496884,1694,411,1,4,13380.0,47295.7,1,0,0
916309,3124,2106,0,3,15032.0,43235.1,1,0,0
700976,2399,1414,0,3,900.0,35830.5,1,0,0
733097,2505,1592,2,1,136.0,18904.3,5,12,57194352
1211046,4143,2130,2,4,14700.0,46282.6,1,0,0
96947,331,1676,2,4,960.0,15818.9,1,0,0
577648,1966,2082,2,4,15800.0,34479.1,1,0,0
424681,1442,978,2,1,5950.0,45387.4,5,9,70648139
2969385,9833,2094,0,3,6300.0,58607.4,1,0,0
3581613,1558,1976,0,0,75.8,17743.0,7,0,0
629297,2148,1253,2,1,69.0,20857.0,0,7,6842810
311800,1063,1550,2,4,14.6,34251.3,6,0,0
734181,2509,1862,2,1,1950.0,79265.0,3,8,83953725
1453699,4948,1399,2,4,14.6,19199.4,6,0,0
3658243,3869,1033,0,0,275.6,71998.7,7,0,0
780286,2660,469,0,3,900.0,22000.0,1,0,0
188838,639,2159,2,4,14.6,22219.4,6,0,0
2797885,9265,280,2,4,3800.0,26941.4,1,0,0
2592050,8564,861,0,2,38369.0,82781.2,1,12,13991976
740572,2528,1839,2,1,2824.0,21230.4,5,11,51561528
3581268,1545,1794,0,0,235.5,70410.4,7,0,0
286323,982,1047,2,1,148.0,21264.4,3,2,44355207
667438,2278,1491,2,4,14.6,22618.3,6,0,0
826205,2814,2140,2,1,2627.0,26636.0,5,9,14418357
962264,3279,1292,0,3,36997.0,107371.8,1,0,0
553600,1884,1801,0,3,14576.0,43389.7,1,0,0
276868,947,316,0,3,800.0,29747.5,1,0,0
709541,2427,880,2,4,30.0,17498.7,6,0,0
820362,2793,542,2,4,1020.0,17612.4,1,0,0
3565847,1073,910,0,0,116.1,26598.7,7,0,0
1203928,4119,320,0,3,13000.0,13800.0,1,0,0
286563,982,1580,2,4,14.6,24332.7,6,0,0
778109,2652,1745,0,3,21013.0,64940.5,1,0,0
751809,2565,1537,0,3,1600.0,16216.4,1,0,0
352752,1198,2050,2,4,1500.0,37130.0,1,0,0
647066,2212,1473,2,1,3206.0,20504.7,5,9,39952963
886265,3020,1794,2,4,14.6,88137.3,6,0,0
120261,403,454,2,4,14.6,25578.9,6,0,0
296737,1012,741,2,1,4090.8,51981.5,8,3,56211417
924898,3152,801,2,1,6339.0,17225.4,5,6,22302586
882759,3007,1100,2,4,2000.0,35147.4,1,0,0
3618395,2655,1794,0,0,241.6,59316.1,7,0,0
3577834,1442,698,0,0,144.5,31395.1,7,0,0
1548683,5269,1794,2,4,14.6,25022.2,6,0,0
507238,1732,1985,0,3,33231.0,85954.6,1,0,0
3671123,5481,1856,0,0,209.9,28320.8,7,0,0
228356,775,1349,2,1,2439.0,63838.2,0,10,6988245
745261,2543,211,2,4,14.6,32838.7,6,0,0
1115192,3808,1519,2,4,14.6,25750.1,6,0,0
3538555,239,637,0,0,98.2,26240.3,7,0,0
3600849,2137,2006,0,0,151.7,45069.0,7,0,0
3558534,860,1764,0,0,112.6,23962.9,7,0,0
2069014,7011,1368,2,4,14.6,45655.5,6,0,0
484547,1650,2105,2,1,9100.0,26813.0,0,8,60317361
1450072,4937,1150,0,3,34648.0,99622.4,1,0,0
330327,1126,618,2,1,2791.0,32317.1,5,12,12984758
1039357,3554,242,2,4,14.6,24359.9,6,0,0
134216,449,2160,2,4,12600.0,13155.1,1,0,0
3551132,627,1215,0,0,247.0,57074.3,7,0,0
1879558,6363,835,2,4,2760.0,48879.5,1,0,0
3497193,8158,2006,0,0,255.4,63201.0,7,0,0
931416,3175,2110,0,2,4920.0,20341.8,2,11,74043953
744,2,1496,0,3,6100.0,35903.1,1,0,0
3552555,665,2037,0,0,319.0,80497.4,7,0,0
697900,2386,2037,2,4,14.6,70360.5,6,0,0
882249,3006,2156,2,4,800.0,20549.2,1,0,0
1272760,4352,1115,2,4,15700.0,47127.3,1,0,0
3529501,11327,1825,0,0,136.0,41255.4,7,0,0
1611006,5472,858,2,4,3300.0,24479.8,1,0,0
932536,3181,804,0,3,1300.0,30003.5,1,0,0
24016,79,1928,2,1,2788.0,20531.1,5,2,15471804
3299604,10963,1002,2,4,14.6,34825.5,6,0,0
3646087,3511,1519,0,0,87.7,22042.8,7,0,0
762664,2604,1774,2,1,3965.0,25907.2,5,8,53184521
356388,1207,753,2,4,3240.0,34075.1,1,0,0
315274,1076,1071,2,1,4447.0,22392.2,0,13,93423914
8257,30,2122,0,3,33146.0,62924.3,1,0,0
798003,2719,1533,0,2,5955.0,22712.4,2,7,35137134
602159,2050,1133,2,4,3000.0,23133.4,1,0,0
3662635,4066,1246,0,0,148.0,28156.2,7,0,0
1275254,4361,1555,2,4,3900.0,30934.9,1,0,0
3478978,9140,2098,0,0,93.2,19409.2,7,0,0
3551258,629,1733,0,0,90.9,22039.0,7,0,0
795682,2711,1166,2,1,7300.0,41873.9,5,7,40865373
604942,2059,1580,2,4,14.6,35867.9,6,0,0
223839,762,1897,0,2,5984.0,17541.5,2,12,73748171
3543231,388,1154,0,0,76.8,14176.6,7,0,0
3453185,6064,1703,0,0,98.6,25631.5,7,0,0
592573,2017,1316,2,1,816.0,22655.4,0,5,86340266
173202,581,2011,2,1,1502.0,38499.0,5,6,62047934
3624790,2855,1460,0,0,130.2,32233.3,7,0,0
766093,2616,2028,2,4,11900.0,17523.8,1,0,0
3453278,6118,910,2,4,7.0,15148.7,4,0,0
495479,1689,1438,2,4,1250.0,19079.9,1,0,0
561531,1910,1771,2,1,2336.0,90375.8,0,3,95706283
318623,1088,2048,2,1,3032.0,21375.6,5,12,46244287
785952,2677,2109,2,1,158.0,29997.6,0,13,80062365
365456,1242,2080,2,1,3674.0,51799.5,0,1,62675297
105913,361,1073,2,1,1388.0,77707.6,0,10,59163767
285868,981,1717,2,1,2769.0,53990.1,0,7,79798209
86601,290,938,0,3,48416.0,111573.1,1,0,0
3556693,806,1945,0,0,89.3,21813.8,7,0,0
743646,2539,1825,2,4,14.6,27850.6,6,0,0
3599382,2082,1976,0,0,34.1,6474.3,7,0,0
264021,902,1222,2,1,1726.0,27113.3,3,9,46706521
1108263,3785,515,2,4,14.6,45143.7,6,0,0
270880,928,849,2,4,14.6,29825.3,6,0,0
761121,2598,1273,0,3,27280.0,31378.0,1,0,0
699102,2391,1945,2,4,14.6,37614.1,6,0,0
746388,2546,1826,2,4,3600.0,23121.1,1,0,0
517535,1768,723,2,4,3680.0,37194.1,1,0,0
656206,2242,685,2,4,20500.0,40696.7,1,0,0
2043565,6927,1102,0,3,6646.0,41882.3,1,0,0
323994,1106,510,2,4,7200.0,28623.9,1,0,0
777568,2651,892,0,2,53894.0,79505.5,1,3,13750350
1468372,5001,2006,2,4,14.6,23557.6,6,0,0
14788,49,1556,0,3,300.0,300.0,1,0,0
329262,1123,955,2,1,2444.0,41135.6,5,13,11799949
220359,748,517,2,4,3200.0,24678.3,1,0,0
1548082,5267,1569,1,4,6817.0,15927.7,1,0,0
1781617,6040,1417,2,4,500.0,28990.4,1,0,0
1061868,3628,1614,2,4,11700.0,45746.1,1,0,0
3618692,2666,1703,0,0,61.3,15170.6,7,0,0
484848,1652,1473,0,2,6226.0,18559.5,2,4,3406155
3538575,239,1246,0,0,324.4,89152.4,7,0,0
383501,1302,1491,2,4,14.6,16935.7,6,0,0
772521,2638,649,0,3,20081.0,65108.4,1,0,0
788003,2686,1288,2,1,1996.0,18093.1,5,8,79690658
415175,1410,733,2,4,11700.0,45470.1,1,0,0
3488689,7454,1307,0,0,60.5,14425.1,7,0,0
1106958,3781,1350,0,3,24033.0,88877.3,1,0,0
451385,1534,2093,2,4,3300.0,39172.0,1,0,0
963623,3284,1346,0,3,7309.0,27327.9,1,0,0
2707646,8957,1036,0,3,2800.0,27206.9,1,0,0
272248,931,1465,2,1,864.0,26680.3,0,7,2668875
3665827,4585,1856,0,0,139.8,29176.8,7,0,0
246323,846,1337,0,3,16181.0,102508.8,1,0,0
372579,1269,1989,0,3,18193.5,58411.6,1,0,0
139756,467,1556,2,4,3400.0,33340.6,1,0,0
183800,624,1393,2,4,27900.0,52707.9,1,0,0
1145168,3917,1651,2,1,2833.0,39406.7,0,9,63465010
3587594,1739,1399,0,0,253.3,62349.2,7,0,0
649483,2219,2006,2,4,14.6,85758.6,6,0,0
24204,80,2141,2,1,2252.0,24704.1,1,5,85687774
31620,102,2164,2,1,3373.0,54660.0,5,6,63927906
551656,1878,1094,2,4,30.0,11168.7,6,0,0
1531290,5215,555,2,1,870.0,43056.6,0,9,71636765
111063,375,1945,2,4,14.6,12727.7,6,0,0
167316,559,2073,2,4,12000.0,13947.6,1,0,0
597461,2033,1368,2,4,14.6,27600.8,6,0,0
635928,2170,2165,2,4,20800.0,129648.0,1,0,0
3632641,3092,1641,0,0,77.1,18971.0,7,0,0
184903,627,1995,2,4,21300.0,80814.2,1,0,0
264000,902,583,2,1,1726.0,33918.0,3,9,46706521
453088,1539,668,2,4,100.0,15431.5,6,0,0
1135548,3881,2143,0,3,6761.0,29163.8,1,0,0
1098997,3754,1803,2,1,900.0,75435.1,0,11,27539909
267440,915,1286,2,1,14291.0,50650.6,5,3,73569780
671716,2293,1491,2,4,14.6,15495.3,6,0,0
145324,486,1658,0,3,1900.0,35946.2,1,0,0
843739,2872,1769,0,3,12149.0,22424.6,1,0,0
588668,2003,1527,1,4,5582.0,29925.3,1,0,0
3615703,2576,1672,0,0,99.6,20747.0,7,0,0
3652765,3704,1215,0,0,81.7,19740.3,7,0,0
3235761,10738,1519,2,4,30.0,93615.7,6,0,0
2308105,7614,1458,2,4,24700.0,49681.3,1,0,0
22974,75,1181,2,4,2760.0,18937.2,1,0,0
186047,630,1770,2,1,2361.0,15269.0,5,5,662714
288545,989,1712,2,1,1147.0,22050.5,0,6,78910153
21223,70,1108,2,4,900.0,27719.7,1,0,0
3524322,10774,1825,0,0,113.2,24561.5,7,0,0
463270,1576,1923,2,1,11816.0,11597.6,5,12,88001566
68998,230,1434,0,3,26239.5,51158.9,1,0,0
1042446,3566,400,2,1,294.0,18406.4,5,9,38624727
400931,1366,1068,0,3,11439.0,39261.5,1,0,0
1010169,3451,1441,2,1,7097.0,58255.3,5,11,61476659
538339,1831,1744,0,2,6480.0,29264.1,2,13,75945204
296586,1011,1285,2,4,6000.0,56840.1,1,0,0
866860,2951,2142,2,1,1810.0,32982.0,0,9,88711630
3467633,3886,1915,0,0,246.6,62907.6,7,0,0
19396,66,1134,0,2,44713.0,79107.0,1,6,76316427
1067980,3649,1714,2,1,4.0,59677.2,0,10,17516535
788450,2687,1976,2,4,14.6,22086.4,6,0,0
3546946,494,607,0,0,85.6,18464.0,7,0,0
345746,1170,1390,2,4,11800.0,29497.7,1,0,0
3600729,2131,2190,0,0,199.7,49339.0,7,0,0
819108,2789,922,2,1,2965.0,39793.0,5,12,94019633
1001825,3419,1851,2,4,3000.0,21696.8,1,0,0
846638,2882,1626,2,4,21900.0,39653.9,1,0,0
463111,1575,2129,2,4,14.6,33985.7,6,0,0
721846,2471,1300,2,4,7200.0,66897.1,1,0,0
728461,2490,2091,2,4,4300.0,69955.0,1,0,0
1274615,4358,1563,2,4,24400.0,54663.1,1,0,0
771094,2632,1773,0,3,14264.0,44348.7,1,0,0
260178,891,1259,0,2,5997.0,6997.0,2,5,18260264
161476,541,1315,0,3,20106.0,39918.5,1,0,0
490321,1673,1028,2,4,1120.0,21113.1,1,0,0
31116,100,1651,2,4,4900.0,47671.1,1,0,0
314842,1075,1223,0,3,6114.0,33895.4,1,0,0
3441007,1149,1580,0,0,178.5,37536.9,7,0,0
1091593,3732,1864,0,2,4673.0,24165.9,2,3,90110331
51926,173,1342,2,4,8500.0,24512.3,1,0,0
1890913,6400,1319,2,1,3016.7,31958.0,8,8,68610131
262141,897,1166,2,4,10200.0,44119.6,1,0,0
54428,181,1707,2,4,4200.0,37460.7,1,0,0
1152662,3942,1776,2,1,2982.5,36858.6,8,13,11209202
1599375,5429,1833,0,3,8879.0,-1369.9,1,0,0
963126,3282,1856,2,4,14.6,12647.7,6,0,0
56697,189,1898,2,1,4244.0,39353.3,5,4,54808670
406109,1382,495,2,1,2059.0,12797.8,5,5,22867429
858897,2926,2068,2,4,14.6,32844.6,6,0,0
573055,1949,1853,2,4,1320.0,26260.0,1,0,0
3575534,1375,1185,0,0,179.9,40982.2,7,0,0
2938359,9731,1927,2,1,3160.7,27492.8,8,5,58578437
3549293,563,2159,0,0,75.9,15766.5,7,0,0
705306,2416,1837,2,1,9425.0,35961.4,5,11,52533727
622019,2122,120,2,4,6300.0,51407.5,1,0,0
3441526,1236,1491,0,0,67.9,14556.8,7,0,0
990774,3378,1434,0,3,18412.5,54669.3,1,0,0
657687,2247,2018,2,1,592.0,47481.6,5,8,77294456
3420021,11349,1775,2,4,19500.0,44627.5,1,0,0
136141,456,1976,2,4,14.6,37543.3,6,0,0
3661949,3989,2190,0,0,97.4,22693.1,7,0,0
3588652,1773,1154,0,0,58.8,14980.2,7,0,0
132249,443,1262,2,4,720.0,21995.2,1,0,0
297593,1016,409,0,3,21231.0,68927.5,1,0,0
3565905,1074,1733,0,0,313.4,76273.1,7,0,0
116036,391,644,2,4,14300.0,41916.8,1,0,0
940498,3210,972,2,4,14.6,54268.7,6,0,0
440232,1496,1286,2,1,33.0,46397.2,3,1,44200831
2123500,7190,758,2,4,1100.0,23581.0,1,0,0
1043554,3568,1706,2,4,2700.0,15459.8,1,0,0
115427,390,1411,0,3,48765.0,125622.5,1,0,0
1230973,4214,1687,0,3,47802.0,100969.1,1,0,0
3302960,10973,1703,2,4,30.0,28788.7,6,0,0
366786,1247,706,2,4,6300.0,35629.6,1,0,0
104914,358,1008,2,1,1434.0,11922.1,0,10,65233623
935241,3192,2134,2,1,1272.0,47673.5,5,4,66663372
3647820,3567,1368,0,0,210.9,76003.7,7,0,0
784326,2673,1524,0,3,12395.0,30888.3,1,0,0
949144,3235,1185,2,4,14.6,26770.3,6,0,0
83716,280,1745,0,3,12043.0,33949.7,1,0,0
143583,481,1776,2,4,1120.0,43062.2,1,0,0
2575626,8505,1920,0,3,15272.0,50340.2,1,0,0
3634572,3148,1154,0,0,100.1,25552.0,7,0,0
1021352,3487,1450,2,4,4000.0,56370.4,1,0,0
73384,243,1976,2,4,30.0,46718.5,6,0,0
809305,2758,1663,2,4,5400.0,46800.6,1,0,0
3463635,2804,1491,0,0,139.8,28249.1,7,0,0
421313,1429,765,0,2,3250.0,20970.9,1,10,70004778
2448617,8073,1812,0,3,32419.0,62405.3,1,0,0
531110,1810,1290,2,1,5925.0,38257.7,5,10,40205115
773935,2641,271,2,4,17100.0,44798.7,1,0,0
1134583,3877,1893,2,4,4200.0,50719.2,1,0,0
999180,3411,1476,0,3,3200.0,17473.0,1,0,0
3606340,2312,1945,0,0,85.3,18430.3,7,0,0
555929,1892,1438,0,2,4622.0,22467.4,2,6,3605026
653976,2236,2037,2,4,14.6,5038.0,6,0,0
3661893,3986,2190,0,0,147.3,35726.2,7,0,0
3455303,8132,1125,0,0,226.4,41604.5,7,0,0
1200940,4109,1685,0,3,300.0,41659.8,1,0,0
405587,1380,1174,2,4,1900.0,23045.0,1,0,0
100790,344,819,2,4,14.6,32953.2,6,0,0
1073742,3669,1470,2,1,2087.0,16441.5,3,2,75799655
194747,660,2170,0,3,24439.5,83649.7,1,0,0
136075,456,2060,2,4,14100.0,84498.7,1,0,0
906159,3088,1410,2,1,5866.0,50058.6,5,5,76251017
1476788,5033,1514,2,4,3000.0,15025.3,1,0,0
630620,2153,1987,2,1,1737.0,73495.0,5,6,60141891
104997,358,1351,2,1,27.0,15804.4,3,10,94764554
400786,1365,1802,2,4,1470.0,46927.3,1,0,0
582603,1981,637,2,4,14.6,20850.5,6,0,0
3589746,1803,1856,0,0,215.2,50487.6,7,0,0
659242,2250,736,2,4,1200.0,33707.3,1,0,0
1059970,3623,1381,2,1,2490.0,29944.0,5,8,63441431
3582835,1598,2129,0,0,242.3,102843.5,7,0,0
1151823,3939,1592,2,1,5177.0,29953.2,5,7,57331061
1140165,3897,1840,2,5,1300.0,51480.2,1,0,0
682641,2330,680,2,1,1662.0,18312.1,5,9,64704280
938999,3204,1739,2,4,10500.0,55078.4,1,0,0
273336,936,2018,2,1,224.0,20424.5,0,13,51554924
936013,3195,710,2,1,218.0,32783.0,3,12,79532688
3496442,8094,1460,0,0,49.3,45861.3,7,0,0
242709,831,1406,0,2,3437.0,7874.0,1,5,13867229
622413,2123,1775,2,1,2141.0,11956.1,1,3,18685001
253870,870,1851,2,4,2880.0,13807.8,1,0,0
1701420,5767,1102,2,4,1440.0,28158.3,1,0,0
3660564,3942,1550,0,0,273.0,84084.8,7,0,0
993478,3389,1733,2,4,14.6,44981.4,6,0,0
304603,1038,1429,2,4,14.6,17302.5,6,0,0
1326661,4527,2088,0,3,47098.0,88713.3,1,0,0
539260,1834,2168,0,3,27330.0,88670.5,1,0,0
143324,480,1802,2,1,4687.0,67196.9,5,6,12772888
3611173,2456,2068,0,0,211.6,50612.1,7,0,0
1239225,4240,1508,0,3,5400.0,11104.6,1,0,0
372633,1269,1807,2,1,6840.0,42282.1,5,2,70135479
427706,1453,738,0,3,41488.0,109754.5,1,0,0
96172,327,1832,2,4,4200.0,54330.7,1,0,0
547108,1862,1623,2,1,6601.7,39027.7,8,13,95449792
842806,2868,1921,0,2,4960.0,25004.1,2,7,69437229
1069313,3653,1898,2,1,1208.0,34596.1,0,10,80628025
242898,832,1591,0,2,3203.0,17898.7,1,1,64548641
357544,1212,1261,2,4,6100.0,27162.1,1,0,0
2268721,7487,1700,0,3,39632.0,62292.8,1,0,0
714404,2443,1868,0,3,24366.0,44493.1,1,0,0
1065697,3641,1951,2,1,2163.0,18405.0,5,6,67058944
983610,3355,1641,2,4,14.6,39841.7,6,0,0
670124,2287,2048,2,1,6275.0,45609.3,5,6,35842073
539240,1834,1559,0,3,18220.0,64634.2,1,0,0
396966,1350,1632,0,3,300.0,34793.8,1,0,0
1535093,5228,1257,2,4,13800.0,28107.9,1,0,0
894332,3049,1588,2,4,180.0,28245.9,1,0,0
3437750,433,1703,0,0,111.3,28308.7,7,0,0
3454699,7520,1794,0,0,50.9,13025.3,7,0,0
1112121,3797,1810,0,3,3300.0,26810.6,1,0,0
1191710,4079,606,2,4,8400.0,27197.0,1,0,0
3645273,3485,1338,0,0,102.9,28406.9,7,0,0
465632,1584,1348,2,1,1983.0,24767.2,1,10,97312646
1068859,3651,2037,2,4,1920.0,37854.6,1,0,0
1291917,4415,1802,0,3,36486.0,87902.2,1,0,0
145975,489,371,2,1,5608.0,22724.3,5,10,53826928
624634,2132,1684,0,3,21526.0,54200.8,1,0,0
104545,357,1773,0,2,3103.0,25314.5,1,6,51268827
717042,2456,1847,2,4,16500.0,34076.7,1,0,0
253633,868,1666,2,4,4300.0,26262.5,1,0,0
120661,404,1491,2,4,14.6,46063.0,6,0,0
786248,2679,2050,0,2,6654.0,21728.7,2,7,35284531
617323,2105,2159,2,4,14.6,13604.4,6,0,0
909674,3099,736,0,2,6019.0,25465.7,2,2,2445555
3631250,3048,1856,0,0,101.7,23720.5,7,0,0
258778,886,1503,2,1,9034.0,64326.8,5,1,44119823
538582,1831,653,2,4,1300.0,25849.4,1,0,0
3441221,1180,972,0,0,139.9,34113.4,7,0,0
1146165,3920,468,2,4,20200.0,88548.7,1,0,0
234280,798,1442,2,4,780.0,30274.2,1,0,0
440261,1496,2169,2,1,33.0,34575.6,3,1,44200831
3571470,1244,1460,0,0,105.3,23144.9,7,0,0
3450751,4596,211,0,0,400.1,81880.9,7,0,0
874484,2978,1845,0,3,5900.0,19497.4,1,0,0
398092,1354,1834,0,2,4620.0,20429.9,2,13,35735094
3423122,11359,1474,2,4,13500.0,28347.5,1,0,0
402187,1369,1856,2,4,14.6,34761.3,6,0,0
387149,1315,986,2,4,5000.0,33672.3,1,0,0
2810496,9307,1013,0,3,7400.0,34030.1,1,0,0
454320,1544,1619,0,3,28425.0,56849.7,1,0,0
15760,53,890,0,2,4277.0,4977.0,2,11,7922441
1105507,3777,1046,2,1,1007.0,17151.3,1,1,91688686
3597996,2037,941,0,0,183.3,37076.0,7,0,0
2473040,8159,1728,0,3,400.0,40478.3,1,0,0
893067,3044,1743,0,2,4134.0,28194.8,2,7,73289644
3675848,6353,760,0,0,210.3,37856.2,7,0,0
3077832,10202,1684,2,1,6363.3,40807.0,8,1,31367302
504976,1725,1378,0,2,47870.0,96471.9,1,9,16868681
292140,1000,433,2,1,3179.0,44391.2,5,13,78449135
87490,292,1984,2,1,1986.0,16055.3,5,6,722319
684568,2336,1552,2,4,1000.0,15180.7,1,0,0
72411,240,1915,2,4,14.6,30890.4,6,0,0
3465788,3449,1703,0,0,206.4,50430.4,7,0,0
111122,376,923,0,3,24517.0,73785.1,1,0,0
711549,2433,189,2,1,1757.0,21864.5,5,4,28003591
3649812,3623,1703,0,0,101.3,24796.9,7,0,0
764111,2609,522,2,4,9900.0,42526.9,1,0,0
242104,828,1834,2,1,8852.0,23290.6,5,6,18580800
815498,2778,1747,2,1,192.0,17478.9,5,8,72472995
2868382,9491,1482,2,4,1500.0,62806.4,1,0,0
3678929,6924,2159,0,0,191.7,47698.5,7,0,0
3616603,2606,788,0,0,61.6,14782.2,7,0,0
220651,749,2037,2,4,14.6,32782.9,6,0,0
3618502,2662,1185,0,0,87.5,20949.3,7,0,0
1910937,6473,2042,2,4,6600.0,40496.3,1,0,0
1424489,4852,1492,0,3,4000.0,21188.8,1,0,0
127265,427,1981,0,3,34622.0,97757.9,1,0,0
3550820,618,1641,0,0,297.0,53671.8,7,0,0
3516922,10019,1611,0,0,219.3,80829.7,7,0,0
623150,2125,1818,0,3,32561.0,66001.9,1,0,0
3555240,750,2037,0,0,152.3,37638.7,7,0,0
1910411,6472,1590,0,2,38453.0,89143.8,1,10,71542995
1059020,3620,1564,0,3,500.0,19048.0,1,0,0
2572582,8492,2068,2,4,14.6,71488.7,6,0,0
1258128,4301,1825,2,4,14.6,38968.7,6,0,0
1085596,3709,1682,2,1,1317.0,48632.2,0,7,33267444
767432,2620,1825,2,4,14.6,38844.9,6,0,0
983229,3354,1399,2,4,14.6,15251.8,6,0,0
3445101,91,2068,2,4,29.3,42415.0,4,0,0
566001,1926,1825,2,4,14.6,18671.9,6,0,0
687228,2346,2172,2,1,1939.0,-1903.9,0,9,74352502
448748,1526,1063,2,4,14.6,33018.0,6,0,0
626396,2139,1103,2,4,6000.0,29295.7,1,0,0
3095002,10266,1653,2,4,51900.0,89935.2,1,0,0
271576,930,863,2,1,9356.0,33628.4,5,5,14144766
3543424,393,1733,0,0,144.5,28663.5,7,0,0
723069,2475,2082,2,1,3479.0,13272.7,3,1,198555
446852,1517,1550,2,4,14.6,14634.8,6,0,0
914561,3117,1289,0,2,5355.0,23773.0,2,2,1493776
3667468,4863,1460,0,0,266.1,70032.3,7,0,0
3369302,11186,1335,1,4,4021.0,45123.6,1,0,0
3369207,11186,1503,2,1,6541.2,53333.6,8,11,92339318
82707,277,796,1,4,4207.0,19997.9,1,0,0
179983,609,1826,2,4,540.0,27084.8,1,0,0
3595476,1965,1276,0,0,104.1,24807.5,7,0,0
555995,1892,1257,2,1,2398.0,17005.6,5,8,48820698
1118032,3820,317,0,3,700.0,700.0,1,0,0
336686,1144,1647,0,2,3375.0,24406.1,1,4,1589578
1140507,3898,1182,2,4,4100.0,20192.4,1,0,0
789735,2693,1945,2,4,14.6,47642.2,6,0,0
673994,2302,2082,2,4,8300.0,19327.2,1,0,0
2956304,9790,2049,2,1,2791.0,64200.5,8,11,22918135
113857,384,2167,2,4,39100.0,59176.3,1,0,0
404242,1376,1317,2,1,2731.0,23589.8,5,9,86161052
463336,1576,1399,2,4,30.0,87095.2,6,0,0
479378,1634,1077,0,3,22276.0,58047.2,1,0,0
532700,1814,2006,2,4,14.6,25798.9,6,0,0
287572,985,1125,2,4,14.6,15812.7,6,0,0
431522,1466,1605,0,3,4500.0,16600.0,1,0,0
241774,826,2170,2,1,169.0,30696.5,3,12,37950855
109713,370,654,2,4,840.0,17645.5,1,0,0
88137,296,1472,2,1,2646.0,19428.7,5,1,63953745
274589,941,831,2,1,3871.0,22531.3,5,4,16961235
454162,1543,1700,2,4,300.0,39818.1,1,0,0
21583,71,1498,2,1,778.0,37766.0,0,9,34794885
1580416,5372,742,2,4,27900.0,34004.9,1,0,0
907705,3093,1770,2,1,4238.0,15029.1,5,2,40338969
3644401,3457,2129,0,0,103.7,25390.4,7,0,0
664341,2268,1461,2,4,18800.0,52555.4,1,0,0
629779,2150,1472,2,1,2019.0,11765.6,5,1,37624383
1033330,3533,874,2,4,660.0,30322.4,1,0,0
3446463,1274,1611,0,0,176.1,65370.7,7,0,0
906169,3088,1714,2,1,5866.0,47302.6,5,5,76251017
3490822,7632,1429,0,0,131.6,39768.6,7,0,0
143536,481,1620,2,1,1825.0,30658.9,0,5,29175484
75959,253,1449,2,4,3040.0,78519.8,1,0,0
1013054,3464,1951,2,1,2802.0,48961.0,5,10,96288322
1117523,3818,1803,2,1,4065.0,77935.8,3,2,34760767
3564798,1040,1368,0,0,227.3,54927.6,7,0,0
81501,273,1835,2,4,14100.0,27100.9,1,0,0
598633,2037,1355,2,4,9000.0,38266.5,1,0,0
3454461,7231,1519,0,0,50.9,33932.2,7,0,0
351226,1193,698,2,4,14.6,35558.0,6,0,0
991367,3380,1268,2,4,8900.0,20988.8,1,0,0
294814,1006,1379,2,1,33.0,33200.8,0,6,51874184
3293,13,1884,2,4,14.6,16551.3,6,0,0
442392,1504,1976,2,4,14.6,17725.2,6,0,0
95389,324,2068,2,4,14.6,31147.4,6,0,0
936202,3195,1204,0,3,2600.0,30807.7,1,0,0
3627579,2935,1063,0,0,64.8,14750.3,7,0,0
3567072,1114,698,0,0,82.3,19929.3,7,0,0
3560148,900,668,0,0,113.1,25785.8,7,0,0
508864,1741,1985,2,1,2366.0,23712.1,5,5,79026174
948363,3232,1733,2,4,14.6,10258.6,6,0,0
2061180,6985,1550,2,4,14.6,54609.5,6,0,0
2868818,9493,1602,2,4,9000.0,33012.8,1,0,0
1218699,4171,1486,2,4,1800.0,59946.4,1,0,0
373973,1273,753,2,4,3480.0,33389.5,1,0,0
428762,1456,2097,2,4,25400.0,49156.1,1,0,0
1493602,5092,2154,2,4,21700.0,-23278.7,1,0,0
1123061,3835,1184,2,4,8900.0,39314.3,1,0,0
760733,2596,1220,2,1,2285.0,17161.6,5,3,34919470
3645121,3482,1063,0,0,71.1,16894.6,7,0,0
61657,204,1865,2,1,1950.0,17540.3,5,11,59721839
160162,537,1561,0,2,6080.0,24893.4,2,6,34919673
849330,2894,1940,0,3,25205.0,110263.2,1,0,0
3662204,3999,1703,0,0,293.3,74251.0,7,0,0
2475862,8169,1625,0,3,16518.0,28121.5,1,0,0
205282,697,1043,2,4,6100.0,35551.3,1,0,0
215805,733,2005,0,3,12644.0,123238.1,1,0,0
661711,2258,2129,2,4,14.6,32929.7,6,0,0
3631943,3069,454,0,0,142.0,36370.0,7,0,0
2304914,7606,1738,2,1,5856.0,35627.2,0,2,41400957
253662,869,1291,0,3,1100.0,1100.0,1,0,0
744492,2542,1288,0,3,5071.0,32028.6,1,0,0
693786,2372,2167,2,1,107.0,13666.2,3,4,21510470
1278714,4375,1654,0,2,47883.0,97191.0,1,2,89372336
465578,1584,1891,0,2,2975.0,31513.9,1,2,76680385
3494882,7990,1794,0,0,255.6,32941.4,7,0,0
3402681,11295,492,0,3,18347.0,52582.0,1,0,0
3469209,4240,1825,0,0,29.1,8833.4,7,0,0
3622832,2792,1429,0,0,106.4,25168.9,7,0,0
3584194,1636,2006,0,0,333.7,83384.5,7,0,0
854600,2912,1325,2,4,30700.0,58862.3,1,0,0
33236,107,1806,2,1,2015.0,47273.3,5,5,67744958
67465,225,1163,0,3,5078.0,23033.2,1,0,0
695759,2379,1164,0,3,5072.0,14957.0,1,0,0
2653730,8776,1800,2,4,6900.0,58511.7,1,0,0
805525,2745,2141,2,1,1076.0,42482.2,5,1,76602530
3589812,1805,1915,0,0,306.9,72156.7,7,0,0
749598,2555,714,2,4,4680.0,54835.0,1,0,0
1021409,3487,545,2,4,14.6,36321.7,6,0,0
3451385,5129,941,0,0,113.1,47165.2,7,0,0
163055,544,1074,2,4,23500.0,48827.7,1,0,0
381898,1297,374,2,4,2280.0,41407.5,1,0,0
2459708,8114,1555,0,3,18642.0,49632.7,1,0,0
4909,20,1594,0,2,3005.0,16991.4,1,3,10051638
862595,2938,899,0,3,31247.0,115611.5,1,0,0
311813,1063,1945,2,4,14.6,80891.4,6,0,0
3642672,3397,1580,0,0,155.9,35730.8,7,0,0
1102226,3764,1945,2,4,14.6,33542.6,6,0,0
1657397,5622,712,2,1,573.0,65179.7,0,3,71167778
992355,3386,1026,0,3,26722.0,24555.2,1,0,0
3535181,145,2129,0,0,247.8,56408.4,7,0,0
756080,2580,2164,2,4,5400.0,59494.0,1,0,0
670280,2288,1747,0,3,21130.0,77951.8,1,0,0
587841,2001,1739,0,2,39102.0,79808.0,1,13,94522749
1089241,3721,1915,2,4,14.6,20887.1,6,0,0
655734,2241,758,0,3,2800.0,20524.4,1,0,0
363443,1235,1154,2,4,14.6,14501.0,6,0,0
3456422,9199,1764,0,0,16.2,5402.6,7,0,0
364554,1239,309,0,2,6668.0,29114.5,2,4,71884184
713238,2437,2142,0,2,2991.0,18265.6,1,10,69567405
444556,1511,1603,2,4,58200.0,72926.7,1,0,0
723035,2475,2139,2,1,804.0,11673.3,0,10,76343703
3207616,10645,1774,2,1,3740.0,89308.9,5,7,86990302
734567,2510,1835,2,1,904.0,22656.8,3,9,50671142
799879,2727,1957,2,4,11900.0,33502.5,1,0,0
883041,3008,1131,0,2,6934.0,30904.4,2,9,33148783
305236,1040,1891,2,1,7008.0,22421.5,5,4,15813100
957420,3261,378,2,4,2160.0,23887.6,1,0,0
725048,2482,2042,2,1,7381.0,34618.1,5,1,35457408
3564929,1046,1429,0,0,126.6,29981.8,7,0,0
918549,3131,1672,2,4,14.6,38920.2,6,0,0
158504,531,1771,0,2,3216.0,27767.6,1,13,11388463
578366,1969,1861,2,1,5403.0,14685.7,5,9,67560100
3457854,10266,2006,0,0,40.9,49208.6,7,0,0
785878,2677,2043,2,1,641.0,26409.9,0,6,17019027
965237,3289,1221,0,3,12663.0,38852.7,1,0,0
773460,2640,2076,0,3,15678.0,79176.4,1,0,0
3149218,10451,1862,2,1,2439.0,11715.4,5,2,58286762
831923,2833,1741,2,1,2970.0,10381.9,5,2,87006002
840843,2862,1829,2,5,1200.0,30586.9,1,0,0
1096089,3746,1429,2,4,14.6,55733.3,6,0,0
959413,3268,587,2,1,251.0,19098.7,1,4,1312548
327490,1118,826,2,1,1388.0,19834.9,0,4,4071104
421492,1429,778,2,4,180.0,18624.9,1,0,0
3402958,11295,1539,2,4,3960.0,66238.3,1,0,0
505549,1726,612,2,1,115.0,26280.4,0,11,65941238
258067,884,1246,2,4,14.6,20281.8,6,0,0
673498,2301,1641,2,4,14.6,40865.2,6,0,0
686091,2343,2136,0,3,11244.0,52977.5,1,0,0
187774,635,711,2,1,1547.0,73595.3,0,11,56503492
3654524,3756,1276,0,0,140.4,29056.5,7,0,0
459832,1565,1411,0,3,4633.0,46893.3,1,0,0
1120060,3826,1094,2,4,14.6,24165.2,6,0,0
3585472,1675,637,0,0,101.5,25302.5,7,0,0
1644100,5574,796,0,2,47710.0,81103.7,1,4,99795412
3612286,2486,2006,0,0,135.5,53043.5,7,0,0
3453210,6075,1550,0,0,58.7,11264.7,7,0,0
511909,1751,2159,2,4,14.6,38510.5,6,0,0
853147,2907,1299,2,4,3600.0,24013.1,1,0,0
276339,946,1982,0,3,26212.0,53319.0,1,0,0
3056588,10134,1834,0,3,20936.0,60299.0,1,0,0
2464962,8129,515,2,4,14.6,33837.9,6,0,0
63476,210,1460,2,4,14.6,52071.3,6,0,0
713832,2440,1929,0,3,23687.0,64360.4,1,0,0
917025,3127,400,0,3,30181.0,80771.7,1,0,0
340120,1153,1611,2,4,14.6,29539.0,6,0,0
3646405,3522,2006,0,0,57.6,15924.9,7,0,0
3555583,762,1825,0,0,82.5,20273.5,7,0,0
3641412,3355,1519,0,0,154.5,38719.7,7,0,0
876869,2987,1592,2,1,5569.0,49407.7,5,9,71831965
866387,2949,1378,2,4,3800.0,19672.3,1,0,0
288470,989,1260,2,1,2262.0,13947.4,5,2,77140342
446061,1515,2019,2,1,2907.0,67465.1,3,9,23320967
749470,2555,2165,2,1,5464.0,70772.0,5,9,57132226
423563,1439,2141,2,1,2122.0,18472.8,1,7,79379254
2454001,8092,1193,0,3,9324.0,25214.0,1,0,0
3674621,6148,1733,0,0,339.3,84226.0,7,0,0
315455,1076,937,2,4,5800.0,26033.0,1,0,0
3600746,2134,1368,0,0,112.3,32158.4,7,0,0
3677058,6555,1125,0,0,147.7,29761.3,7,0,0
574570,1956,1853,2,4,1320.0,26197.4,1,0,0
661507,2257,1794,2,4,14.6,24454.8,6,0,0
2268839,7487,1986,2,1,7329.0,29866.5,5,5,21018159
1159070,3969,1561,2,1,4299.0,25533.8,5,9,24362379
350943,1192,1524,2,4,3200.0,34416.7,1,0,0
372769,1269,1379,2,4,5160.0,15493.1,1,0,0
413393,1405,1557,0,2,3581.0,35929.3,1,4,58490949
1252370,4283,1472,2,5,2000.0,68395.9,1,0,0
893398,3045,1460,2,4,14.6,28223.0,6,0,0
905955,3087,1434,2,4,570.0,18358.6,1,0,0
180932,614,2140,0,2,5767.0,42106.2,2,3,57052653
244547,839,1252,2,4,15900.0,35324.9,1,0,0
3117395,10345,1405,2,1,6742.0,25241.5,5,11,98083507
2729887,9030,1770,2,4,10300.0,45624.8,1,0,0
3412555,11327,1808,2,4,10300.0,41119.4,1,0,0
113886,385,283,0,2,3469.0,20430.7,1,5,60511863
2434488,8026,1867,0,3,23943.0,75899.4,1,0,0
211919,719,1842,2,4,390.0,40709.6,1,0,0
2729951,9031,1561,0,3,46534.0,102693.8,1,0,0
762479,2603,1619,2,1,3210.0,18667.6,5,10,30168819
3619179,2681,1338,0,0,206.7,46548.0,7,0,0
3599725,2096,1550,0,0,174.9,43648.5,7,0,0
343998,1166,1293,2,4,8700.0,28907.6,1,0,0
3614206,2534,1125,0,0,109.9,26992.1,7,0,0
511809,1751,1654,0,3,1600.0,44868.1,1,0,0
879156,2994,1728,2,4,14400.0,45352.8,1,0,0
1180516,4047,1580,2,4,8100.0,36713.0,1,0,0
698859,2390,1647,1,4,18047.0,75327.1,1,0,0
42786,142,2159,2,4,14.6,20297.3,6,0,0
362909,1234,1102,2,4,640.0,19893.2,1,0,0
551741,1878,2090,2,4,3500.0,-7851.5,1,0,0
3580068,1508,1550,0,0,138.6,56219.6,7,0,0
379829,1291,1865,2,1,335.0,17187.1,0,5,15883821
3531915,44,303,0,0,58.9,19114.9,7,0,0
724411,2479,1833,2,4,1400.0,18008.7,1,0,0
688083,2350,1812,0,3,41854.0,87587.9,1,0,0
3579354,1486,1185,0,0,129.5,37098.4,7,0,0
621412,2121,1315,0,3,22121.0,57630.6,1,0,0
178850,604,2039,2,4,3000.0,36667.4,1,0,0
101633,346,637,2,4,14.6,44365.6,6,0,0
960819,3273,1690,2,4,6900.0,59830.8,1,0,0
793010,2702,1379,2,1,3537.0,66633.8,5,12,31848305
3587935,1750,242,0,0,214.7,41802.7,7,0,0
207935,706,1775,0,3,18182.0,41030.8,1,0,0
3593192,1899,2037,0,0,59.3,14020.2,7,0,0
897619,3058,1215,2,4,14.6,40724.9,6,0,0
3539654,275,1519,0,0,79.7,19094.1,7,0,0
34138,110,1862,2,1,3050.0,42088.0,5,8,24390584
482067,1641,2150,2,4,12600.0,52878.0,1,0,0
3540109,287,1307,0,0,83.6,20708.8,7,0,0
3603100,2212,1641,0,0,76.8,15372.2,7,0,0
2434777,8027,1693,1,4,18847.0,42963.0,1,0,0
563274,1917,1621,0,2,4415.0,17107.5,2,1,54018199
1279373,4377,1085,0,3,49159.0,120600.4,1,0,0
293373,1002,2109,2,1,470.0,22075.1,3,13,69410747
967889,3298,1699,2,4,2500.0,53292.0,1,0,0
1817839,6157,1834,1,4,6109.0,63316.6,1,0,0
492387,1679,1807,2,1,5087.0,51778.5,5,10,49590080
1121695,3832,1474,2,4,1560.0,15493.3,1,0,0
967325,3296,1620,2,1,9248.0,32625.1,0,4,2751821
966708,3294,1338,2,4,14.6,51427.0,6,0,0
588663,2003,1491,1,4,4548.0,33922.4,1,0,0
1150001,3935,278,0,2,21736.0,54534.1,1,6,32445126
3546465,477,1611,0,0,214.2,55695.5,7,0,0
584746,1990,394,2,4,330.0,16791.9,1,0,0
2653470,8776,1314,0,3,13464.0,58529.5,1,0,0
6336,25,1558,2,1,164.0,84120.7,3,12,52864879
274716,941,729,2,4,14.6,32929.4,6,0,0
48994,163,1368,2,4,14.6,31821.2,6,0,0
877643,2989,668,2,4,14.6,18231.6,6,0,0
187980,635,747,2,4,32700.0,53211.6,1,0,0
1611073,5472,1611,2,4,14.6,17188.1,6,0,0
120324,403,539,2,4,1400.0,26676.6,1,0,0
3579406,1487,819,0,0,96.1,23653.6,7,0,0
716017,2452,1884,2,4,14.6,20632.0,6,0,0
699220,2393,6,0,3,900.0,900.0,1,0,0
3026769,10036,1805,0,3,38914.0,143316.9,1,0,0
425847,1446,1764,2,4,14.6,78004.3,6,0,0
215169,730,779,0,3,11700.0,19155.0,1,0,0
857730,2924,1928,0,3,10539.0,40469.6,1,0,0
2524880,8330,1562,2,1,3708.0,32298.9,5,3,78180604
1001583,3419,1526,0,3,11848.0,30767.4,1,0,0
1779248,6034,734,2,4,5700.0,50289.6,1,0,0
306728,1046,1112,2,4,1440.0,20880.9,1,0,0
2028288,6872,1064,2,4,15400.0,39645.0,1,0,0
593853,2022,974,2,4,560.0,22817.8,1,0,0
388888,1322,1258,2,1,1431.0,17772.6,0,8,6584710
363252,1235,2103,2,1,1843.0,12085.3,5,9,36736953
1073646,3669,737,2,1,1298.0,27170.8,0,1,20263856
3117493,10345,1818,2,4,2400.0,18536.3,1,0,0
1165646,3994,1525,2,4,53000.0,57219.9,1,0,0
951418,3243,1338,2,4,14.6,17782.1,6,0,0
558603,1900,1723,2,4,14800.0,44682.7,1,0,0
1139009,3892,1137,2,4,100.0,10220.4,1,0,0
2750921,9104,1784,0,3,25789.0,62057.3,1,0,0
1372424,4681,1924,2,1,5016.0,43206.0,5,2,50554043
3452791,5767,1580,0,0,87.0,22660.1,7,0,0
536229,1826,1591,2,1,9921.0,59411.7,5,8,62603348
922209,3143,2046,0,3,6712.0,54323.0,1,0,0
2354162,7765,1832,2,4,8100.0,56149.5,1,0,0
732837,2504,517,2,4,3000.0,54399.9,1,0,0
88863,299,1084,2,4,23100.0,60601.1,1,0,0
739439,2525,1866,2,1,2929.0,8917.3,0,4,99278032
928954,3166,2018,2,1,3702.8,74220.1,8,11,16657728
608856,2072,1710,2,1,6746.0,77299.8,5,9,48987203
519197,1773,347,0,2,4316.0,24191.7,2,2,77385341
596284,2030,1654,2,1,4325.0,81659.9,5,2,8332980
3021593,10019,2141,2,1,5415.0,52104.2,8,9,87297737
1098695,3753,1672,2,4,14.6,36287.3,6,0,0
1423960,4851,1562,0,3,10447.0,48643.4,1,0,0
3559742,890,1399,0,0,83.6,19021.2,7,0,0
1124613,3840,880,2,4,14.6,21465.0,6,0,0
176334,595,1614,1,4,7526.0,47011.6,1,0,0
2726207,9017,1307,2,4,14.6,25553.2,6,0,0
2627988,8688,1653,2,1,5665.0,42282.4,8,12,81943165
794526,2707,889,2,1,3032.0,30748.3,5,9,17847508
1155110,3952,2165,0,2,6610.0,21851.5,2,4,55330866
397332,1352,1531,2,1,3445.0,44457.3,0,12,39692401
858645,2926,1347,2,1,868.0,46714.3,3,4,88491463
3554167,719,1945,0,0,147.6,36592.2,7,0,0
1080523,3689,1491,2,4,14.6,1212.8,6,0,0
959068,3267,891,2,4,9500.0,25433.3,1,0,0
493287,1682,1115,0,3,10700.0,13300.0,1,0,0
285748,981,982,0,3,23092.0,65747.0,1,0,0
153878,516,1502,0,2,6747.0,29901.4,2,11,64236706
1011198,3456,1165,0,2,6443.0,19396.8,2,2,24810451
834334,2840,1389,0,3,20397.0,35227.0,1,0,0
560130,1906,1607,0,3,36062.0,127317.0,1,0,0
3664938,4471,1825,0,0,322.0,56253.3,7,0,0
935965,3195,1443,2,1,1253.0,32920.1,0,9,58903491
844530,2875,1813,2,4,20800.0,43899.2,1,0,0
81685,273,1391,2,4,6000.0,33185.7,1,0,0
909782,3099,1837,2,1,3205.0,22185.5,5,8,30212110
3581651,1559,1580,0,0,200.4,44861.3,7,0,0
773959,2641,991,2,4,13200.0,49375.4,1,0,0
157176,525,1611,2,4,14.6,58094.0,6,0,0
888884,3032,1434,0,2,6605.0,21450.2,2,5,52088803
3448524,2959,1154,0,0,162.8,48595.7,7,0,0
543140,1848,1160,0,3,5210.0,20962.6,1,0,0
513446,1757,1346,0,2,44101.0,99430.6,1,11,36027544
9269,33,1469,0,3,23589.0,98408.4,1,0,0
89114,300,1805,2,1,1628.0,59065.4,5,13,46045607
563162,1916,1764,2,4,14.6,19195.8,6,0,0
3610804,2441,1611,0,0,207.8,41187.7,7,0,0
612245,2086,1918,1,4,13448.0,35663.5,1,0,0
577854,1967,1443,2,1,14164.0,11562.5,5,6,91595464
60456,201,2080,2,4,3500.0,49377.2,1,0,0
339284,1151,1491,2,4,14.6,46357.6,6,0,0
1147181,3924,2013,0,2,4764.0,20085.6,2,12,80643486
430866,1463,1873,0,3,1100.0,31813.3,1,0,0
944741,3222,858,0,2,3185.0,23180.4,1,12,2390736
269864,925,1559,0,3,18500.0,55831.9,1,0,0
2304926,7606,2103,2,1,5856.0,24671.8,0,2,41400957
228966,777,1978,2,4,46500.0,19457.6,1,0,0
2402563,7926,1585,0,3,12888.0,159343.3,1,0,0
1118373,3820,1637,0,3,13000.0,44694.5,1,0,0
973172,3316,1443,2,1,9655.0,47232.4,5,5,74230772
40859,133,1954,2,4,23400.0,59671.1,1,0,0
835074,2841,1077,2,4,7800.0,22525.3,1,0,0
385895,1311,1276,2,4,14.6,37736.8,6,0,0
986337,3364,1132,2,1,699.0,19131.9,0,7,21862072
159797,535,1215,2,4,14.6,26267.0,6,0,0
364810,1239,639,2,4,3200.0,23326.1,1,0,0
3369301,11186,1214,1,4,4280.0,40435.9,1,0,0
3626708,2909,1307,0,0,185.3,45003.5,7,0,0
96737,330,1703,2,4,14.6,30731.1,6,0,0
761880,2600,1314,2,1,4379.0,78520.8,5,1,15214342
3460545,1935,2129,0,0,313.5,78001.8,7,0,0
3506576,9030,1185,0,0,171.4,45122.7,7,0,0
3598377,2050,849,0,0,119.2,22815.4,7,0,0
1076104,3676,1920,0,2,4979.0,20148.2,2,11,95762162
902323,3074,2149,0,3,34197.0,87295.6,1,0,0
480771,1638,2078,2,1,9749.0,37242.9,5,9,57185012
920139,3135,1260,2,4,14400.0,45342.1,1,0,0
689430,2355,867,1,4,18940.0,89742.9,1,0,0
426586,1449,748,2,4,2300.0,22948.3,1,0,0
3207428,10644,1947,1,4,6311.0,68705.3,1,0,0
885904,3018,2159,2,4,14.6,12482.4,6,0,0
985996,3363,1468,2,4,720.0,24267.3,1,0,0
3461560,2158,1915,0,0,169.5,37597.0,7,0,0
298223,1017,1099,2,1,477.0,40506.7,0,4,13622379
507623,1733,1595,2,4,39000.0,54517.9,1,0,0
357883,1214,1809,2,4,12500.0,46268.5,1,0,0
881883,3004,2159,2,4,14.6,19958.6,6,0,0
846969,2884,1481,2,4,2160.0,50031.0,1,0,0
556366,1893,2182,2,4,3300.0,36234.4,1,0,0
3540881,313,2129,0,0,95.1,23314.4,7,0,0
3638880,3271,1703,0,0,72.5,17026.7,7,0,0
1039598,3555,1532,0,2,20548.0,48649.4,1,9,18991834
811816,2766,1926,0,3,5247.0,44730.7,1,0,0
566224,1927,1738,2,1,2283.0,25118.8,1,10,54550802
707569,2423,910,2,4,14.6,19550.1,6,0,0
3653547,3730,849,0,0,121.0,30561.4,7,0,0
3542239,354,849,0,0,131.0,31017.1,7,0,0
2810004,9307,1767,0,3,18560.0,96525.9,1,0,0
969957,3306,2105,0,3,11862.0,33442.2,1,0,0
576714,1964,1887,2,4,3900.0,13850.6,1,0,0
1791334,6075,2013,0,3,5553.0,21325.2,1,0,0
3535382,152,1491,0,0,63.5,13105.2,7,0,0
897114,3056,617,2,1,2033.0,12643.0,0,10,67921972
3610888,2445,1884,0,0,100.6,23106.8,7,0,0
958608,3266,1548,0,3,1100.0,1100.0,1,0,0
3560880,922,1399,0,0,120.7,29959.2,7,0,0
171945,576,1838,2,1,3662.0,29348.1,5,8,71033382
1072136,3663,2006,2,4,14.6,22432.7,6,0,0
613892,2092,1042,2,1,7598.0,64499.9,5,6,8791333
424791,1442,1692,2,4,5400.0,23417.9,1,0,0
125707,423,1225,2,4,1200.0,19910.2,1,0,0
1026827,3506,1841,2,4,2000.0,31037.4,1,0,0
3469442,4264,729,0,0,319.7,78295.7,7,0,0
652917,2232,1347,0,3,7374.0,37238.9,1,0,0
662442,2261,1766,0,3,26444.0,40535.8,1,0,0
711532,2433,1861,0,2,4718.0,33170.6,2,8,98568486
1635650,5546,698,2,4,14.6,14170.1,6,0,0
833497,2838,1347,2,1,1370.0,101303.2,0,5,42194247
39750,128,2037,2,4,14.6,63070.6,6,0,0
208919,709,1063,2,4,14.6,16530.3,6,0,0
3562579,973,1215,0,0,156.0,34623.7,7,0,0
3586719,1706,1884,0,0,235.9,58177.9,7,0,0
358186,1216,1485,0,3,1300.0,16750.1,1,0,0
2984155,9883,452,0,3,32653.0,76842.3,1,0,0
42143,140,1991,2,4,1200.0,33589.3,1,0,0
3541153,322,607,0,0,149.7,34597.6,7,0,0
869280,2960,1476,2,4,700.0,37011.8,1,0,0
3592772,1888,2129,0,0,24.1,5560.8,7,0,0
542981,1847,1778,2,1,1815.0,44384.3,5,7,59477126
3617766,2640,2068,0,0,261.2,63513.0,7,0,0
518068,1770,2047,0,3,21017.0,52842.6,1,0,0
1001587,3419,1648,0,3,11848.0,40461.4,1,0,0
2135502,7231,788,2,4,14.6,54343.4,6,0,0
253743,869,1621,2,4,2000.0,13400.0,1,0,0
3645102,3479,1945,0,0,196.0,43946.4,7,0,0
142532,477,364,2,4,14.6,40775.6,6,0,0
3496910,8132,1185,0,0,197.8,83750.6,7,0,0
1752727,5944,2047,2,1,4685.0,37681.2,5,1,49417829
1087359,3714,1867,1,4,21224.0,57911.3,1,0,0
1157618,3962,1682,2,4,300.0,13400.0,1,0,0
183273,623,1093,2,4,210.0,23477.6,1,0,0
478364,1630,1191,2,1,3595.0,9382.5,5,12,99400460
397755,1353,2020,0,3,16136.0,34771.6,1,0,0
30632,99,1473,2,4,52800.0,64933.3,1,0,0
891815,3039,1703,2,4,14.6,40830.6,6,0,0
2434998,8027,2137,2,4,30500.0,41246.7,1,0,0
165710,554,1527,2,4,2050.0,35161.4,1,0,0
960710,3272,2177,2,4,15900.0,37368.2,1,0,0
215879,733,1838,2,4,2100.0,55828.5,1,0,0
906857,3090,1889,2,4,11000.0,34977.6,1,0,0
646745,2210,2050,0,2,5777.0,41788.8,2,11,36864280
1129282,3859,1881,1,4,8590.0,16081.1,1,0,0
45069,151,801,2,1,411.0,19998.2,5,9,2754378
752661,2568,1349,2,1,306.0,50491.8,3,8,99602746
53832,179,1815,2,4,23500.0,59381.3,1,0,0
522622,1784,317,0,2,6686.0,32646.3,2,10,9070069
2243107,7401,1460,2,4,14.6,52539.5,6,0,0
528553,1803,1747,2,1,1474.0,49068.5,5,1,29663437
73161,243,774,2,1,3067.0,59049.7,5,4,73269855
3536095,169,2159,0,0,255.6,62519.6,7,0,0
1038756,3552,1844,2,4,1680.0,59872.5,1,0,0
732409,2503,1382,2,4,4200.0,37123.1,1,0,0
1201075,4109,1039,0,3,300.0,29844.8,1,0,0
855737,2915,1943,2,4,30000.0,61371.2,1,0,0
3595569,1966,1945,0,0,158.5,32489.0,7,0,0
357527,1212,1703,2,4,14.6,13242.3,6,0,0
1009658,3449,1567,0,3,18325.0,71104.0,1,0,0
661265,2257,1318,0,2,3374.0,18515.8,1,6,48985826
382607,1299,1448,2,4,180.0,14770.9,1,0,0
527822,1801,337,1,4,13877.0,49010.7,1,0,0
1633531,5541,832,0,3,7143.0,7443.0,1,0,0
469427,1599,2137,0,3,24915.0,72382.9,1,0,0
2546651,8405,1075,2,1,4437.0,46815.5,8,8,25666362
130250,437,1381,2,1,2248.0,90068.6,5,2,83092337
3656637,3818,1794,0,0,251.2,61366.4,7,0,0
1039405,3554,1703,2,4,14.6,15298.5,6,0,0
934837,3190,1836,2,4,4560.0,39072.5,1,0,0
3454410,7203,2098,0,0,19.9,-10138.9,7,0,0
3526345,10963,1764,0,0,146.3,34729.8,7,0,0
566812,1930,2076,2,1,3223.0,22997.6,5,10,47185248
907712,3093,1982,2,1,4238.0,17635.6,5,2,40338969
949761,3237,1624,2,4,7900.0,43438.0,1,0,0
685031,2338,2159,2,4,14.6,86233.6,6,0,0
104476,356,1796,2,4,7100.0,51771.0,1,0,0
1427345,4863,1580,2,4,14.6,36683.2,6,0,0
296926,1012,941,2,4,14.6,45614.8,6,0,0
630675,2153,1465,2,1,2223.0,14995.3,3,1,94730412
686981,2345,1399,2,4,14.6,35096.4,6,0,0
3505180,8919,1915,0,0,78.5,18044.5,7,0,0
907744,3093,1845,2,4,1680.0,21274.3,1,0,0
3586222,1695,972,0,0,152.3,35785.4,7,0,0
1027177,3507,2120,2,4,13200.0,80021.6,1,0,0
60319,201,1851,2,4,2300.0,23999.1,1,0,0
682513,2329,1404,2,4,3900.0,17226.1,1,0,0
1071823,3662,2076,2,4,4900.0,74008.7,1,0,0
3249615,10789,1536,2,4,1600.0,39610.9,1,0,0
666447,2274,1641,2,4,14.6,27685.3,6,0,0
241984,827,1855,2,4,180.0,22753.6,1,0,0
362399,1232,1722,0,3,45039.0,78495.1,1,0,0
521572,1780,887,2,1,5429.0,47353.3,5,11,76511865
1083182,3699,734,2,4,1200.0,35769.2,1,0,0
876489,2986,1861,0,3,23429.0,67742.2,1,0,0
3626052,2888,1550,0,0,62.6,15250.0,7,0,0
586270,1996,1255,0,2,35934.0,63667.1,1,2,41907382
1013536,3465,364,2,4,14.6,33030.9,6,0,0
2292567,7562,1592,2,1,6450.2,98669.7,8,13,13822353
655671,2241,972,2,4,14.6,26173.9,6,0,0
2034893,6897,338,0,3,49455.0,98904.2,1,0,0
24014,79,1869,2,1,2788.0,17609.6,5,2,15471804
105972,361,392,2,4,1900.0,44045.6,1,0,0
521308,1779,1368,2,4,14.6,64395.7,6,0,0
436856,1484,1601,2,4,2100.0,28337.3,1,0,0
387334,1316,1988,2,1,619.0,15353.5,1,12,87733494
1164923,3990,1735,0,3,2400.0,28616.1,1,0,0
245877,844,2017,2,1,1640.0,21015.0,5,10,37441408
603442,2054,1412,0,3,19902.0,39023.6,1,0,0
298375,1017,1884,2,4,14.6,38260.3,6,0,0
299801,1020,1344,2,4,600.0,28161.6,1,0,0
887231,3026,1714,0,3,20740.0,58643.7,1,0,0
1850478,6265,1537,1,4,7613.0,99614.5,1,0,0
426438,1449,769,2,1,2820.0,22002.7,5,6,82136630
1188329,4069,2159,2,4,14.6,74508.0,6,0,0
857143,2922,1761,0,3,15710.0,65874.9,1,0,0
1141685,3903,1485,2,4,1200.0,31347.0,1,0,0
900887,3069,2037,2,4,14.6,70831.4,6,0,0
950030,3238,2098,2,4,14.6,33874.9,6,0,0
760158,2593,1833,2,1,7300.0,31954.2,5,7,41153532
147717,494,1290,2,1,207.0,49760.0,0,10,62039023
609378,2074,1845,2,4,3360.0,24495.1,1,0,0
3664428,4414,1915,0,0,179.2,42357.5,7,0,0
153686,515,1406,2,1,2750.0,10748.7,5,2,6447190
13938,47,1683,0,2,35257.0,82574.7,1,11,45187926
3644873,3474,1125,0,0,67.5,14741.1,7,0,0
957274,3261,374,2,1,3647.0,28687.6,5,12,93776452
380075,1292,1016,0,3,11886.0,45862.1,1,0,0
248474,854,1738,2,1,1105.0,15725.0,0,6,41849011
505540,1726,338,2,1,115.0,32740.6,0,11,65941238
561236,1909,339,2,4,480.0,21587.5,1,0,0
1962985,6649,2089,2,4,6000.0,12561.6,1,0,0
1125149,3843,1563,0,3,1700.0,32769.2,1,0,0
689441,2355,1220,1,4,10641.0,44266.3,1,0,0
353720,1201,1836,2,1,1836.0,39579.5,0,8,53580081
821592,2798,2010,2,4,15600.0,23569.5,1,0,0
449981,1530,1839,2,1,3700.0,15265.4,5,12,24157417
146712,491,1764,2,4,14.6,46217.4,6,0,0
38642,125,1615,2,4,7600.0,25047.0,1,0,0
3654642,3759,1491,0,0,64.4,13418.3,7,0,0
340971,1157,1975,2,4,3500.0,30222.7,1,0,0
915500,3121,1313,2,1,2902.0,19954.3,5,2,63130450
521616,1780,528,2,4,16480.0,59459.6,1,0,0
239322,817,1889,0,3,21388.0,40059.3,1,0,0
999576,3413,1776,2,1,4359.0,90943.4,5,10,21769154
99463,340,1740,2,1,917.0,38048.8,5,2,26790029
746736,2547,1154,2,4,14.6,52336.2,6,0,0
1263480,4321,1748,0,3,12145.0,77641.9,1,0,0
902970,3076,637,2,4,14.6,23535.8,6,0,0
3592683,1887,272,0,0,154.2,35227.7,7,0,0
947550,3229,1185,2,4,14.6,90368.3,6,0,0
1754820,5952,1719,2,4,17700.0,77135.9,1,0,0
1158964,3969,527,0,3,26274.0,52742.4,1,0,0
70955,237,1560,0,2,2910.0,14876.1,1,10,85607498
3584621,1647,2190,0,0,171.0,38975.6,7,0,0
329572,1123,1864,2,4,900.0,15031.6,1,0,0
67704,225,937,2,4,4200.0,21731.1,1,0,0
3565237,1053,972,0,0,113.8,28239.3,7,0,0
199069,675,1724,2,4,1500.0,46485.1,1,0,0
3626964,2917,1580,0,0,149.7,34575.1,7,0,0
1096389,3747,1381,2,1,1500.0,10340.7,3,11,1665688
610357,2078,1618,2,1,3598.0,23419.8,5,4,3833902
232730,791,1825,2,4,14.6,17674.3,6,0,0
3537850,221,2129,0,0,175.9,37370.9,7,0,0
247589,851,1743,2,1,881.0,47601.8,0,5,26014739
755586,2578,1531,0,2,4269.0,14511.6,2,11,92164200
3254841,10812,1669,0,3,12717.0,63287.6,1,0,0
380264,1292,1281,2,1,221.0,39529.5,3,6,75588404
368200,1251,1672,2,4,30.0,6762.9,6,0,0
357800,1214,1802,0,3,24782.0,63237.5,1,0,0
3511526,9472,1185,0,0,252.7,51762.5,7,0,0
540168,1836,1429,2,4,14.6,23531.5,6,0,0
324613,1108,1443,2,1,31.0,36228.1,5,10,17273038
3654582,3758,1399,0,0,162.6,40149.0,7,0,0
3647056,3543,2068,0,0,57.0,13655.2,7,0,0
62619,207,1825,2,4,14.6,15780.1,6,0,0
790844,2697,646,0,3,6224.0,31298.7,1,0,0
1146577,3921,2122,2,4,28000.0,67460.7,1,0,0
495084,1688,2137,2,1,2249.0,28855.8,5,8,80142312
1279751,4377,832,2,4,44000.0,90650.5,1,0,0
2393222,7894,1473,2,4,6600.0,93126.5,1,0,0
3676633,6472,1338,0,0,283.4,47808.0,7,0,0
783519,2670,333,2,4,1200.0,40796.0,1,0,0
1004342,3427,2168,2,1,9843.0,77917.4,5,13,62610715
3644911,3476,1185,0,0,121.7,30692.2,7,0,0
108653,368,646,2,1,742.0,23854.4,0,3,27974027
673018,2298,423,2,4,19600.0,43905.8,1,0,0
415885,1412,494,2,1,1773.0,45032.5,0,7,65591120
523512,1786,924,2,4,6500.0,41718.1,1,0,0
49580,165,1831,2,4,7500.0,44756.2,1,0,0
489977,1672,1467,2,4,3600.0,44556.9,1,0,0
1053370,3603,2129,2,4,14.6,58475.0,6,0,0
923716,3147,884,2,4,4900.0,28270.7,1,0,0
854315,2912,1296,0,3,32883.0,72790.5,1,0,0
3606709,2323,941,0,0,267.0,67086.6,7,0,0
446914,1518,279,0,3,17288.0,59788.8,1,0,0
2127352,7203,512,1,4,12138.0,31884.0,1,0,0
385523,1309,1404,2,4,23600.0,41646.4,1,0,0
3676208,6400,1794,0,0,161.9,41083.0,7,0,0
913392,3113,1590,2,1,4043.0,69814.5,0,12,14441299
1030521,3521,494,0,3,48408.0,135041.8,1,0,0
559170,1902,1794,2,4,30.0,33519.0,6,0,0
670423,2288,1635,2,4,9200.0,54580.4,1,0,0
130276,437,2172,2,1,2248.0,83164.6,5,2,83092337
53148,176,1623,2,1,4564.0,49099.2,5,1,55640232
46170,154,536,0,3,900.0,900.0,1,0,0
4623,19,2074,2,4,2400.0,-3274.4,1,0,0
657491,2246,1399,2,4,14.6,26258.5,6,0,0
341503,1159,2050,2,1,6470.0,47786.2,5,6,37861478
554415,1887,941,2,4,14.6,30691.6,6,0,0
690718,2360,2107,2,1,7580.0,42025.4,5,6,84537815
140832,471,1868,2,1,931.0,41539.4,0,2,97181409
137927,462,1316,0,3,20775.0,46767.5,1,0,0
1657559,5622,1365,2,4,5100.0,42432.7,1,0,0
515782,1763,1954,0,3,22782.0,56886.0,1,0,0
534708,1821,1094,2,4,14.6,44548.3,6,0,0
782656,2667,1092,2,4,750.0,22285.8,1,0,0
883608,3010,1932,2,5,2000.0,59301.0,1,0,0
115110,389,1221,2,1,3280.0,17366.2,0,12,25948596
1006555,3437,1812,0,3,48164.0,88957.3,1,0,0
218269,742,794,2,1,2048.0,17726.7,5,2,99545573
1095978,3746,2110,2,1,4353.0,89160.9,5,6,13736939
911517,3108,286,0,2,3063.0,17290.5,1,9,40405446
1576223,5358,1825,2,4,14.6,70395.5,6,0,0
340276,1154,2111,0,3,7885.0,108538.8,1,0,0
614236,2093,2098,2,4,14.6,52724.2,6,0,0
84489,282,1923,2,1,7531.0,25763.0,5,4,6997305
2438916,8041,1278,0,3,35526.0,102998.6,1,0,0
324990,1109,1945,2,4,14.6,49831.0,6,0,0
880004,2997,1842,2,4,810.0,24342.1,1,0,0
492595,1680,2081,0,3,19419.0,54145.5,1,0,0
517194,1767,1653,2,1,1040.0,44622.5,3,5,83130889
3653804,3738,880,0,0,210.6,44193.2,7,0,0
3541008,318,1246,0,0,125.9,28189.5,7,0,0
1701260,5767,761,2,4,200.0,15994.5,5,0,0
1138338,3891,1862,0,3,16318.0,58605.7,1,0,0
359136,1220,1832,0,2,5764.0,47530.2,2,6,22872096
59863,199,1976,2,4,14.6,24697.2,6,0,0
1131198,3865,1891,2,1,5947.0,57191.6,5,8,62146550
146402,490,1803,2,1,2042.0,13502.3,5,11,89067864
3540113,287,1429,0,0,64.8,15801.8,7,0,0
861363,2933,2044,2,1,5907.0,89811.3,5,7,29096329
523676,1787,1306,0,3,30911.0,106128.2,1,0,0
225281,767,1709,2,1,109.0,53063.6,3,4,63160019
233734,795,1462,2,4,900.0,49131.8,1,0,0
2464193,8127,1771,2,1,8305.0,62228.2,5,5,10767406
443142,1507,515,2,4,14.6,37091.6,6,0,0
480336,1637,1500,2,1,774.0,12530.4,5,6,47292917
1295545,4424,1453,2,4,10900.0,35535.5,1,0,0
737278,2519,583,0,2,5544.0,27837.0,2,4,5454445
3625437,2871,1276,0,0,136.5,26463.6,7,0,0
1476525,5033,1259,2,1,1820.0,31925.5,5,2,73070150
551879,1879,742,2,1,907.0,14934.0,1,12,53768026
163135,545,327,0,3,900.0,900.0,1,0,0
3547475,510,454,0,0,208.6,40821.3,7,0,0
2896,11,1777,2,1,2132.0,36725.5,1,10,38470870
3637059,3226,760,0,0,97.9,14958.5,7,0,0
2268245,7485,2129,2,4,14.6,25808.5,6,0,0
119463,401,825,0,3,12817.0,32870.9,1,0,0
240709,821,1586,2,4,1230.0,16466.3,1,0,0
763614,2608,1591,0,3,8572.0,36311.0,1,0,0
1047523,3582,1196,2,4,270.0,13417.9,1,0,0
982556,3353,1557,2,1,414.0,46900.4,3,11,21930182
3671752,5593,1856,0,0,144.7,65603.3,7,0,0
914650,3117,1808,2,1,3570.0,24224.9,5,8,41120845
295509,1008,1583,2,4,3100.0,31229.9,1,0,0
915754,3122,1622,0,3,8000.0,20226.0,1,0,0
2579155,8519,131,0,2,37346.0,69989.6,1,8,16093504
261862,897,1995,0,3,42110.0,79533.6,1,0,0
3031581,10049,1715,2,1,7636.0,8129.7,8,4,45261365
3448057,2572,1399,0,0,271.9,41237.5,7,0,0
247386,851,777,0,3,24514.0,69200.6,1,0,0
3439856,964,819,0,0,114.6,28240.3,7,0,0
3634972,3160,1307,0,0,129.5,31492.8,7,0,0
908913,3096,344,2,1,8.0,68472.3,3,3,74155062
3555860,772,698,0,0,237.0,60130.2,7,0,0
3591809,1855,1672,0,0,101.2,24834.7,7,0,0
2675893,8856,1417,0,3,25508.0,118747.5,1,0,0
710624,2430,1739,0,3,9032.0,51052.3,1,0,0
104141,355,1808,2,1,2927.0,20228.7,0,4,28271162
302165,1029,1564,2,1,8136.0,29374.3,5,11,28123855
209674,711,2051,2,4,5600.0,59159.2,1,0,0
1090933,3729,1194,2,1,2941.0,18095.2,5,8,52811223
764095,2609,1484,2,4,3600.0,28727.4,1,0,0
785373,2676,1167,2,1,1339.0,34031.2,0,5,56445985
3537830,221,1519,0,0,184.5,47814.7,7,0,0
63884,212,1397,1,4,18646.0,75882.5,1,0,0
251447,862,1482,2,4,4800.0,40862.7,1,0,0
939424,3206,1733,2,4,14.6,39792.3,6,0,0
3639168,3283,242,0,0,182.2,40563.0,7,0,0
1804077,6118,1445,2,4,5100.0,51549.0,5,0,0
1048461,3586,389,2,4,1000.0,31930.9,1,0,0
1190810,4078,1744,0,3,23736.0,90271.5,1,0,0
3619494,2692,1094,0,0,21.0,6830.0,7,0,0
438804,1491,2032,2,5,3600.0,36896.7,1,0,0
3580572,1521,1976,0,0,64.4,12809.1,7,0,0
1855611,6281,788,0,3,9000.0,14277.4,1,0,0
1159737,3971,1774,2,1,857.0,16850.4,3,12,30132991
3569158,1166,1580,0,0,164.1,44259.0,7,0,0
187979,635,717,2,4,24600.0,46288.3,1,0,0
790759,2696,1847,2,4,400.0,13492.4,1,0,0
383290,1302,1896,0,2,6090.0,29109.4,2,11,14724636
2303,9,730,2,4,800.0,27039.8,1,0,0
3569522,1179,972,0,0,76.6,18806.7,7,0,0
732816,2504,1484,2,5,2300.0,25440.5,1,0,0
1025912,3503,2104,0,3,20054.0,97729.2,1,0,0
1689077,5724,2068,2,4,100.0,37988.6,6,0,0
758684,2588,1346,2,1,6509.0,45157.8,5,7,69929891
3467165,3797,2006,0,0,100.8,32215.4,7,0,0
182658,621,1834,2,1,3043.0,46909.0,0,9,32067704
370086,1258,2173,2,4,150.0,18104.6,1,0,0
3651362,3669,1429,0,0,67.9,17350.8,7,0,0
3410747,11320,1852,2,4,9280.0,35088.0,1,0,0
164027,548,1350,2,4,1280.0,25111.7,1,0,0
1524668,5196,2112,1,4,5228.0,78398.5,1,0,0
3463797,2817,2068,0,0,277.5,68656.0,7,0,0
860122,2931,1374,2,1,2884.0,13935.1,5,9,47281336
2546562,8405,2017,2,1,4095.0,48265.3,0,10,21518677
237333,811,1977,2,4,5100.0,48818.5,1,0,0
3569454,1176,1915,0,0,50.0,10489.2,7,0,0
644663,2201,796,2,1,391.0,15233.8,1,2,42079347
260984,893,1311,2,4,15700.0,60735.1,1,0,0
416922,1414,1429,2,4,14.6,19025.7,6,0,0
846226,2881,1197,2,4,4680.0,30756.9,1,0,0
194422,658,1641,2,4,14.6,20109.3,6,0,0
1147051,3923,1348,2,4,5200.0,42428.7,1,0,0
542255,1844,1192,0,2,3242.0,35535.2,1,10,42988401
3577695,1439,1856,0,0,53.7,12768.1,7,0,0
259566,888,1976,2,4,14.6,21256.4,6,0,0
791107,2697,2074,2,1,629.0,64286.4,3,3,3080630
999559,3413,1258,2,1,4359.0,58676.2,5,10,21769154
585173,1991,2098,2,4,14.6,57057.9,6,0,0
604998,2059,1755,2,4,9500.0,35585.8,1,0,0
3641338,3354,910,0,0,137.2,21517.3,7,0,0
1124580,3840,914,2,4,480.0,22793.8,1,0,0
3643325,3422,1884,0,0,178.4,42648.6,7,0,0
1135875,3882,1500,2,1,1608.0,14558.8,5,6,49302369
1660657,5632,2159,2,4,30.0,37117.2,6,0,0
177950,601,2040,2,4,600.0,15754.6,1,0,0
2423706,7990,1491,2,4,14.6,52087.0,6,0,0
816202,2779,1956,2,5,800.0,79555.5,1,0,0
734605,2510,378,2,4,1500.0,65711.4,1,0,0
106259,362,743,0,3,9542.0,29555.9,1,0,0
629730,2150,2172,0,2,3381.0,18038.9,1,12,44033819
409424,1394,1929,2,1,646.0,56826.1,0,10,14472324
946843,3227,2134,2,1,4742.0,64951.3,3,6,1780486
1046542,3579,1833,2,4,3120.0,44366.9,1,0,0
559625,1904,1525,2,1,587.0,17610.4,0,6,63970231
56043,187,1835,2,4,2000.0,21157.6,1,0,0
294170,1005,2020,2,1,7896.0,106032.1,5,7,13424891
194363,658,1466,2,4,3400.0,18688.6,1,0,0
137230,460,2103,0,2,5922.0,46249.1,2,11,69185650
1877962,6358,2171,2,1,5632.8,51548.5,8,4,31235045
563520,1918,1382,0,3,6347.0,21340.4,1,0,0
1097377,3750,1831,0,3,20233.0,72185.8,1,0,0
182548,620,1803,2,4,4200.0,13900.0,1,0,0
434874,1477,272,2,4,14.6,18730.3,6,0,0
722124,2472,924,2,1,4109.0,62224.8,5,2,61095434
1474338,5024,2131,2,4,9900.0,-225.0,1,0,0
867574,2953,1580,0,3,5600.0,37880.4,1,0,0
229958,783,2073,2,1,3242.0,17926.2,5,7,85706555
1004545,3428,2013,0,3,4400.0,9688.9,1,0,0
10088,34,2119,2,4,15300.0,47152.1,1,0,0
1060126,3623,1012,2,4,2600.0,25586.3,1,0,0
1071049,3659,1744,2,1,955.0,32108.3,0,10,8070820
1583944,5385,1002,2,4,30.0,37104.9,6,0,0
2930092,9703,2037,2,4,14.6,47351.7,6,0,0
3440767,1109,1429,0,0,211.4,51284.1,7,0,0
3551113,627,637,0,0,188.5,40023.6,7,0,0
1309383,4470,754,2,4,13200.0,38622.5,1,0,0
340820,1157,275,2,4,4800.0,26578.0,1,0,0
3207449,10644,1850,2,4,2700.0,34860.5,1,0,0
748946,2554,1374,0,3,24696.0,69681.8,1,0,0
131973,443,1533,0,2,3058.0,25491.3,1,10,29172384
995260,3395,2135,0,3,23964.0,79730.0,1,0,0
370690,1261,1807,2,1,9222.0,68290.7,5,2,48037660
3557787,839,1491,0,0,344.2,76742.1,7,0,0
2776116,9188,910,2,4,14.6,24168.7,6,0,0
1096257,3747,1013,2,1,2389.0,24993.5,5,5,82686203
532985,1815,1847,2,4,1500.0,21190.7,1,0,0
67275,224,2170,0,2,5776.0,24127.7,2,9,49979138
1069710,3654,1256,2,4,29920.0,58139.3,1,0,0
660994,2256,1452,2,4,700.0,23486.1,1,0,0
1176883,4035,2188,2,4,6600.0,77783.2,1,0,0
2538569,8377,849,2,4,14.6,79132.6,6,0,0
77695,259,1496,0,2,6523.0,21178.8,2,8,11218428
568219,1934,2170,2,1,720.0,80096.7,3,11,30378473
3529099,11295,1094,0,0,224.0,60829.4,7,0,0
37906,123,673,0,2,4843.0,22656.1,2,1,58944725
1057211,3614,2139,2,1,1081.0,74137.7,0,8,19014889
3593670,1912,2006,0,0,123.9,26735.4,7,0,0
611452,2082,972,2,4,14.6,60553.3,6,0,0
1342032,4585,2076,2,1,4065.0,46664.7,5,13,64408206
3556018,780,1764,0,0,151.5,34740.8,7,0,0
647630,2214,1121,0,3,400.0,400.0,1,0,0
1096103,3746,1856,2,4,14.6,67425.4,6,0,0
568406,1934,2006,2,4,14.6,61659.8,6,0,0
514517,1761,643,0,2,10124.0,32159.9,1,4,98249238
538347,1831,1987,0,2,6480.0,27369.0,2,13,75945204
1211095,4144,1552,0,3,12582.0,56874.1,1,0,0
1165977,3995,1733,2,4,14.6,31876.8,6,0,0
963292,3283,1075,2,1,8720.0,22669.0,5,6,5958080
726081,2484,1257,2,1,1390.0,12957.3,0,10,72945260
518590,1771,583,2,4,500.0,25842.4,1,0,0
3476322,8625,880,0,0,417.7,101231.5,7,0,0
1087423,3714,1714,2,4,13200.0,60826.5,1,0,0
3419911,11349,1468,2,4,7200.0,65058.3,1,0,0
11140,37,2168,2,1,2584.0,1165.3,0,8,23782724
3078024,10202,2068,2,4,14.6,55408.9,6,0,0
3530822,13,2098,0,0,49.1,11564.7,7,0,0
561801,1911,2085,2,4,3360.0,27322.3,1,0,0
1090746,3728,1611,2,4,14.6,33546.2,6,0,0
742630,2535,2054,2,4,4560.0,22017.9,1,0,0
1165111,3991,2037,2,4,14.6,26298.4,6,0,0
686117,2343,1103,2,1,4723.0,40479.0,5,11,28312742
851694,2902,57,0,3,3900.0,24313.0,1,0,0
387492,1317,890,0,2,6732.0,27640.6,2,7,53008729
795676,2711,984,2,1,7300.0,33425.0,5,7,40865373
1781690,6040,1465,2,4,2700.0,19648.2,1,0,0
1218567,4171,523,2,1,14336.0,23814.2,5,4,90027188
3648194,3578,1276,0,0,175.3,45154.1,7,0,0
142234,477,347,2,1,2660.0,60555.2,5,2,7729125
1098891,3754,1862,2,1,3976.0,20215.7,5,13,10911417
1272170,4350,1952,2,4,62200.0,70926.6,1,0,0
571724,1945,1650,0,3,16692.0,40915.7,1,0,0
566508,1928,2121,2,4,12600.0,36338.2,1,0,0
1116745,3815,1460,2,4,14.6,48404.5,6,0,0
3546403,475,1884,0,0,65.5,15852.3,7,0,0
3547746,517,1033,0,0,123.2,26535.6,7,0,0
746885,2548,1893,0,3,5118.0,37154.1,1,0,0
898598,3063,1945,2,4,150.0,39738.9,1,0,0
895089,3050,757,2,5,3400.0,31214.0,1,0,0
3619936,2702,1884,0,0,110.0,18219.3,7,0,0
2930043,9703,545,2,4,14.6,52983.9,6,0,0
518120,1770,1799,2,1,8351.0,56596.6,5,3,27800739
1488361,5072,1686,2,1,5869.0,38016.7,0,3,85992329
3566036,1078,2037,0,0,73.0,18769.7,7,0,0
1034374,3536,1337,2,4,4700.0,22218.0,1,0,0
960088,3270,1441,2,1,7806.0,63553.7,5,10,24160874
900296,3068,1686,0,2,6193.0,21304.7,2,13,23076516
716205,2453,304,2,4,1410.0,17521.7,1,0,0
3292576,10940,1245,2,4,3400.0,50037.7,1,0,0
483563,1645,2014,2,4,5400.0,29481.1,1,0,0
920283,3136,1587,0,3,11429.0,74365.7,1,0,0
254418,873,2139,2,1,1540.0,9467.8,0,9,57947230
243703,836,1481,2,4,1800.0,25921.9,1,0,0
768632,2624,1500,2,4,9600.0,39457.1,1,0,0
478705,1631,1838,2,1,2743.0,14597.9,5,10,78712355
3534986,136,1856,0,0,56.3,13165.3,7,0,0
1531124,5215,2073,2,1,2.0,58183.4,5,6,58698618
568114,1934,801,2,1,4007.0,35454.7,0,5,6592476
286207,982,1894,2,1,2505.0,32873.0,5,5,6972080
715671,2450,1476,2,4,1400.0,68252.0,1,0,0
3448383,2660,2098,0,0,234.8,70295.4,7,0,0
880893,3001,229,0,3,1100.0,57383.1,1,0,0
308056,1050,1154,2,4,100.0,49531.6,6,0,0
847482,2886,2011,0,3,5209.0,31539.5,1,0,0
13431,44,1976,2,4,14.6,15194.0,6,0,0
411483,1401,629,2,4,400.0,30500.9,1,0,0
356253,1207,1046,2,1,9252.0,47369.1,5,10,70412289
1134901,3878,1833,2,1,70.0,24194.7,3,13,35417062
469925,1601,1009,0,2,4042.0,27430.9,2,2,45886778
3659054,3896,1125,0,0,228.0,32812.2,7,0,0
2123447,7190,1351,2,1,5394.0,17068.9,5,12,11074567
145369,486,1480,2,5,1100.0,30520.3,1,0,0
434938,1477,488,2,4,100.0,20999.9,1,0,0
36465,117,1208,2,4,1120.0,17071.1,1,0,0
409392,1394,955,2,1,646.0,28206.2,0,10,14472324
3613164,2507,1764,0,0,92.4,23474.8,7,0,0
590868,2011,1007,0,2,3016.0,17460.1,1,7,35820675
1453946,4949,1672,2,4,14.6,42022.4,6,0,0
149108,497,788,2,4,14.6,54730.7,6,0,0
2750881,9104,405,0,3,19238.0,48038.5,1,0,0
3578018,1447,1825,0,0,112.4,20941.9,7,0,0
751349,2563,1499,0,3,4477.0,33305.5,1,0,0
267365,915,1924,0,2,38694.0,75579.0,1,11,92093485
1082947,3698,1277,0,3,1400.0,23800.0,1,0,0
1061871,3628,1704,2,4,12900.0,55300.9,1,0,0
479945,1635,1764,2,4,14.6,59364.0,6,0,0
3536519,186,1368,0,0,162.1,41965.0,7,0,0
567101,1931,798,0,3,9335.0,24352.8,1,0,0
579006,1970,1541,2,4,16900.0,56897.2,1,0,0
533079,1815,1703,2,4,14.6,23756.2,6,0,0
579321,1971,1875,0,3,2800.0,57971.8,1,0,0
684512,2336,388,2,4,500.0,17680.0,1,0,0
230035,784,712,0,3,34596.0,73101.7,1,0,0
157017,525,1906,0,3,31787.0,60573.6,1,0,0
1321412,4511,1095,2,4,2760.0,17083.1,1,0,0
238537,815,1190,2,4,1410.0,17671.4,1,0,0
3583639,1620,2068,0,0,135.4,29851.2,7,0,0
417652,1416,222,2,4,9600.0,34363.6,1,0,0
1005498,3432,2165,2,1,2734.0,11375.1,5,9,78206079
710297,2429,1092,2,4,3520.0,46252.2,1,0,0
54359,181,1853,2,5,2200.0,31539.2,1,0,0
16368,55,1307,2,4,14.6,16202.8,6,0,0
195524,662,743,0,3,900.0,29866.1,1,0,0
853738,2910,2105,2,1,6778.0,17804.8,5,11,77491187
191805,651,646,2,1,4062.0,37916.5,0,2,54411101
219417,746,1255,0,2,5178.0,28857.5,2,4,38895726
877490,2989,643,2,1,3395.0,13078.9,5,9,70749723
718333,2460,1033,2,4,14.6,30632.0,6,0,0
2378574,7844,1646,0,2,31937.0,77922.6,1,10,14847791
3570068,1198,1641,0,0,118.9,37222.7,7,0,0
360095,1223,1737,2,4,3500.0,41622.1,1,0,0
987359,3367,2068,2,4,14.6,112822.5,6,0,0
595286,2026,1512,2,4,2600.0,43677.2,1,0,0
1023421,3493,1625,2,1,2277.0,34974.0,5,12,38925045
650146,2221,2188,2,4,540.0,16060.4,1,0,0
3549619,576,211,0,0,62.0,14020.2,7,0,0
973377,3316,1235,2,4,8800.0,35891.8,1,0,0
958255,3264,1075,2,4,900.0,26626.5,1,0,0
967320,3296,1469,2,1,9248.0,61509.0,0,4,2751821
3609831,2417,1276,0,0,59.8,16100.3,7,0,0
2305567,7607,1087,2,4,11900.0,36191.8,1,0,0
506274,1728,2163,2,4,1700.0,38656.1,1,0,0
3593042,1896,1399,0,0,354.8,69784.7,7,0,0
177,1,1519,2,4,14.6,14588.3,6,0,0
3602076,2176,545,0,0,117.1,7885.1,7,0,0
3579776,1497,1825,0,0,105.0,26116.4,7,0,0
303383,1032,1611,2,4,14.6,71667.5,6,0,0
630900,2154,1714,0,2,3189.0,20436.3,1,4,62511837
1311513,4478,1338,2,4,14.6,76231.8,6,0,0
833001,2837,1498,0,3,21150.0,36103.9,1,0,0
788835,2689,1591,2,1,2121.0,61570.8,0,11,36906784
2034917,6897,1050,0,3,34837.0,93973.0,1,0,0
415916,1412,1439,2,1,1773.0,41866.8,0,7,65591120
483621,1646,1478,0,3,41819.0,83278.3,1,0,0
3603022,2209,1611,0,0,242.7,101258.1,7,0,0
257400,883,1710,2,1,6195.0,23206.3,5,4,72100633
3594258,1928,2190,0,0,176.2,33865.9,7,0,0
250828,861,437,2,1,9105.0,44999.5,5,10,19577122
3353062,11135,758,2,4,1680.0,22457.7,1,0,0
3461698,2265,1733,0,0,193.4,33976.8,7,0,0
972981,3315,1265,2,4,6900.0,50693.0,1,0,0
3651022,3654,729,0,0,257.4,64815.5,7,0,0
269623,924,1921,2,1,308.0,17662.3,5,7,21176868
485279,1653,1435,2,1,4656.0,54420.6,5,3,37755870
123333,415,97,0,3,13110.0,31463.6,1,0,0
146144,489,760,2,4,14.6,33234.7,6,0,0
1273577,4355,2159,2,4,14.6,15203.3,6,0,0
3663061,4134,1794,0,0,221.4,69628.0,7,0,0
903707,3079,1839,2,1,2065.0,20401.5,1,12,63926827
1105232,3776,2014,2,1,4739.0,58684.5,5,5,41931992
1501765,5120,586,2,1,3008.0,66171.8,5,13,26903707
731068,2498,1245,2,4,4400.0,29565.6,1,0,0
123551,415,2127,2,4,4320.0,24648.1,1,0,0
3584675,1652,788,0,0,80.7,21025.9,7,0,0
999183,3411,1566,2,4,8300.0,41557.7,1,0,0
1504502,5129,1108,2,4,6000.0,31915.0,1,0,0
361223,1227,1956,2,1,101.0,39609.6,0,4,57943856
160653,539,1620,0,3,10878.0,85026.1,1,0,0
989887,3374,697,2,4,7300.0,8622.1,0,0,0
3625627,2877,1460,0,0,223.2,42956.1,7,0,0
248132,853,1471,2,4,3680.0,52699.8,1,0,0
37357,120,1461,1,4,20663.0,64149.6,1,0,0
925632,3154,2123,2,4,12600.0,58177.8,1,0,0
2789604,9236,1039,0,3,3200.0,33754.8,1,0,0
357788,1214,1479,0,3,500.0,500.0,1,0,0
217442,739,2172,0,3,35418.0,56882.5,1,0,0
22274,73,711,2,1,6061.0,56249.7,5,2,67077487
761409,2599,647,2,4,10800.0,1404.4,5,0,0
3637109,3227,1368,0,0,144.7,37433.5,7,0,0
2520350,8316,1795,0,3,36307.0,114888.0,1,0,0
784738,2674,1170,0,3,1300.0,27821.2,1,0,0
10761,36,1612,2,4,18080.0,27510.2,1,0,0
527238,1800,2105,0,3,19373.0,57129.5,1,0,0
270930,928,325,0,3,300.0,25148.8,1,0,0
19574,66,1847,2,4,8400.0,26464.1,1,0,0
394163,1339,2140,0,3,8449.0,71854.8,1,0,0
2279745,7523,2111,2,4,7000.0,16882.0,5,0,0
3457523,10131,1002,0,0,70.3,19501.5,7,0,0
1401494,4774,1592,2,1,9689.0,56414.6,8,3,85673802
1308004,4467,1625,0,2,21550.0,47929.1,1,3,42645382
138979,465,374,2,4,4500.0,30739.7,1,0,0
1876569,6353,1019,2,4,13700.0,42862.9,1,0,0
388702,1322,185,0,3,200.0,200.0,1,0,0
766189,2617,832,0,2,3050.0,21000.5,1,3,66249376
51615,173,648,2,1,6256.0,34956.2,5,6,95605074
739036,2524,1839,0,2,6263.0,20143.6,2,3,14018088
3498292,8261,515,0,0,120.9,42195.7,7,0,0
695373,2378,1040,2,1,9612.0,39823.0,5,3,1222903
94069,319,2106,2,4,49900.0,91580.9,1,0,0
637361,2176,770,2,1,5135.0,53918.1,0,3,57953965
122738,412,1375,2,1,8727.0,60612.8,5,12,35379701
883528,3009,1672,2,4,14.6,17748.3,6,0,0
856579,2919,1926,2,1,7331.0,12967.8,5,10,15447330
3161995,10493,1609,1,4,20030.0,63526.1,1,0,0
747281,2549,454,2,4,14.6,29493.1,6,0,0
363814,1236,874,2,4,2800.0,21002.5,1,0,0
3213624,10663,2129,2,4,14.6,20044.7,6,0,0
178306,602,1209,2,4,1900.0,19380.9,1,0,0
125436,422,1655,2,4,26000.0,22056.9,1,0,0
3412207,11325,1833,2,4,24400.0,40305.9,1,0,0
2688900,8899,2022,2,4,7500.0,77551.8,1,0,0
3592586,1882,423,0,0,70.0,22701.8,7,0,0
583711,1986,1453,2,4,8200.0,24426.9,1,0,0
3630618,3030,1215,0,0,93.6,22671.1,7,0,0
477442,1627,782,2,4,3000.0,21202.5,1,0,0
302655,1030,1675,2,4,1100.0,25512.4,1,0,0
781552,2665,1433,0,3,2885.0,42129.6,1,0,0
149209,497,1784,2,4,13500.0,40490.8,1,0,0
1135539,3881,1870,0,3,6761.0,17985.5,1,0,0
959635,3268,1252,2,4,3000.0,12830.6,1,0,0
274017,939,1846,2,4,420.0,16765.5,1,0,0
156409,523,1105,2,5,2400.0,55153.9,1,0,0
3624688,2849,1641,0,0,107.8,24893.1,7,0,0
3446898,1505,2098,2,4,140.2,-11363.1,4,0,0
92131,312,2068,2,4,14.6,45913.0,6,0,0
2464074,8127,2097,0,3,8889.0,117124.8,1,0,0
216896,738,1769,0,3,23347.0,89770.5,1,0,0
381138,1295,678,0,3,5582.0,6182.0,1,0,0
659189,2250,1374,2,1,4182.0,40321.9,5,3,63026058
330119,1125,2106,2,1,238.0,69637.0,0,11,34524190
154004,516,1433,2,4,1300.0,24788.0,1,0,0
689772,2356,2037,2,4,30.0,28202.0,6,0,0
3609623,2410,364,0,0,133.1,31885.2,7,0,0
1147524,3925,1201,1,4,2949.0,83611.2,1,0,0
532315,1813,1588,2,1,4350.0,88596.6,0,9,343406
2872127,9504,1261,2,4,10800.0,42520.6,1,0,0
545517,1856,1468,0,2,3261.0,25324.1,1,12,55557876
3628151,2950,2098,0,0,145.4,36285.3,7,0,0
343160,1164,590,0,3,300.0,22492.6,1,0,0
21600,71,2013,2,1,778.0,36344.1,0,9,34794885
602872,2052,1496,2,1,72.0,37488.3,0,4,20415777
1152700,3942,1830,2,1,13428.0,66696.2,5,10,34098577
3462258,2436,1276,0,0,231.1,37522.2,7,0,0
2797808,9265,788,0,3,5606.0,64264.6,1,0,0
918673,3132,1655,0,3,6583.0,22169.4,1,0,0
1441146,4907,2182,2,4,1120.0,68563.7,1,0,0
617875,2108,1470,2,1,5974.0,43521.3,5,12,52307826
713551,2438,2136,2,1,705.0,4368.7,0,11,62592428
2464286,8127,1837,2,4,3000.0,33415.7,1,0,0
393986,1338,1794,2,4,14.6,28563.4,6,0,0
23458,77,1611,2,4,14.6,30690.1,6,0,0
193254,655,1434,2,1,341.0,48482.2,0,5,19362265
3600976,2140,2159,0,0,188.4,44288.8,7,0,0
548292,1866,1841,2,4,7900.0,29594.0,1,0,0
370101,1258,1829,2,4,210.0,20533.1,1,0,0
2780081,9201,2014,2,1,13461.0,82399.1,5,2,29740798
185549,629,678,0,2,4721.0,19384.0,2,9,21938950
1339333,4576,829,0,3,18910.0,46102.5,1,0,0
837575,2849,1398,2,4,4400.0,16155.4,1,0,0
3668200,4994,2129,0,0,174.0,52240.8,7,0,0
3462133,2411,1856,0,0,186.0,39063.3,7,0,0
2044637,6930,741,0,3,24193.0,68626.0,1,0,0
972276,3312,2169,2,1,789.0,25595.9,0,7,91536551
701094,2399,1394,2,4,650.0,33842.9,1,0,0
257678,883,2098,2,4,14.6,22269.6,6,0,0
698826,2390,1862,2,1,11464.0,14132.7,0,9,66811156
1113726,3804,1102,2,4,6900.0,52592.1,1,0,0
1308059,4467,1830,2,1,4556.0,15841.9,5,9,66281664
112286,379,1716,2,1,1561.0,17240.8,5,2,35418421
318694,1088,867,2,4,2720.0,18832.2,1,0,0
3566632,1098,1399,0,0,59.9,13390.1,7,0,0
410030,1396,1703,2,4,14.6,47128.4,6,0,0
2102694,7123,2161,0,3,43046.0,148949.4,1,0,0
450999,1534,1381,0,3,14943.0,36350.5,1,0,0
3469646,4287,1641,0,0,109.4,23375.2,7,0,0
3027079,10036,315,0,3,6100.0,19000.0,1,0,0
396137,1347,1769,0,2,3100.0,16613.4,1,6,4792172
442407,1504,1603,2,4,12800.0,25823.4,1,0,0
3666064,4616,1884,0,0,220.7,41783.3,7,0,0
129172,433,462,2,4,400.0,28190.9,1,0,0
206794,702,917,0,2,4220.0,20236.0,2,3,40635764
1157991,3965,2044,0,2,14097.0,69838.3,1,8,66315013
3098567,10280,1703,2,4,14.6,43363.6,6,0,0
985798,3362,1174,0,3,1200.0,34207.2,1,0,0
771553,2632,2101,2,4,9500.0,45818.3,1,0,0
558844,1901,2068,2,4,14.6,20403.4,6,0,0
3545213,443,1611,0,0,109.9,27817.8,7,0,0
486074,1656,2006,2,4,14.6,34046.7,6,0,0
560069,1905,1780,2,4,8600.0,33804.6,1,0,0
3441015,1149,1825,0,0,196.8,38007.0,7,0,0
3021592,10019,2110,2,1,5415.0,96358.0,8,9,87297737
652877,2231,2098,2,4,14.6,17709.4,6,0,0
3439859,964,910,0,0,84.6,14571.0,7,0,0
2267996,7485,704,2,1,10279.0,11123.6,5,11,56684088
3663051,4134,1491,0,0,145.3,34408.5,7,0,0
1117525,3818,1865,2,1,4065.0,57053.7,3,2,34760767
3596231,1984,1215,0,0,188.1,43581.9,7,0,0
1153799,3947,1984,0,3,30664.5,65037.2,1,0,0
3653779,3737,2098,0,0,153.7,37433.0,7,0,0
767464,2620,844,0,3,300.0,26300.2,1,0,0
1004823,3429,1124,2,4,960.0,29908.5,1,0,0
1146961,3923,698,2,4,14.6,36266.1,6,0,0
626484,2139,949,2,4,20400.0,44693.8,1,0,0
563941,1919,1585,2,1,4545.0,73913.3,5,3,92220371
707430,2423,1224,2,1,1317.0,15385.0,0,1,66884094
2434577,8026,2022,2,4,10800.0,56901.2,1,0,0
18528,62,1953,2,1,2273.0,17269.4,5,3,80010622
3534540,119,1550,0,0,178.5,45677.6,7,0,0
1045798,3576,919,2,1,455.0,19233.3,0,5,62933295
446244,1515,1519,2,4,14.6,35392.2,6,0,0
3573945,1317,1519,0,0,108.9,27504.8,7,0,0
140630,470,1856,0,3,4500.0,29521.1,1,0,0
1026604,3505,1703,2,4,14.6,62492.6,6,0,0
603305,2053,1749,0,3,800.0,800.0,1,0,0
901177,3071,1502,0,3,24266.0,78919.8,1,0,0
895312,3051,2143,2,1,4104.0,90922.8,5,12,89318686
968346,3300,2021,2,4,7800.0,76880.7,1,0,0
618694,2111,1842,2,5,3600.0,51469.4,1,0,0
1271385,4347,1185,2,4,14.6,14902.9,6,0,0
1583924,5385,395,2,4,30.0,16361.4,6,0,0
3511160,9433,2006,0,0,142.7,30797.3,7,0,0
499287,1701,556,2,1,7571.0,38029.0,5,7,99692040
58599,196,1283,2,1,2554.0,42095.7,3,6,30200135
472244,1606,1598,2,4,2400.0,73380.3,1,0,0
194118,657,1002,2,4,14.6,36064.2,6,0,0
726140,2484,732,2,4,3000.0,36156.3,1,0,0
124250,418,1563,2,1,9316.0,54702.5,5,7,92404669
670838,2290,2037,2,4,14.6,22953.5,6,0,0
2314742,7636,2049,2,1,3532.0,32430.3,8,6,97231417
624534,2131,1764,2,4,14.6,39901.1,6,0,0
1907531,6461,1851,2,4,4200.0,77753.6,1,0,0
97022,331,2144,2,4,7700.0,18470.8,1,0,0
244604,839,1611,2,4,14.6,77459.6,6,0,0
2715666,8982,2070,0,3,21251.0,87843.8,1,0,0
74134,245,1613,0,3,39226.0,109446.3,1,0,0
984886,3359,1679,2,1,2038.0,34243.8,5,7,58614808
3412673,11328,2141,2,1,4674.0,83635.1,8,13,75745355
3616991,2617,1094,0,0,97.1,23670.0,7,0,0
1070343,3656,1036,0,3,6471.0,20317.8,1,0,0
3292581,10940,1395,2,4,12200.0,57002.7,1,0,0
519841,1775,521,2,1,2343.0,24346.1,5,9,25300705
1101719,3763,1196,0,3,10283.0,36251.8,1,0,0
604348,2057,2134,2,1,970.0,44380.8,0,13,1773274
370565,1260,1716,2,4,9000.0,23509.7,1,0,0
333046,1133,462,2,1,895.0,18046.3,0,10,40755695
182581,621,1678,0,3,24566.0,62490.9,1,0,0
819418,2789,1685,2,4,300.0,61375.1,1,0,0
1182707,4052,2098,2,4,30.0,43921.3,6,0,0
1153868,3947,1898,2,1,619.0,35778.3,0,13,94871657
199690,678,1046,2,1,1929.0,22096.3,0,12,52606773
3596389,1988,2190,0,0,122.7,27767.0,7,0,0
716122,2453,248,2,1,2190.0,14432.0,5,11,32186746
641822,2190,2090,2,4,8100.0,29287.0,1,0,0
1234649,4225,1187,2,4,18400.0,50074.7,1,0,0
790309,2695,954,0,3,20806.0,59202.8,1,0,0
1225541,4195,1825,2,4,29900.0,84244.1,1,0,0
336803,1144,365,2,4,360.0,14105.1,1,0,0
241323,824,1565,2,4,900.0,28525.7,1,0,0
528508,1803,1838,0,2,3455.0,55275.4,1,8,7601386
3445491,417,1460,0,0,105.7,21486.0,7,0,0
465018,1582,1856,2,4,14.6,15808.0,6,0,0
440157,1496,1920,2,1,6931.0,16753.2,5,1,4760909
181341,616,582,2,1,1869.0,20999.7,5,8,38012558
161332,540,348,0,3,6100.0,21736.6,1,0,0
1062024,3629,762,2,4,2400.0,19046.2,1,0,0
3605081,2267,1611,0,0,259.7,78483.1,7,0,0
1020898,3486,1138,0,2,4264.0,22399.2,2,6,24160820
3615019,2554,1491,0,0,235.4,38305.3,7,0,0
767238,2620,459,2,1,3855.0,16413.8,5,13,32839107
747613,2550,1807,2,1,67.0,78385.7,3,4,78013139
3637737,3243,1399,0,0,90.2,19014.3,7,0,0
3077918,10202,2108,2,1,4880.0,47665.5,0,2,86462396
1425848,4858,2049,2,4,7000.0,9609.8,1,0,0
228260,775,2078,0,3,20286.0,75646.4,1,0,0
3541975,345,910,0,0,121.7,15052.3,7,0,0
488031,1664,1115,2,4,1800.0,33258.5,1,0,0
2383110,7857,1685,2,4,4500.0,31730.2,1,0,0
788739,2688,2040,2,4,1200.0,12636.3,1,0,0
938516,3202,1924,2,1,1613.0,20330.0,5,10,94148736
606094,2063,1347,0,2,5885.0,36201.5,2,7,52298969
299094,1019,1317,2,1,8127.0,44437.3,5,12,75165712
816220,2779,454,2,4,14.6,39399.6,6,0,0
3556821,811,1825,0,0,276.6,57916.2,7,0,0
1016651,3474,2159,2,4,14.6,21099.3,6,0,0
1156200,3955,1338,2,4,14.6,36489.6,6,0,0
229426,780,1764,2,4,14.6,34726.2,6,0,0
580890,1977,1477,2,4,1400.0,32737.3,1,0,0
143082,479,1616,0,2,3097.0,17586.8,1,3,71889817
771821,2633,1817,2,4,59300.0,51218.8,1,0,0
3452356,5546,1460,0,0,242.4,66746.4,7,0,0
1253547,4286,2010,2,4,16600.0,21707.8,1,0,0
500713,1706,1106,0,2,3087.0,32324.7,1,13,21461117
180155,610,1344,0,2,26217.0,89788.7,1,8,91739892
459846,1565,1837,0,3,4633.0,26918.8,1,0,0
3597937,2034,2159,0,0,275.1,65851.5,7,0,0
459083,1561,1268,2,4,5800.0,31683.8,1,0,0
1132930,3871,473,2,4,1280.0,29345.1,1,0,0
3445786,722,1733,0,0,239.6,38196.5,7,0,0
867093,2951,758,2,4,2500.0,32171.8,1,0,0
2305188,7607,590,0,3,14845.0,37637.6,1,0,0
113202,381,1550,2,4,14.6,22319.8,6,0,0
3611926,2476,1429,0,0,64.2,14514.3,7,0,0
3565744,1070,1976,0,0,116.3,25543.9,7,0,0
1524107,5194,1184,2,4,1500.0,28856.1,1,0,0
673524,2301,1282,0,3,4600.0,26076.4,1,0,0
3676497,6440,2129,0,0,115.7,30080.8,7,0,0
3460618,1968,2190,0,0,97.8,20058.5,7,0,0
647505,2213,401,0,3,4100.0,27313.9,1,0,0
499555,1701,611,2,4,29700.0,51283.8,1,0,0
1096353,3747,2105,2,1,1827.0,21292.8,0,5,93115895
644762,2201,1625,2,1,348.0,15846.1,1,3,16468906
583661,1986,1276,2,4,14.6,29038.2,6,0,0
752855,2568,1595,2,4,11300.0,39433.8,1,0,0
1137849,3888,176,0,3,10900.0,11900.0,1,0,0
984972,3359,2006,2,4,14.6,26164.4,6,0,0
895324,3051,1410,2,1,184.0,53839.7,0,4,55203390
527758,1801,428,2,1,956.0,8834.1,3,1,73968469
3663890,4337,1246,0,0,292.0,61822.5,7,0,0
3634200,3136,1976,0,0,282.5,68165.7,7,0,0
1311387,4478,1256,2,4,11400.0,39787.5,1,0,0
578381,1969,2005,2,4,17600.0,19726.7,1,0,0
55448,186,2004,0,3,14501.0,105615.3,1,0,0
749846,2556,1923,0,2,3009.0,15376.6,1,5,74873977
656331,2243,1161,0,3,14253.0,37429.3,1,0,0
1531401,5215,1755,2,4,1200.0,71209.0,1,0,0
240490,820,1097,2,4,2800.0,30779.2,1,0,0
1137564,3887,1412,2,1,2013.0,35402.7,5,7,51578915
1129401,3859,2078,2,4,20400.0,604.0,1,0,0
3464573,3020,1976,0,0,270.1,65182.5,7,0,0
1754227,5952,1955,0,2,35312.0,79370.8,1,13,78708076
738056,2521,1185,2,4,14.6,42382.8,6,0,0
1100507,3759,1773,2,1,1642.0,20967.7,5,1,45222652
539445,1834,760,2,4,14.6,26867.8,6,0,0
129380,434,1678,2,1,1637.0,8936.8,0,10,31071788
3644711,3468,1580,0,0,160.4,41002.2,7,0,0
1123511,3837,907,1,4,2929.0,24744.6,1,0,0
603449,2054,1624,0,3,29853.0,53603.1,1,0,0
82612,277,1660,0,3,26957.0,67347.3,1,0,0
383687,1303,1771,0,3,6100.0,18923.0,1,0,0
642442,2193,1950,2,1,3424.0,14819.9,5,11,47578817
397214,1352,1588,0,3,24800.0,66727.7,1,0,0
337842,1146,974,2,4,14600.0,52583.6,1,0,0
3613896,2525,1033,0,0,126.7,30913.4,7,0,0
781264,2664,1190,2,1,475.0,56540.5,0,9,12188804
3440026,994,1185,0,0,135.2,31712.5,7,0,0
1162143,3979,1288,2,1,6256.0,37826.2,5,12,51212304
605371,2061,1316,2,1,1994.0,23287.9,5,9,55974131
619422,2114,1611,2,4,14.6,36005.6,6,0,0
3563298,991,454,0,0,157.4,37670.1,7,0,0
3658711,3884,1519,0,0,107.7,25933.0,7,0,0
253177,866,489,2,4,2900.0,36987.9,1,0,0
464229,1579,1733,2,4,14.6,48833.8,6,0,0
96297,328,2110,2,1,1287.0,17576.7,5,8,10446250
721078,2470,1680,0,3,18717.0,40406.8,1,0,0
358693,1218,1564,0,2,32134.0,81580.3,1,1,74095773
421461,1429,744,2,4,480.0,20499.4,1,0,0
89134,300,383,2,4,4250.0,21809.6,1,0,0
441039,1499,342,0,3,8250.0,9250.0,1,0,0
1020957,3486,1474,2,1,2084.0,25284.9,5,3,56069827
3123039,10364,1287,2,1,6262.0,48205.6,5,3,67477196
918682,3132,1929,0,3,6583.0,27211.4,1,0,0
1578522,5366,1510,2,4,12000.0,880.0,1,0,0
951573,3244,1625,0,2,3116.0,19123.3,1,8,71922248
1804016,6118,1411,2,1,7518.0,96082.1,8,11,16368747
2539725,8381,1429,2,4,27100.0,83403.1,1,0,0
323489,1105,834,2,4,3900.0,23064.2,1,0,0
770878,2631,1836,0,2,3436.0,28740.1,1,2,22242445
3581693,1561,880,0,0,24.7,11295.1,7,0,0
613893,2092,1072,2,1,7598.0,25770.0,5,6,8791333
2967146,9828,612,0,2,31648.0,76717.0,1,4,8007508
1042683,3566,736,2,4,2600.0,16870.2,1,0,0
415657,1411,2139,2,4,9600.0,98979.4,1,0,0
1119931,3826,1716,0,3,6778.0,46527.1,1,0,0
2247230,7418,1764,2,4,14.6,4796.0,6,0,0
377351,1285,495,2,1,7213.0,47601.7,5,13,21816671
210825,716,1794,2,4,14.6,60137.7,6,0,0
380602,1293,2136,2,1,3484.0,13912.6,5,7,91569077
327341,1118,675,0,3,7538.0,28989.0,1,0,0
3603781,2228,1915,0,0,195.6,41050.9,7,0,0
3495515,8039,1307,0,0,178.8,57659.5,7,0,0
1038790,3552,1185,2,4,14.6,36781.2,6,0,0
3542537,361,1641,0,0,135.9,25131.4,7,0,0
3585283,1671,910,0,0,107.5,23808.6,7,0,0
1155775,3954,685,2,4,5700.0,27480.1,1,0,0
288010,987,1484,2,4,900.0,26400.2,1,0,0
526407,1796,1406,2,4,12100.0,41169.0,1,0,0
505264,1726,711,0,3,20950.0,41521.5,1,0,0
605625,2061,1271,2,4,2100.0,25065.4,1,0,0
3446277,1106,2068,2,4,14.6,-10948.9,4,0,0
829542,2824,819,2,4,14.6,38719.0,6,0,0
3147407,10445,2129,2,4,14.6,65351.1,6,0,0
3647527,3557,1672,0,0,69.7,17430.4,7,0,0
1754592,5952,2110,2,1,1594.0,65729.2,0,12,37493223
998167,3408,1773,0,3,20521.0,41276.7,1,0,0
463452,1577,2076,0,2,3841.0,46490.3,1,9,30946123
699349,2393,1712,2,1,4292.0,27299.7,5,6,70831024
977352,3330,1368,2,4,14.6,58889.7,6,0,0
660005,2253,1807,2,1,2944.0,31743.1,5,8,60593241
2315169,7637,2046,0,3,800.0,60946.5,1,0,0
3457445,10036,576,0,0,379.4,31684.2,7,0,0
1012851,3463,1983,2,1,5186.0,23940.6,0,1,65683340
420064,1424,1630,0,3,100.0,27013.0,1,0,0
1088741,3720,1564,0,2,5657.0,42926.6,2,5,60142868
1191718,4079,816,0,3,6000.0,18819.7,1,0,0
1130473,3863,1889,2,1,8504.0,10247.7,5,9,88157391
507571,1733,1919,2,4,13500.0,27034.1,1,0,0
3644866,3472,2190,0,0,267.9,55100.7,7,0,0
132499,444,2078,2,4,3900.0,23524.9,1,0,0
3438005,532,1399,0,0,208.0,26325.9,7,0,0
431270,1465,1109,2,4,2700.0,21821.4,1,0,0
731764,2501,1434,2,1,3142.0,46394.8,0,9,42648118
277772,950,1467,2,5,2000.0,86174.8,1,0,0
244548,839,1615,2,4,7200.0,70259.6,1,0,0
716066,2453,742,0,2,3285.0,24255.9,1,8,70054560
615726,2099,454,2,4,30.0,10592.5,6,0,0
1115226,3808,612,2,4,1900.0,30812.0,1,0,0
136720,458,1928,2,1,9586.0,40697.1,5,1,65390032
1460009,4969,2188,1,4,3129.0,101151.3,1,0,0
1038305,3551,1478,2,4,1020.0,29535.2,1,0,0
3573547,1306,910,0,0,141.0,39849.1,7,0,0
3466731,3656,729,0,0,136.2,28478.7,7,0,0
187629,635,1776,2,1,1683.0,16190.3,5,8,12794989
1121992,3834,861,0,3,13875.0,39692.8,1,0,0
3576403,1402,1703,0,0,172.6,42981.9,7,0,0
3457173,9814,1215,0,0,194.1,57267.5,7,0,0
1644248,5574,1653,2,1,11878.0,70831.5,5,9,36525643
876349,2985,1794,2,4,14.6,24978.9,6,0,0
3608078,2361,2129,0,0,58.6,15399.7,7,0,0
717753,2458,1665,2,4,3600.0,47794.3,1,0,0
103254,352,1550,2,4,14.6,21697.6,6,0,0
3658575,3878,1976,0,0,130.1,30772.1,7,0,0
3590809,1828,2037,0,0,253.0,49073.2,7,0,0
174071,584,1650,2,4,930.0,13970.3,1,0,0
149464,498,515,2,4,14.6,44420.9,6,0,0
520673,1778,1619,2,1,3432.0,29494.6,5,13,55264913
1238160,4237,760,2,4,14.6,48003.2,6,0,0
559798,1904,2073,2,4,400.0,36295.4,1,0,0
3654368,3752,1429,0,0,232.4,50671.5,7,0,0
2789145,9236,406,0,3,11906.0,26918.7,1,0,0
389192,1323,1407,2,1,9720.0,37723.4,5,8,80685257
19859,67,1861,0,2,41490.0,89766.8,1,4,15195447
3547409,506,1733,0,0,229.5,56303.7,7,0,0
2108094,7136,1531,2,1,2059.0,27326.8,8,10,16474801
154075,517,526,0,3,35632.0,74049.5,1,0,0
233664,795,2137,0,3,4464.0,71009.8,1,0,0
2912868,9646,1982,0,3,39420.0,40034.6,1,0,0
2841504,9403,145,2,4,33000.0,54876.0,1,0,0
536865,1828,1281,0,3,43505.0,65919.7,1,0,0
921288,3140,2141,0,3,6532.0,26391.2,1,0,0
1020753,3485,1832,2,1,5428.0,41905.2,0,4,6110102
3110706,10320,1121,0,3,6500.0,28412.6,1,0,0
986835,3366,1435,2,1,3964.0,29805.9,5,11,81127321
374654,1276,1953,0,3,6774.0,34086.0,1,0,0
139401,467,1684,0,3,10249.0,27018.2,1,0,0
827685,2818,2151,2,4,15900.0,83627.6,1,0,0
1139466,3894,2159,2,4,14.6,49915.4,6,0,0
524655,1789,715,0,3,1900.0,27200.0,1,0,0
75045,248,1976,2,4,14.6,37094.0,6,0,0
652114,2228,1746,2,1,4625.0,15151.4,5,10,68287300
131470,441,1113,2,5,1800.0,73555.8,1,0,0
759859,2592,1471,2,4,1800.0,63460.5,1,0,0
326020,1114,1131,2,1,3350.0,6886.4,5,3,41164273
2430,9,2129,2,4,14.6,21063.5,6,0,0
682663,2330,1350,2,1,1662.0,17911.9,5,9,64704280
3662219,3999,2159,0,0,364.4,77404.0,7,0,0
537286,1828,2004,2,4,13800.0,86617.6,1,0,0
923015,3146,767,0,2,3688.0,26292.1,1,8,39541465
1087784,3717,1837,0,2,15582.0,24896.8,1,10,65669673
94761,322,1344,2,1,6550.0,23404.6,5,10,4537106
3567141,1115,819,0,0,73.5,17301.8,7,0,0
2979317,9869,572,2,4,5280.0,33310.9,1,0,0
288870,990,2182,2,5,3800.0,86167.0,1,0,0
1486774,5066,1528,2,1,132.0,50847.3,3,13,10269540
300416,1023,1159,0,3,18278.0,50635.2,1,0,0
490230,1673,1220,2,1,2447.0,12260.8,5,1,20515662
538301,1831,587,0,2,6480.0,23235.1,2,13,75945204
439984,1495,1504,2,4,21400.0,38228.1,1,0,0
3607360,2342,333,0,0,74.9,18071.0,7,0,0
531426,1811,1045,2,1,3990.8,14638.7,8,3,84066038
94784,322,2043,2,1,6550.0,14026.9,5,10,4537106
4114,17,1558,0,3,300.0,15900.0,1,0,0
844662,2876,709,2,1,5231.0,54232.9,5,5,30939269
1155164,3952,1624,2,1,1138.0,32791.2,0,4,22428715
185052,627,1915,2,4,14.6,81596.7,6,0,0
3626288,2895,1094,0,0,149.0,31216.4,7,0,0
3616478,2600,2159,0,0,169.7,40408.3,7,0,0
53776,179,2098,1,4,11313.0,27459.6,1,0,0
3464694,3089,1519,0,0,111.7,36511.9,7,0,0
2023191,6856,1587,2,1,2557.0,64021.4,5,2,71201121
1053646,3604,788,2,4,14.6,24293.3,6,0,0
3614601,2544,1703,0,0,151.1,34675.4,7,0,0
702508,2406,1915,2,4,14.6,16063.1,6,0,0
737795,2520,1094,2,4,14.6,26906.3,6,0,0
1535317,5228,1943,2,4,36200.0,69908.9,1,0,0
485041,1652,545,2,4,14.6,13608.7,6,0,0
49712,166,1778,2,1,3044.0,24339.7,5,9,26919090
2470383,8149,1963,1,4,16052.0,11647.7,1,0,0
670125,2287,2079,2,1,6275.0,41649.8,5,6,35842073
969948,3306,1832,0,3,11862.0,42534.2,1,0,0
214373,728,1649,2,1,1143.0,19102.2,5,13,24685102
1011949,3458,1745,2,1,1525.0,22787.4,0,6,39817977
2383454,7859,1230,2,4,6400.0,98160.2,1,0,0
338910,1149,2037,2,4,14.6,35905.0,6,0,0
884476,3014,1904,0,3,46319.0,85789.5,1,0,0
372446,1268,1765,2,4,1000.0,51971.0,1,0,0
883440,3009,1864,0,2,4109.0,25452.6,2,11,22885442
403231,1373,462,2,1,1628.0,15592.4,5,7,6348324
1921023,6510,1641,2,4,14.6,16633.3,6,0,0
741967,2533,1327,2,4,2100.0,25522.9,1,0,0
3227554,10710,2142,0,3,10400.0,25428.4,1,0,0
812440,2768,1460,2,4,14.6,31796.4,6,0,0
64524,214,1798,2,4,1260.0,12687.1,1,0,0
3601253,2149,1580,0,0,79.1,20265.7,7,0,0
581158,1978,1938,2,4,5100.0,44115.9,1,0,0
744871,2542,1550,2,4,14.6,24579.7,6,0,0
467694,1591,1898,2,4,57300.0,63317.7,1,0,0
683639,2333,1856,2,4,14.6,20933.6,6,0,0
3302970,10973,2006,2,4,30.0,90914.4,6,0,0
3104124,10297,1530,0,3,21027.0,50374.6,1,0,0
3568972,1161,788,0,0,64.7,13688.9,7,0,0
1167629,4000,993,2,4,6700.0,40420.0,1,0,0
137930,462,1408,0,3,20775.0,49308.0,1,0,0
833691,2838,312,2,4,29300.0,58899.7,1,0,0
3609478,2404,2068,0,0,100.4,16186.7,7,0,0
725539,2483,1923,0,3,23554.0,54742.1,1,0,0
3676189,6400,1307,0,0,209.0,28517.6,7,0,0
505093,1725,2152,2,4,8700.0,34669.7,1,0,0
624799,2132,1825,2,4,14.6,47237.0,6,0,0
154763,518,1641,2,4,14.6,22863.9,6,0,0
3657246,3837,1094,0,0,184.1,40520.8,7,0,0
656808,2244,1889,2,4,5300.0,20957.5,1,0,0
548332,1867,1165,0,3,24930.0,68162.5,1,0,0
2944345,9750,890,1,4,12744.0,22538.2,1,0,0
69114,230,1684,2,1,1058.0,34152.4,3,6,3922403
1877,8,1526,0,3,20475.0,50979.3,1,0,0
826759,2816,1764,2,4,14.6,51672.6,6,0,0
110979,375,1472,2,1,3824.0,21073.1,5,6,32626718
335342,1139,1681,2,4,27000.0,84221.4,1,0,0
660193,2253,1764,2,4,700.0,26472.7,1,0,0
3570948,1226,1672,0,0,95.7,22915.2,7,0,0
305857,1042,907,0,3,2500.0,30081.0,1,0,0
526947,1798,2169,2,1,4316.0,50806.1,3,13,15383804
3018213,10001,907,0,3,800.0,25526.0,1,0,0
1074047,3670,310,0,2,4442.0,24211.2,2,8,22552919
1204622,4121,1758,2,4,19700.0,32332.3,1,0,0
1305501,4458,2018,2,4,3600.0,25547.2,1,0,0
998248,3408,1345,2,4,4200.0,29477.8,1,0,0
12200,40,730,2,4,2700.0,29655.8,1,0,0
1083830,3701,2068,2,4,14.6,53370.6,6,0,0
361131,1227,1347,0,3,13405.0,32094.3,1,0,0
601023,2046,1920,2,1,1647.0,17581.7,0,3,49969434
472174,1606,1534,0,3,1100.0,33425.5,1,0,0
985467,3361,657,2,4,2100.0,30134.3,1,0,0
3466085,3510,1125,0,0,124.4,30253.1,7,0,0
2434733,8027,1712,2,4,8000.0,73972.8,1,0,0
3569994,1196,1945,0,0,200.0,47963.9,7,0,0
165361,553,1172,0,3,800.0,36659.8,1,0,0
805570,2745,2042,2,1,1465.0,30479.2,3,6,40470147
346097,1173,1532,2,1,1352.0,16990.2,1,1,55954945
773084,2639,829,2,1,8633.0,24269.6,5,7,93859052
2675954,8856,923,2,4,1700.0,23760.2,5,0,0
2094817,7099,1733,2,4,14.6,40701.1,6,0,0
1310103,4473,1791,2,4,4920.0,53500.0,1,0,0
198953,675,1101,2,4,14400.0,20212.7,1,0,0
238534,815,1335,2,4,300.0,16523.9,1,0,0
3644415,3458,1276,0,0,62.0,15489.3,7,0,0
1211120,4144,1471,2,4,5100.0,22054.0,1,0,0
139514,467,736,2,1,2895.0,10916.8,0,1,73301529
73181,243,1382,2,1,3067.0,38169.8,5,4,73269855
180470,611,1841,2,4,2250.0,15359.2,1,0,0
227415,773,677,2,4,900.0,33722.7,0,0,0
13586,45,2006,2,4,14.6,29058.2,6,0,0
177856,601,1895,2,1,2230.0,17473.3,5,10,62110066
402999,1372,1976,2,4,14.6,66553.8,6,0,0
3146050,10440,735,0,3,200.0,24599.9,1,0,0
249700,857,2051,2,1,3019.0,21713.3,5,1,51452183
694900,2377,1015,0,2,4393.0,20077.2,2,1,86304866
217901,741,1716,0,3,1300.0,65527.6,1,0,0
265403,907,740,0,2,3178.0,33195.5,1,2,90560471
3622702,2788,1945,0,0,90.2,26270.1,7,0,0
3557426,827,1491,0,0,70.0,14229.7,7,0,0
995145,3394,1518,2,4,1840.0,23993.2,1,0,0
3593563,1909,1399,0,0,76.3,17685.6,7,0,0
739894,2527,1064,0,3,11057.0,87444.5,1,0,0
3043681,10093,546,0,3,800.0,800.0,1,0,0
1049757,3591,1477,2,4,6600.0,19350.2,1,0,0
1059990,3623,1989,2,1,2490.0,16506.6,5,8,63441431
3503691,8784,1611,0,0,95.8,30337.3,7,0,0
368983,1254,1236,2,4,34300.0,65435.0,1,0,0
533095,1815,136,0,3,5500.0,23904.0,1,0,0
190425,647,1776,2,1,6465.0,48341.6,5,11,41266620
503167,1715,2006,2,4,14.6,20358.2,6,0,0
294999,1006,128,2,4,2600.0,23042.9,1,0,0
799367,2725,1672,2,4,19200.0,43038.0,1,0,0
811469,2764,2074,0,3,16571.0,73275.3,1,0,0
26084,86,1165,0,2,3243.0,17910.3,1,10,93896942
1524011,5194,1096,2,4,4500.0,45720.7,1,0,0
3445410,347,1825,0,0,241.0,39829.1,7,0,0
894260,3049,1984,2,1,1961.0,56783.2,5,8,65114086
1603601,5445,1777,2,1,1439.0,30775.7,0,5,80277055
384013,1305,1742,0,3,10239.0,80085.2,1,0,0
897762,3059,1770,0,3,22645.0,73012.0,1,0,0
506480,1730,886,0,2,6689.0,40510.9,2,10,43294817
17110,58,2071,2,4,2300.0,11395.5,5,0,0
1214959,4159,746,0,3,400.0,21719.3,1,0,0
3669007,5126,1825,0,0,135.2,30307.5,7,0,0
1039872,3555,1733,2,4,14.6,41236.7,6,0,0
3458365,10788,1368,2,4,10.7,621.2,4,0,0
1272493,4352,555,2,1,3710.0,39706.6,5,3,6195903
1119835,3825,1817,2,4,2500.0,14178.4,1,0,0
69377,231,1632,2,4,1530.0,17115.5,1,0,0
1535007,5228,1075,2,1,7242.0,60469.9,8,8,7177615
1197395,4099,2112,2,1,1926.0,44315.2,5,1,31954735
757048,2582,1054,2,4,17500.0,44956.5,1,0,0
2938279,9731,1312,0,2,18964.0,41495.1,1,12,76556020
1230993,4214,1400,1,4,15344.0,27226.1,1,0,0
170446,572,1438,2,1,960.0,40355.0,0,3,76923572
495198,1688,2037,2,4,14.6,24036.2,6,0,0
1307055,4463,1373,2,4,2900.0,35352.7,1,0,0
3447237,1787,698,0,0,195.5,65011.1,7,0,0
1045854,3576,2186,2,4,1400.0,30597.9,1,0,0
940739,3211,2139,2,4,1320.0,17825.7,1,0,0
681476,2326,1033,2,4,14.6,19040.3,6,0,0
3026933,10036,714,2,4,4500.0,23959.2,1,0,0
1244990,4259,1831,2,1,2255.0,34657.8,0,1,40486842
74219,245,2078,1,4,16295.0,46633.0,1,0,0
349620,1187,1835,2,4,2320.0,39240.2,1,0,0
622801,2124,886,2,1,287.0,25454.0,0,6,31666642
973064,3316,340,0,3,22998.0,57512.2,1,0,0
1644172,5574,1174,2,4,4900.0,44320.2,1,0,0
3466868,3662,1794,0,0,189.5,49106.5,7,0,0
871326,2968,1974,1,4,7428.0,30892.5,1,0,0
3454392,7203,1550,0,0,25.6,5845.7,7,0,0
254368,873,2081,0,3,6944.0,14224.5,1,0,0
437326,1485,1856,2,4,14.6,93821.4,6,0,0
107656,365,1465,2,1,5.0,16443.3,3,11,12044257
319757,1092,1109,2,4,2900.0,29339.6,1,0,0
852905,2906,2108,2,4,7400.0,29323.9,1,0,0
272087,931,954,2,1,1151.0,31110.3,0,8,98647319
3643820,3436,1764,0,0,115.1,28276.2,7,0,0
951211,3243,887,0,2,6873.0,27800.7,2,10,61227506
917035,3127,921,0,3,16687.0,61398.4,1,0,0
3511638,9484,1945,0,0,68.7,16460.9,7,0,0
2780191,9201,1856,2,4,14.6,27867.4,6,0,0
1101136,3760,372,0,3,4200.0,26118.4,1,0,0
558191,1898,1770,2,4,5600.0,14041.4,1,0,0
308283,1051,1594,0,3,12888.0,48120.9,1,0,0
219199,744,1174,2,4,3000.0,18722.0,1,0,0
3655810,3792,1945,0,0,58.3,14162.4,7,0,0
46546,155,1259,0,3,6724.5,23561.6,1,0,0
1105226,3776,1833,2,1,4739.0,67529.3,5,5,41931992
3670558,5385,1276,0,0,147.3,38186.5,7,0,0
625894,2137,468,2,4,14700.0,36424.2,1,0,0
3607730,2352,1002,0,0,208.0,44130.4,7,0,0
303191,1032,1830,0,2,49765.0,81806.6,1,4,43027007
115091,389,643,2,1,3280.0,23322.3,0,12,25948596
1237867,4237,922,0,3,31670.0,110961.1,1,0,0
644532,2201,1199,0,2,3144.0,20726.2,1,10,97430163
113829,384,1976,2,4,30.0,103734.9,6,0,0
1083272,3699,1215,2,4,14.6,31343.7,6,0,0
751252,2562,1154,2,4,14.6,15141.2,6,0,0
458665,1559,1935,2,4,14000.0,45086.5,1,0,0
3594519,1937,576,0,0,70.2,17365.5,7,0,0
834675,2840,1643,2,4,55000.0,54586.9,1,0,0
452513,1538,1665,0,3,13121.0,34047.1,1,0,0
877949,2990,1714,2,4,1200.0,31952.8,1,0,0
1138152,3890,1837,2,4,840.0,44241.8,1,0,0
392097,1333,1391,2,4,4000.0,16561.7,1,0,0
3533966,104,1154,0,0,87.6,21474.6,7,0,0
416808,1414,1102,2,1,1817.0,34065.6,3,13,13936388
1580617,5372,1267,2,4,24800.0,73214.5,1,0,0
798582,2721,2129,2,4,14.6,20496.8,6,0,0
573485,1951,2143,2,1,2441.0,65025.9,3,4,34857571
540596,1837,1254,2,4,12900.0,55866.0,1,0,0
420785,1427,1070,0,3,18207.0,39014.1,1,0,0
459312,1562,1347,2,1,1933.0,18903.4,5,3,14241010
169258,567,2178,0,3,21486.0,54113.5,1,0,0
3386887,11244,1744,0,3,14224.0,41425.8,1,0,0
1544619,5256,478,0,3,24704.0,82206.3,1,0,0
2034949,6897,1933,0,3,48535.0,133458.6,1,0,0
404758,1378,703,2,1,1347.0,44865.3,0,3,29417294
3638182,3254,1491,0,0,121.8,25346.1,7,0,0
3207540,10645,1647,0,2,49260.0,87224.5,1,2,95630412
511538,1750,165,2,4,4400.0,70596.8,1,0,0
3648101,3575,1460,0,0,146.9,32692.4,7,0,0
3555217,750,1338,0,0,189.2,41078.0,7,0,0
250913,861,827,2,1,478.0,22428.3,0,5,36303168
1599363,5429,1468,0,3,8879.0,17399.8,1,0,0
3213641,10663,761,0,3,5600.0,23498.6,1,0,0
1096437,3747,1014,2,1,6365.0,18628.5,8,7,80613380
218553,743,1221,0,2,4440.0,26466.3,2,6,14418650
2931725,9707,665,2,4,9300.0,4475.9,1,0,0
588078,2001,773,2,4,15500.0,41728.1,1,0,0
3682306,5927,1460,0,0,61.1,20914.1,7,0,0
3604363,2245,1002,0,0,244.7,58792.4,7,0,0
668050,2281,1988,0,3,21694.0,40238.3,1,0,0
818672,2787,1921,2,4,17600.0,46376.8,1,0,0
447749,1520,1099,2,4,1200.0,28507.5,1,0,0
2730142,9031,2045,0,3,5000.0,22383.7,1,0,0
1215660,4161,903,2,4,12900.0,37694.8,1,0,0
270354,926,1810,2,4,500.0,23816.1,1,0,0
2095484,7101,1312,2,4,8800.0,38829.0,1,0,0
597480,2033,1945,2,4,14.6,30510.8,6,0,0
297612,1016,986,0,3,21231.0,65261.5,1,0,0
1208593,4134,1438,2,1,5932.0,22130.7,5,12,37454885
19119,65,1951,0,3,24590.0,58351.0,1,0,0
47574,160,1160,2,1,2374.0,37755.7,5,9,52787989
1166688,3998,1325,2,4,13400.0,43191.4,1,0,0
9891,34,2079,2,1,6070.0,63705.2,0,5,58999049
2267855,7485,801,0,2,22799.0,40766.0,1,6,17457235
154093,517,1074,0,3,35632.0,61612.6,1,0,0
242836,831,1794,2,4,14.6,13474.3,6,0,0
238440,815,1468,2,1,1949.0,17060.2,1,7,93358599
965931,3291,2168,2,4,3280.0,14303.0,1,0,0
3488406,7445,395,0,0,78.1,27713.3,7,0,0
343770,1166,588,2,1,3105.2,53434.7,8,2,62584346
1018719,3480,1855,2,4,500.0,36751.8,1,0,0
236904,809,1536,2,4,720.0,16438.9,1,0,0
580738,1976,2043,2,1,2157.0,34023.3,0,12,33949554
1262696,4318,2014,2,1,13396.0,99401.6,5,6,13522321
3539385,269,1460,0,0,113.2,27456.7,7,0,0
2628080,8688,2098,2,4,14.6,44655.6,6,0,0
3440429,1060,1794,0,0,301.6,52712.1,7,0,0
2371746,7819,1145,2,4,3100.0,18885.5,1,0,0
163176,545,1222,0,3,11446.0,40593.8,1,0,0
2407891,7944,1011,0,3,20568.0,71624.9,1,0,0
612936,2088,1983,0,3,7292.0,24063.2,1,0,0
199489,677,1986,2,4,32000.0,45967.1,1,0,0
260207,891,2142,0,2,5997.0,43271.9,2,5,18260264
32224,104,247,0,2,3063.0,15815.0,1,13,13231766
551251,1877,748,2,4,1680.0,29328.8,1,0,0
804175,2740,1480,2,4,1400.0,36098.0,1,0,0
913266,3113,1835,0,3,24521.0,133134.4,1,0,0
689545,2355,1460,2,4,14.6,57039.3,6,0,0
1935798,6555,1491,2,4,30.0,47550.7,6,0,0
3639889,3302,1399,0,0,98.0,24402.3,7,0,0
3476712,8742,1825,0,0,124.0,27622.3,7,0,0
782293,2666,242,2,4,14.6,16177.6,6,0,0
319082,1089,1215,2,4,14.6,38126.6,6,0,0
3549138,559,1246,0,0,72.2,18500.8,7,0,0
3586141,1691,1276,0,0,67.9,16528.0,7,0,0
368219,1251,1018,2,4,4900.0,26571.0,1,0,0
396481,1349,1254,0,2,6529.0,25999.5,2,6,44228279
921446,3141,1283,0,2,10870.0,39462.3,1,3,70251357
1488338,5072,2081,2,1,1863.0,44107.2,5,2,10877579
2068776,7011,299,0,3,41347.0,41547.0,1,0,0
713368,2437,1840,2,4,690.0,15455.5,1,0,0
366804,1247,758,2,4,6300.0,15829.9,1,0,0
821077,2796,2119,2,5,6300.0,70587.6,1,0,0
686655,2345,558,0,2,19969.0,37635.6,1,4,67992108
3459193,18,395,0,0,42.7,28944.7,7,0,0
866507,2950,1621,2,1,8653.0,12177.0,5,9,59668195
844344,2874,1713,2,4,900.0,12988.6,1,0,0
2343736,7733,1840,1,4,10969.0,71389.0,1,0,0
3584971,1662,1884,0,0,218.3,56809.1,7,0,0
228292,775,1227,2,1,1168.0,47023.7,5,3,6431270
1501955,5120,760,2,4,14.6,16797.5,6,0,0
545569,1856,1222,2,1,725.0,24567.3,1,7,85599320
651272,2226,1800,2,1,40.0,27865.5,5,9,54863834
916282,3124,1284,0,3,15032.0,45110.0,1,0,0
1035729,3542,2014,2,1,2267.0,25476.8,1,10,15109885
2026471,6866,2005,0,3,1900.0,4061.8,1,0,0
3448931,3273,1307,0,0,154.7,35031.4,7,0,0
108516,368,863,0,3,8414.0,23456.6,1,0,0
65498,218,1721,1,4,18563.0,20427.5,1,0,0
3614006,2527,1338,0,0,431.7,83066.9,7,0,0
458552,1559,1304,2,4,3240.0,46236.3,1,0,0
912669,3112,857,0,3,14282.0,107194.5,1,0,0
1140491,3898,672,2,4,5300.0,24503.8,1,0,0
1130197,3862,1848,1,4,22304.0,85072.5,1,0,0
3567160,1115,1399,0,0,67.3,16131.1,7,0,0
479354,1634,519,0,3,500.0,500.0,1,0,0
744660,2542,2015,2,1,2637.0,14134.6,0,1,12512219
3621187,2741,1733,0,0,204.3,45306.0,7,0,0
3679700,7049,2098,0,0,211.8,46688.6,7,0,0
376178,1281,1862,2,4,3900.0,44444.2,1,0,0
39367,127,1063,2,4,14.6,15721.4,6,0,0
213926,726,916,0,3,5546.0,25819.9,1,0,0
3629215,2981,1976,0,0,59.8,15005.2,7,0,0
3431109,11382,2169,0,2,46248.0,87362.4,1,9,62510245
888578,3030,906,2,4,960.0,15923.5,1,0,0
551696,1878,770,2,4,4900.0,31582.8,1,0,0
493872,1684,576,2,4,30.0,75698.4,6,0,0
694410,2375,2141,2,1,279.0,82674.7,5,11,68029534
1127763,3852,1983,2,4,2080.0,18606.4,1,0,0
915384,3120,1952,2,4,2080.0,26101.1,1,0,0
832231,2834,1528,2,1,431.0,43246.1,3,7,78759455
60334,201,1409,2,4,2100.0,38491.8,1,0,0
94571,321,1004,2,4,600.0,24814.5,1,0,0
838127,2852,1638,0,3,2700.0,33200.0,1,0,0
386747,1314,1086,2,4,9300.0,28988.3,1,0,0
2044730,6930,1383,2,4,900.0,54775.4,1,0,0
294406,1005,2093,0,3,12900.0,73586.2,1,0,0
542993,1847,2143,2,1,1815.0,58355.1,5,7,59477126
956618,3260,761,0,3,40141.0,90332.8,1,0,0
105024,358,2172,2,1,27.0,20463.6,3,10,94764554
1055193,3609,621,0,3,20987.0,54686.2,1,0,0
3552722,676,1125,0,0,118.2,29704.5,7,0,0
709987,2428,1750,2,4,13000.0,29260.1,1,0,0
745832,2545,2016,2,1,671.0,16782.2,0,10,28254646
1211080,4144,1601,0,3,20509.0,69519.2,1,0,0
1105355,3776,1624,2,4,7900.0,43258.0,1,0,0
999706,3413,1346,2,1,247.0,57645.3,3,12,78589880
269665,924,1744,2,1,1904.0,14786.8,0,7,71253311
274293,940,1302,1,4,8576.0,76629.8,1,0,0
3503612,8776,668,0,0,33.0,30700.0,7,0,0
1531477,5215,816,2,4,1800.0,28716.0,1,0,0
114045,385,741,2,1,31.0,26355.4,0,10,91164779
1112804,3800,1945,2,4,14.6,14046.9,6,0,0
3094542,10266,607,0,3,29287.0,35189.1,1,0,0
3588572,1771,2068,0,0,124.5,32837.1,7,0,0
439121,1493,407,2,1,2264.0,17155.0,5,3,95543610
3468266,4055,1733,0,0,145.9,38725.7,7,0,0
1013760,3466,1772,0,3,24051.0,74839.9,1,0,0
275198,942,857,0,3,900.0,22844.7,1,0,0
132902,445,729,2,4,30.0,30661.0,6,0,0
384376,1306,1108,2,1,5023.0,36129.9,5,13,36806219
474924,1618,1921,2,1,2265.0,24564.7,5,3,1680028
574292,1955,1738,0,2,2946.0,15507.2,1,9,9440541
585578,1993,1703,2,4,14.6,73027.6,6,0,0
374044,1273,1307,2,4,14.6,44370.8,6,0,0
154739,518,910,2,4,14.6,23294.5,6,0,0
198892,675,1954,2,1,6358.0,53322.9,5,7,74623369
3578916,1476,515,0,0,93.4,22772.6,7,0,0
58149,194,2129,2,4,14.6,26327.4,6,0,0
572296,1947,1094,2,4,14.6,38081.0,6,0,0
601752,2050,674,0,3,16411.0,50557.5,1,0,0
3496818,8129,484,0,0,162.7,35752.5,7,0,0
296169,1010,1270,2,4,27500.0,48540.3,1,0,0
1045265,3575,679,0,3,7605.0,36474.2,1,0,0
351202,1193,1261,2,4,5880.0,28050.8,1,0,0
795949,2711,498,2,4,14500.0,36803.8,1,0,0
3650211,3633,2159,0,0,186.8,43169.9,7,0,0
1291725,4414,1246,2,4,14.6,32369.3,6,0,0
3666110,4631,1641,0,0,163.9,32625.5,7,0,0
3622501,2779,607,0,0,215.7,49275.4,7,0,0
581148,1978,1623,2,1,5700.3,72439.1,8,6,82303452
1053177,3602,1839,2,5,3300.0,26974.4,1,0,0
782316,2666,941,2,4,14.6,18429.9,6,0,0
2068885,7011,380,2,4,13500.0,5345.8,1,0,0
3647171,3546,2129,0,0,296.8,63252.9,7,0,0
3493941,7907,1338,0,0,81.5,22556.4,7,0,0
963286,3283,892,2,1,8720.0,17777.9,5,6,5958080
768045,2622,1988,0,3,500.0,56396.0,1,0,0
2747222,9093,1528,2,1,1311.0,59061.1,5,1,28652066
1042783,3566,1672,2,4,14.6,20878.5,6,0,0
411005,1399,1265,0,3,6000.0,19883.0,1,0,0
378069,1286,1519,2,4,100.0,49829.6,6,0,0
2373125,7824,2104,2,1,1525.0,56211.8,0,4,44470602
954471,3254,1458,2,4,2240.0,32138.0,1,0,0
1177034,4035,565,2,4,14400.0,43819.0,1,0,0
851733,2902,1227,2,4,15500.0,30196.3,1,0,0
272304,931,1248,2,4,5880.0,21946.6,1,0,0
553768,1885,1417,0,3,1900.0,22003.5,1,0,0
3455043,7828,1611,0,0,157.5,39358.7,7,0,0
3567707,1127,1976,0,0,374.9,92291.6,7,0,0
1122474,3834,1122,2,4,1920.0,21395.2,1,0,0
3594784,1943,1764,0,0,171.2,41136.5,7,0,0
1282083,4385,1736,2,4,29100.0,42469.9,1,0,0
765497,2615,1682,0,3,10402.0,37725.9,1,0,0
1040634,3558,1867,2,1,3231.0,53363.4,3,4,98339360
789852,2694,314,2,1,3532.0,46036.2,5,10,95437645
3538583,239,1491,0,0,228.8,37808.7,7,0,0
3637624,3241,423,0,0,56.7,14003.3,7,0,0
3637035,3225,1611,0,0,221.9,55513.9,7,0,0
687492,2347,2047,0,2,6498.0,30999.9,2,4,97071051
366941,1247,548,2,4,6200.0,36157.8,1,0,0
655197,2240,1703,2,4,14.6,39441.6,6,0,0
619460,2114,1978,2,4,4600.0,13764.1,1,0,0
1038047,3551,1221,0,2,3288.0,33480.0,1,9,81046956
839178,2857,1878,0,3,14400.0,28519.1,1,0,0
458854,1560,1847,2,4,2400.0,26075.3,1,0,0
96872,331,1350,2,1,3528.0,26076.8,5,11,55443829
296702,1012,1501,0,2,24545.0,37441.1,1,4,7608801
382429,1299,1437,0,2,3913.0,17798.9,1,2,49405068
335759,1142,2078,0,2,3116.0,28787.8,1,11,91938298
834009,2839,2140,2,1,4885.0,51433.8,0,6,46831309
199068,675,1694,0,3,2700.0,46343.8,1,0,0
855438,2915,1560,0,2,47983.0,118285.7,1,2,9798497
3541051,319,1399,0,0,254.7,59693.4,7,0,0
1045518,3575,1764,2,4,14.6,33604.3,6,0,0
86701,290,1745,2,1,2577.0,43347.1,8,13,60961633
1049606,3590,2148,2,4,13000.0,23405.9,1,0,0
1787348,6062,1822,2,4,6900.0,25566.1,1,0,0
1135531,3881,1625,0,3,10142.0,23790.8,1,0,0
3232514,10728,2129,2,4,14.6,36201.0,6,0,0
222434,756,1972,0,3,1300.0,72496.0,1,0,0
543231,1848,2111,2,1,3473.0,26129.1,5,6,94460415
869753,2962,1713,0,3,16173.0,68009.5,1,0,0
160858,539,136,0,3,3600.0,20900.0,1,0,0
310911,1059,1892,2,1,1914.0,19164.9,0,10,66466748
125093,421,1920,0,3,8357.0,33460.5,1,0,0
375073,1276,1266,2,4,3500.0,34639.7,1,0,0
55381,186,368,0,3,11758.0,39533.9,1,0,0
63001,208,1794,2,4,14.6,26410.0,6,0,0
96030,327,1110,2,4,4000.0,30125.9,1,0,0
3621278,2744,1794,0,0,108.1,16339.7,7,0,0
494436,1686,921,2,1,1532.0,21488.3,5,11,27540904
3442566,1464,1794,0,0,156.4,33648.6,7,0,0
395230,1344,1244,0,3,31892.0,47445.6,1,0,0
616477,2101,1986,2,4,1320.0,23601.3,1,0,0
3574844,1349,2037,0,0,57.4,14570.9,7,0,0
3595712,1970,1307,0,0,259.8,55959.1,7,0,0
1110354,3791,1526,2,1,1033.0,49141.5,3,7,4485118
898491,3063,1222,2,1,2330.0,33121.2,1,13,83163529
43284,145,1922,2,1,4815.0,58161.6,5,4,81546359
70429,235,1742,0,2,3324.0,25945.3,1,13,45648396
374469,1275,1803,2,1,1903.0,27275.2,5,5,30025339
3646546,3528,1338,0,0,144.8,30687.2,7,0,0
3638043,3251,1550,0,0,85.9,21163.2,7,0,0
682019,2327,1538,2,4,900.0,16289.2,1,0,0
3646471,3526,1550,0,0,196.1,50221.6,7,0,0
3611620,2469,1550,0,0,77.1,18951.9,7,0,0
215641,732,1836,2,4,2760.0,35002.3,1,0,0
580910,1977,1597,2,4,1600.0,28686.6,1,0,0
2472861,8159,1503,2,1,1552.0,39512.8,0,9,17476857
3680741,7190,788,0,0,104.8,27658.6,7,0,0
111722,377,1471,2,4,47100.0,69648.9,1,0,0
776936,2649,766,2,1,177.0,24265.1,3,10,86506151
3282319,10906,1924,0,3,48119.0,153703.5,1,0,0
3479844,9307,880,0,0,136.7,33006.4,7,0,0
981103,3348,2042,2,1,5787.0,67863.9,5,4,18148541
2567336,8475,1443,2,1,3833.0,33733.7,0,12,90749495
612357,2086,2036,2,4,39400.0,68695.9,1,0,0
902622,3075,1929,0,2,5054.0,27866.3,2,1,84573280
471491,1604,2159,2,4,14.6,45309.2,6,0,0
368970,1254,966,2,4,15200.0,41324.9,1,0,0
594335,2023,985,2,1,1684.0,57272.2,0,8,19809311
978308,3336,1925,2,4,1600.0,31275.4,1,0,0
480425,1637,2014,2,1,2569.0,18241.4,0,4,10736680
1116220,3812,910,2,4,14.6,20709.2,6,0,0
3676169,6397,1884,0,0,182.7,43425.7,7,0,0
3466567,3573,2190,0,0,114.5,26995.6,7,0,0
1963047,6649,1278,0,3,1400.0,27817.9,1,0,0
518046,1770,1378,0,3,21017.0,72994.7,1,0,0
130184,437,1562,0,3,21652.0,106602.7,1,0,0
1163689,3983,1733,2,4,14.6,30903.8,6,0,0
993949,3391,376,0,3,16980.0,46240.0,1,0,0
561874,1911,897,2,4,20100.0,44816.9,1,0,0
533919,1819,1620,0,3,10350.0,41440.2,1,0,0
653019,2232,1963,2,4,2640.0,51005.5,1,0,0
719072,2463,2048,2,1,3077.0,33974.7,5,13,79603081
2307873,7614,1161,0,2,40072.0,73336.2,1,8,40423691
572846,1949,703,2,1,107.0,32320.5,0,11,70580106
67186,223,1853,0,3,2000.0,25393.9,1,0,0
1020122,3483,1478,2,4,450.0,14133.7,1,0,0
1184879,4059,1450,2,4,1800.0,12711.0,1,0,0
285989,981,1053,2,4,16300.0,46076.3,1,0,0
2820504,9337,819,2,4,14.6,15298.2,6,0,0
363404,1235,2054,2,4,640.0,19448.4,1,0,0
2731023,9034,238,2,4,12800.0,33531.1,1,0,0
3542707,366,1519,0,0,184.3,45129.8,7,0,0
3660232,3933,1641,0,0,187.9,38798.9,7,0,0
96176,327,1952,2,4,9400.0,57583.4,1,0,0
883978,3011,385,2,4,150.0,13010.6,1,0,0
3333291,11069,1460,2,4,14.6,53360.7,6,0,0
3469849,4328,1399,0,0,139.4,34248.1,7,0,0
3650367,3638,1794,0,0,190.7,52994.7,7,0,0
134005,449,2013,2,1,164.0,20532.3,5,1,84388368
242269,829,1594,2,1,2120.0,16634.6,5,11,85781967
1061655,3628,2136,2,1,1791.0,54016.6,5,12,48774606
3588528,1771,729,0,0,117.9,30175.2,7,0,0
731830,2501,1617,2,1,745.0,46769.0,3,10,57752704
246358,846,2070,0,3,39722.0,136876.7,1,0,0
1649484,5591,1745,2,1,345.0,47221.7,3,8,87980109
114271,385,454,2,4,14.6,19590.7,6,0,0
63005,208,1915,2,4,14.6,26527.6,6,0,0
671498,2293,1837,0,2,6745.0,18792.9,2,3,62203752
3593361,1904,1338,0,0,110.8,26978.6,7,0,0
1466815,4995,1417,0,3,3000.0,39992.1,1,0,0
339566,1152,736,2,4,240.0,23306.0,1,0,0
446057,1515,1897,2,1,2907.0,57224.3,3,9,23320967
1074897,3673,1406,0,3,900.0,29873.7,1,0,0
2521843,8321,831,2,1,7041.0,21342.8,5,12,27547550
3635977,3196,1641,0,0,203.0,45099.3,7,0,0
743648,2539,1884,2,4,14.6,19698.0,6,0,0
410256,1397,543,2,4,16160.0,18868.0,1,0,0
384384,1306,1352,2,1,5023.0,26312.8,5,13,36806219
871206,2968,1806,0,2,53322.0,86386.5,1,13,40064066
3440042,994,1672,0,0,101.4,26753.2,7,0,0
3550709,615,1733,0,0,91.0,22221.7,7,0,0
170694,572,1307,2,4,14.6,45613.4,6,0,0
1466744,4995,972,2,4,30.0,53574.0,6,0,0
870249,2963,1647,2,1,5101.0,52884.3,5,5,31752610
719478,2464,1107,2,1,5555.0,5835.9,5,10,28556400
3136852,10411,1472,2,1,5142.0,67743.2,8,4,82482695
3564030,1013,1491,0,0,57.4,12497.9,7,0,0
191191,649,941,2,4,30.0,14272.8,6,0,0
1031919,3527,1505,0,3,24623.0,45806.1,1,0,0
678514,2318,2139,2,1,251.0,54507.0,0,5,71377277
214386,728,2045,2,1,1143.0,10683.9,5,13,24685102
128625,431,1764,2,4,11500.0,42371.0,1,0,0
156221,522,1945,2,4,14.6,10322.8,6,0,0
887603,3027,1533,0,2,4479.0,20542.6,2,10,96506100
210505,715,1983,2,1,1378.0,44974.7,3,7,31952321
133241,446,1796,2,4,4160.0,20302.6,1,0,0
3595346,1962,1429,0,0,263.3,60394.8,7,0,0
1035175,3539,910,2,4,14.6,16265.9,6,0,0
3476086,8566,1884,0,0,232.5,72815.6,7,0,0
526916,1798,1952,2,1,1687.0,49427.0,0,7,65253668
303066,1031,1500,2,4,600.0,31321.0,1,0,0
538526,1831,607,2,4,14.6,18211.1,6,0,0
833938,2839,1442,2,1,3157.0,60424.5,5,2,85834467
749041,2554,2078,2,1,7607.0,59812.4,5,2,41483783
625261,2134,2159,2,4,14.6,44776.9,6,0,0
784172,2672,1709,2,1,2111.0,9972.1,5,8,87283455
363945,1237,1014,0,3,34595.0,98834.1,1,0,0
3543981,406,2129,0,0,61.7,14235.4,7,0,0
3467160,3797,1825,0,0,100.8,26911.4,7,0,0
1243586,4254,2103,2,4,1750.0,22359.0,1,0,0
3123865,10365,1672,2,4,14.6,29474.3,6,0,0
48688,163,1442,0,2,6698.0,38294.8,2,13,76209622
530894,1809,1368,2,4,30.0,31877.0,6,0,0
1468146,5001,1764,0,3,34917.0,114952.9,1,0,0
1291003,4413,585,2,1,7802.0,12967.5,5,11,8759522
3460885,2036,1856,0,0,95.3,26848.4,7,0,0
1910459,6472,1224,2,4,2400.0,44600.6,1,0,0
520716,1778,1486,2,4,2160.0,34069.0,1,0,0
153622,515,923,0,2,4126.0,16314.4,2,9,25254559
1106501,3779,1611,2,4,14.6,41029.1,6,0,0
566502,1928,1941,0,3,3900.0,30170.7,1,0,0
908340,3094,713,2,4,9200.0,37108.9,1,0,0
832673,2835,2115,2,4,1400.0,15403.8,1,0,0
142041,475,1952,2,4,800.0,14572.6,1,0,0
3575736,1380,1945,0,0,120.3,28048.8,7,0,0
3597965,2035,2068,0,0,191.1,40359.0,7,0,0
778120,2652,2080,0,3,21013.0,51873.8,1,0,0
460280,1565,1852,0,3,15300.0,38323.8,1,0,0
1555565,5290,1993,0,3,31386.0,35667.4,1,0,0
527154,1799,1550,2,4,14.6,17297.1,6,0,0
10717,36,977,2,1,4069.0,50983.6,5,2,80693810
892484,3042,521,2,1,2884.0,29252.1,5,11,51078170
622149,2122,663,2,4,62700.0,95261.1,1,0,0
747513,2550,1677,2,1,6828.0,52210.2,5,1,94691901
436352,1482,1825,2,4,14.6,61777.5,6,0,0
3566298,1086,1884,0,0,72.9,17801.9,7,0,0
3218299,10679,1806,2,1,6670.0,83115.4,5,11,90083878
1208862,4134,841,2,4,9400.0,28251.9,1,0,0
30769,100,2073,0,3,11891.0,66801.8,1,0,0
248190,853,1672,2,4,14.6,37749.8,6,0,0
51124,172,887,0,3,33584.0,68470.5,1,0,0
663758,2267,1525,0,3,28694.0,88942.7,1,0,0
308243,1051,378,0,3,12888.0,45848.3,1,0,0
1159426,3970,1921,2,1,8957.0,40246.6,5,10,15046972
2579414,8519,2141,1,4,8248.0,58064.3,1,0,0
207389,704,1589,2,1,2141.0,32541.0,5,5,15132719
780305,2660,1009,0,3,4000.0,11738.9,1,0,0
455154,1545,1794,2,4,14.6,70395.8,6,0,0
948110,3231,1801,2,4,2240.0,24816.0,1,0,0
20663,68,1628,2,4,9300.0,98508.3,1,0,0
3631263,3049,668,0,0,45.8,16039.3,7,0,0
1104709,3774,1637,2,4,7100.0,30634.5,1,0,0
101702,346,580,0,3,3800.0,26717.7,1,0,0
280335,960,1746,2,1,5940.0,76251.6,5,2,19250178
3668616,5066,1580,0,0,252.2,44007.6,7,0,0
505578,1726,1496,2,1,115.0,17532.6,0,11,65941238
325942,1114,382,0,3,15153.0,39236.2,1,0,0
31536,102,1814,2,4,5700.0,14813.3,1,0,0
804770,2742,1190,0,3,15541.0,51083.9,1,0,0
904831,3084,1319,2,4,8100.0,15218.4,1,0,0
313462,1070,1559,0,3,16417.0,43029.7,1,0,0
443691,1509,2049,2,1,4943.0,22992.7,5,3,43322950
1401636,4774,2098,2,4,14.6,52016.2,6,0,0
1052919,3601,1117,2,4,1840.0,27082.2,1,0,0
1207349,4131,1168,0,3,40606.0,65896.3,1,0,0
678507,2318,1925,2,1,251.0,52068.6,0,5,71377277
449916,1530,1320,0,2,5550.0,28523.8,2,12,1682967
409668,1395,1525,2,1,3432.0,17833.3,5,10,54942530
2521573,8320,1865,0,2,30967.0,46706.7,1,9,91806137
1595987,5422,1107,2,1,2320.0,32631.3,0,12,95722668
285596,980,1646,2,1,2889.0,37350.7,0,3,4869163
782824,2668,1831,0,3,14826.0,52711.4,1,0,0
3564433,1024,1641,0,0,15.5,6848.9,7,0,0
435469,1479,1333,0,3,1600.0,31401.9,1,0,0
2910895,9640,1211,2,4,2200.0,37381.3,1,0,0
1138884,3892,759,2,4,540.0,11025.1,1,0,0
2583196,8533,1822,1,4,17599.0,48864.4,1,0,0
3601238,2148,1884,0,0,54.9,13915.2,7,0,0
3580157,1510,1550,0,0,180.6,46528.9,7,0,0
1011019,3455,1719,1,4,16860.0,26466.9,1,0,0
1134764,3878,1320,2,1,216.0,16134.9,5,8,23655247
409389,1394,863,2,1,646.0,31659.0,0,10,14472324
600791,2045,1928,2,1,1536.0,20540.8,5,3,65556877
309855,1055,1829,2,4,300.0,18788.4,1,0,0
741839,2533,1923,0,3,4058.0,36201.0,1,0,0
3632491,3087,1611,0,0,70.9,16127.9,7,0,0
917393,3127,1089,2,4,8100.0,46466.8,1,0,0
105897,361,586,2,1,1388.0,71230.3,0,10,59163767
2969089,9833,1807,2,1,5915.0,53205.2,0,3,18397510
523870,1787,789,1,4,22649.0,33890.6,1,0,0
637241,2176,1503,2,1,8307.8,13479.9,8,7,81908911
3559799,892,303,0,0,126.3,30278.4,7,0,0
694244,2374,2098,2,4,14.6,28930.0,6,0,0
3232194,10728,1224,0,2,19329.0,57179.9,1,12,2606690
2442770,8051,2167,2,4,30100.0,23702.3,1,0,0
233098,793,1988,2,1,1212.0,14130.8,1,2,41663390
1203810,4119,1115,2,4,400.0,23010.1,1,0,0
467909,1592,2043,2,1,1613.0,71349.0,0,4,84782951
943387,3218,1684,2,1,667.0,16886.3,0,11,42386043
581902,1979,1063,2,4,1080.0,23408.4,1,0,0
1047566,3582,1611,2,4,14.6,19637.4,6,0,0
892799,3042,1338,2,4,11600.0,18057.6,1,0,0
684069,2335,1532,2,1,2036.0,9417.7,5,13,25760704
80674,270,2072,2,4,12100.0,71070.8,1,0,0
2627952,8688,1646,0,3,17636.0,47947.4,1,0,0
619749,2116,1405,2,1,1307.0,37890.2,5,3,86869412
3536073,169,1491,0,0,221.2,51475.9,7,0,0
3584655,1651,2098,0,0,332.4,73675.8,7,0,0
567516,1931,416,2,4,7400.0,28080.1,1,0,0
1056435,3612,910,2,4,14.6,19591.9,6,0,0
1058082,3617,1185,2,4,14.6,64640.9,6,0,0
950047,3238,1551,2,4,12100.0,25127.1,1,0,0
991510,3380,1423,2,4,1300.0,18920.2,1,0,0
443747,1509,1927,2,1,2320.0,17086.0,0,9,20525896
941570,3213,2013,2,1,1483.0,17314.4,1,1,80640691
1021242,3487,1503,2,1,324.0,52430.7,5,5,68540710
58438,196,772,2,1,1270.0,34678.9,5,7,84787642
3549446,570,2098,0,0,56.4,12448.4,7,0,0
82053,274,1580,2,4,14.6,41664.7,6,0,0
3470370,4385,1491,0,0,121.6,16736.1,7,0,0
1111783,3796,941,2,4,14.6,26349.3,6,0,0
2039131,6910,1456,2,4,6300.0,35008.9,1,0,0
3680650,7180,2129,0,0,219.0,53658.9,7,0,0
1033116,3532,1318,0,3,3300.0,13459.7,1,0,0
982663,3353,1856,2,4,14.6,20974.1,6,0,0
219938,747,940,0,3,3800.0,21856.0,1,0,0
3652544,3699,668,0,0,203.3,41139.7,7,0,0
1897704,6425,1617,2,4,1900.0,9812.3,1,0,0
587674,2000,1831,2,1,14.0,40535.8,3,1,32802260
874941,2980,1794,2,4,14.6,19847.4,6,0,0
2103007,7123,1550,2,4,100.0,25526.9,6,0,0
2028226,6872,1370,2,4,12000.0,52427.2,1,0,0
265231,905,1650,2,4,5900.0,21460.7,1,0,0
1128904,3857,1945,2,4,14.6,14087.4,6,0,0
816995,2782,1757,2,4,10800.0,58261.2,1,0,0
784069,2671,1997,0,3,7500.0,26428.6,1,0,0
1050282,3593,831,0,3,15787.0,43300.7,1,0,0
3475171,8411,1794,0,0,90.2,26368.4,7,0,0
415052,1410,1832,2,4,1600.0,76220.3,1,0,0
841357,2864,2105,0,3,14659.0,57032.8,1,0,0
3043877,10093,829,2,1,331.0,49554.9,0,12,57294940
844066,2873,1590,2,1,2925.0,51349.1,0,3,63152539
924764,3151,2166,2,4,11900.0,95577.7,1,0,0
953407,3251,1009,0,2,3032.0,15760.0,1,9,86782341
3566790,1104,1154,0,0,126.6,32068.5,7,0,0
2747384,9093,2080,2,1,3155.0,64298.7,8,8,60554724
531493,1811,891,2,1,4206.0,27315.8,5,10,37117743
956975,3260,484,2,4,14.6,44232.0,6,0,0
205532,698,1976,2,4,14.6,44403.9,6,0,0
806660,2749,510,0,3,8427.0,8827.0,1,0,0
1977860,6701,819,2,4,30.0,65524.3,6,0,0
261879,897,2067,0,3,33086.0,130868.1,1,0,0
588046,2001,1460,2,4,14.6,69030.2,6,0,0
310612,1058,1527,2,1,408.0,58470.5,0,12,54740381
89535,301,1477,2,4,930.0,14329.7,1,0,0
506079,1728,1709,0,3,8461.0,15465.8,1,0,0
3533263,81,2006,0,0,110.1,27411.3,7,0,0
3451821,5369,364,0,0,149.0,31650.2,7,0,0
2820523,9337,1399,2,4,14.6,34074.7,6,0,0
178767,604,1368,2,4,14.6,37469.8,6,0,0
522352,1782,607,2,4,14.6,27215.8,6,0,0
3437666,432,1033,0,0,137.6,32681.0,7,0,0
802644,2736,526,2,1,4604.0,38189.0,5,10,28956604
358997,1219,1537,2,4,1560.0,27768.3,1,0,0
519310,1773,1592,2,1,2877.0,13167.1,5,10,35383325
569374,1938,1496,0,3,24150.0,58127.5,1,0,0
841499,2864,1692,2,4,2040.0,21536.5,1,0,0
3031629,10049,1678,2,4,3840.0,13671.6,1,0,0
688406,2351,1920,2,1,9173.0,54805.9,5,9,91637825
3596931,2005,1794,0,0,122.0,26738.6,7,0,0
156824,524,673,2,4,2700.0,33641.2,1,0,0
3665370,4533,2190,0,0,366.8,88143.4,7,0,0
1295302,4423,1884,2,4,14.6,62779.0,6,0,0
968527,3301,1429,2,4,14.6,25554.6,6,0,0
125428,422,1415,2,4,26200.0,35324.8,1,0,0
812484,2768,983,2,4,3100.0,28699.7,1,0,0
1053576,3604,740,2,4,1520.0,30352.7,1,0,0
104555,357,2077,0,2,3103.0,25731.4,1,6,51268827
356690,1208,1950,2,1,4426.0,58043.6,5,10,82192122
3660145,3927,2129,0,0,151.6,38408.8,7,0,0
109076,368,396,0,3,200.0,24030.0,1,0,0
3566112,1080,607,0,0,147.5,33246.1,7,0,0
245803,844,1586,0,2,46773.0,74694.8,1,10,11884069
958874,3267,1505,2,1,6403.0,29656.0,5,9,85891317
298582,1018,618,2,1,1614.0,23961.8,5,7,21977925
1288124,4405,1856,2,4,12200.0,26538.6,1,0,0
439594,1495,369,0,3,24319.0,66145.4,1,0,0
12447,41,2140,2,4,1000.0,75233.2,1,0,0
962891,3281,1868,2,1,3594.0,13470.8,5,2,23259127
968876,3302,1405,2,1,57.0,24330.7,3,4,28717500
171913,576,862,2,1,3662.0,21703.8,5,8,71033382
363785,1236,2037,2,4,14.6,17181.1,6,0,0
384615,1306,900,2,4,16400.0,39708.1,1,0,0
2448847,8073,1321,2,1,11567.0,7637.8,0,5,4501516
3671834,5602,2098,0,0,262.6,56462.2,7,0,0
3557262,821,1429,0,0,119.0,28669.2,7,0,0
645544,2204,1950,0,3,5931.0,27140.9,1,0,0
168017,562,1325,0,3,1900.0,29316.6,1,0,0
745891,2545,1623,2,4,12500.0,20570.6,1,0,0
280724,961,1976,2,4,14.6,10550.9,6,0,0
90572,306,1100,2,4,1320.0,17366.1,1,0,0
3591463,1844,1307,0,0,123.5,30280.9,7,0,0
222299,755,2030,2,4,23600.0,47686.6,1,0,0
2363907,7795,1869,0,3,49845.0,87452.3,1,0,0
966262,3292,2068,2,4,14.6,21337.9,6,0,0
159752,535,673,2,4,800.0,43586.1,1,0,0
1219129,4173,602,0,3,39330.0,66599.6,1,0,0
3553166,688,1550,0,0,100.8,25263.9,7,0,0
755194,2576,1976,2,4,14.6,60574.9,6,0,0
1665620,5648,1624,0,3,1100.0,1100.0,1,0,0
793912,2705,1809,2,4,2700.0,39368.9,1,0,0
437941,1487,861,2,4,1350.0,21273.4,1,0,0
345285,1169,2127,1,4,20827.0,124136.2,1,0,0
2910653,9640,1501,2,1,4087.0,26697.1,0,4,37369465
3598809,2064,1825,0,0,96.7,23133.0,7,0,0
263328,900,1460,2,4,14.6,14229.1,6,0,0
3655314,3778,2129,0,0,370.3,92971.9,7,0,0
1158709,3967,1750,2,4,18100.0,60349.6,1,0,0
467453,1591,1829,0,3,48413.0,83800.3,1,0,0
943856,3220,1039,0,3,20611.0,68832.9,1,0,0
3055713,10131,1616,2,4,13500.0,22229.8,1,0,0
559761,1904,1825,2,4,14.6,40378.3,6,0,0
3047844,10105,668,2,4,14.6,31654.8,6,0,0
1977315,6699,1314,2,4,7300.0,29770.1,1,0,0
656790,2244,1259,2,4,3300.0,30050.2,1,0,0
1328675,4537,1825,2,4,30.0,107781.8,6,0,0
857241,2922,1726,2,4,11100.0,48133.4,1,0,0
304793,1039,1075,1,4,6154.0,45328.6,1,0,0
3444470,4995,1884,0,0,68.9,31729.0,7,0,0
3445712,539,1794,0,0,309.2,84776.5,7,0,0
261733,896,921,0,3,7700.0,18102.0,1,0,0
3564967,1047,910,0,0,139.6,36370.6,7,0,0
185289,628,1139,2,1,3028.0,37454.6,5,13,24106633
654783,2239,1197,2,1,405.0,33594.4,0,13,22235125
6586,26,2080,0,2,24802.0,43781.1,1,4,73418420
2108352,7136,1856,2,4,30.0,57144.7,6,0,0
255320,877,1648,2,1,1513.0,34987.5,0,2,26341355
496008,1691,1561,0,2,2901.0,16709.4,1,5,72301327
401250,1366,1728,2,4,3840.0,23737.0,1,0,0
434017,1475,1161,2,4,10800.0,30235.7,1,0,0
22016,72,1890,2,1,2286.0,29703.4,0,10,8297068
550288,1874,1400,2,4,1170.0,33697.4,1,0,0
1709392,5794,1772,0,3,19664.0,35221.0,1,0,0
550278,1874,537,2,4,780.0,21063.7,1,0,0
1080931,3691,647,2,1,3267.0,20154.6,5,1,56120270
748714,2553,2016,2,1,9687.0,34101.2,5,13,41427993
328475,1120,706,2,1,1195.0,22818.9,0,6,15175223
498203,1698,1890,2,1,9642.0,50422.0,5,11,6397009
652774,2231,1987,0,3,8127.0,17476.4,1,0,0
1177093,4035,2185,2,4,10500.0,84383.2,1,0,0
1140008,3896,1733,2,4,14.6,95803.3,6,0,0
555801,1891,1839,2,4,1800.0,69211.9,1,0,0
734710,2510,1641,2,4,14.6,41656.6,6,0,0
1111715,3796,1838,2,4,500.0,64505.2,1,0,0
3553129,688,423,0,0,66.9,23741.0,7,0,0
365252,1241,1703,2,4,14.6,12134.4,6,0,0
858561,2926,977,2,1,1093.0,37865.1,0,12,11561584
781327,2664,1120,2,4,1500.0,29803.8,1,0,0
1979029,6706,2108,0,3,13405.0,51991.6,1,0,0
237461,812,1745,0,3,19549.0,53905.3,1,0,0
3607177,2335,1856,2,4,13.1,847.1,4,0,0
1050854,3594,977,2,1,3483.0,86631.4,5,7,15711051
3588991,1780,1825,0,0,365.2,78411.1,7,0,0
1244697,4258,1417,2,4,36800.0,65126.3,1,0,0
3574120,1323,1764,0,0,226.0,58339.8,7,0,0
123566,415,364,2,4,14.6,28438.3,6,0,0
399289,1360,886,2,4,14900.0,59092.7,1,0,0
585087,1991,1870,2,1,341.0,23193.3,3,8,45115184
283721,974,668,2,4,14.6,46547.9,6,0,0
1108769,3786,1945,2,4,14.6,31821.1,6,0,0
3467080,3788,1368,0,0,221.7,54804.2,7,0,0
55392,186,378,0,3,8424.0,47957.9,1,0,0
3640043,3309,454,0,0,166.1,41531.9,7,0,0
3539158,261,1915,0,0,55.3,13398.7,7,0,0
221175,751,1525,0,2,4350.0,21528.9,2,11,59883838
2699111,8931,1485,0,3,5600.0,26264.0,1,0,0
1145902,3919,2021,2,4,4800.0,44793.6,1,0,0
882505,3007,2171,2,1,983.0,45691.3,5,2,27930361
316777,1080,1475,2,4,960.0,60596.3,1,0,0
88848,299,791,2,4,49200.0,68380.9,1,0,0
642785,2195,1081,2,4,4160.0,73156.5,1,0,0
307052,1047,1462,2,4,840.0,17562.0,1,0,0
2454055,8092,1380,2,1,6216.0,16190.8,5,10,92639082
1077904,3682,741,2,4,11360.0,15191.7,1,0,0
512021,1752,1837,2,4,1200.0,41165.3,1,0,0
3560869,922,1063,0,0,131.6,30055.7,7,0,0
739083,2524,1434,2,1,2550.0,14832.0,5,10,64186239
746593,2547,1257,0,3,36915.0,89962.2,1,0,0
1266427,4330,1976,2,4,14.6,29564.9,6,0,0
3652743,3704,545,0,0,104.7,25968.1,7,0,0
12716,42,1733,2,4,14.6,33811.7,6,0,0
837295,2849,1530,0,2,6677.0,25844.8,2,1,15285545
2370299,7815,1428,2,4,37400.0,60336.4,1,0,0
763612,2608,1530,0,3,8572.0,29853.0,1,0,0
646672,2209,1832,2,4,32600.0,47466.4,1,0,0
486609,1658,2006,2,4,14.6,20086.4,6,0,0
120106,403,1474,0,2,5563.0,61959.2,2,8,62789594
628720,2146,2019,2,1,3230.0,54377.1,0,1,64262807
1223571,4190,2110,0,3,11038.0,30869.1,1,0,0
729679,2494,1635,1,4,8554.0,35975.7,1,0,0
1273097,4354,1978,0,3,28651.0,37391.5,1,0,0
379066,1289,1443,0,3,35011.5,81581.0,1,0,0
86393,289,1452,2,4,2100.0,51539.0,1,0,0
983469,3355,1137,2,1,2575.0,31754.5,5,8,52532029
2393303,7894,1704,2,4,16100.0,52400.3,1,0,0
1401495,4774,1623,2,1,9689.0,56989.0,8,3,85673802
161180,540,751,2,4,3600.0,23166.1,1,0,0
20708,68,1368,2,4,100.0,73455.1,6,0,0
295242,1007,1826,2,4,500.0,37848.7,1,0,0
645784,2205,2098,2,4,14.6,21309.8,6,0,0
877653,2989,972,2,4,14.6,17691.0,6,0,0
477066,1626,1867,0,2,19776.0,46688.7,1,5,81949048
124093,417,2098,2,4,14.6,46098.4,6,0,0
206639,701,428,2,4,6800.0,34494.3,1,0,0
3440884,1122,1368,0,0,107.3,26236.9,7,0,0
631885,2157,1476,2,4,2640.0,24209.5,1,0,0
1083788,3701,788,2,4,14.6,26446.8,6,0,0
3077903,10202,1651,2,1,4880.0,36899.8,0,2,86462396
278808,954,1338,2,4,14.6,29441.4,6,0,0
105647,360,1460,2,4,14.6,54505.0,6,0,0
296960,1012,1976,2,4,14.6,42093.4,6,0,0
535730,1824,1701,2,4,13500.0,47906.5,1,0,0
975102,3322,1957,2,4,14400.0,24935.5,1,0,0
1138561,3891,1580,2,4,14.6,46742.0,6,0,0
247061,849,1622,2,4,12000.0,6271.6,1,0,0
206269,700,1945,2,4,14.6,40413.6,6,0,0
538845,1832,1586,2,1,581.0,19952.8,3,2,5385864
3666262,4660,2006,0,0,201.5,28951.8,7,0,0
1090066,3726,2142,2,1,6785.0,17895.4,5,7,64175748
119635,401,1686,2,1,1769.0,46612.8,0,3,88922524
211065,717,1592,2,1,6561.0,36226.6,5,6,48199552
1113680,3804,1093,1,4,3721.0,30711.7,1,0,0
365188,1241,2105,2,1,227.0,22425.7,3,12,87002157
1100840,3760,1728,0,3,6346.0,60705.2,1,0,0
887436,3026,1276,2,4,14.6,38886.5,6,0,0
964473,3287,833,0,3,21936.0,42713.4,1,0,0
1151154,3937,2051,0,2,5258.0,23374.0,2,6,20588261
523787,1787,424,2,4,3400.0,79943.8,5,0,0
603790,2055,1801,0,3,15400.0,20882.7,1,0,0
449476,1528,1715,2,1,3981.0,7554.5,8,9,58779168
402883,1372,366,2,4,750.0,26101.0,1,0,0
235408,803,1191,2,4,5700.0,22431.1,1,0,0
268287,918,2102,2,4,2400.0,23070.2,1,0,0
619684,2116,1384,0,3,27550.0,50197.1,1,0,0
649735,2220,2105,0,2,6153.0,20776.9,2,7,42469984
190404,647,1865,0,3,13193.0,43357.5,1,0,0
3542235,354,729,0,0,152.2,33191.9,7,0,0
3470185,4355,819,0,0,91.1,21769.2,7,0,0
133438,446,1695,2,4,17600.0,34284.6,1,0,0
270949,928,895,0,3,1800.0,30875.9,1,0,0
238268,814,1945,2,4,14.6,14710.3,6,0,0
1022893,3491,1733,2,4,14.6,27672.1,6,0,0
3664911,4456,2190,0,0,301.8,55904.3,7,0,0
516159,1765,1803,0,2,5242.0,18465.9,2,3,51231449
191778,651,2019,2,1,2652.0,90943.6,5,9,14427155
3589415,1794,2098,0,0,52.7,13069.1,7,0,0
3621123,2739,1794,0,0,65.9,16447.1,7,0,0
2052060,6950,2006,2,4,14.6,30540.9,6,0,0
997550,3405,2050,2,4,11700.0,40542.7,1,0,0
1916664,6495,1861,2,1,8606.0,41192.8,5,8,70482468
923085,3146,709,2,1,2122.0,24907.1,5,8,91693257
3622005,2763,1672,0,0,147.8,23064.9,7,0,0
1076607,3678,1168,2,4,5100.0,12307.6,5,0,0
929483,3167,1550,2,4,14.6,42699.2,6,0,0
867281,2952,1834,2,4,4950.0,19959.0,1,0,0
93992,319,1185,2,4,30.0,41142.2,6,0,0
951888,3245,2043,2,1,3878.0,7680.5,5,12,34591257
780667,2662,1832,2,1,3625.0,24294.0,5,8,1110756
3559405,883,2159,0,0,116.5,29804.2,7,0,0
553866,1885,2098,2,4,14.6,69717.5,6,0,0
448459,1525,2107,0,2,4641.0,22934.9,2,7,99120705
965297,3289,1224,2,1,3419.0,31592.7,5,10,95194470
715537,2449,2157,0,3,3900.0,55718.3,1,0,0
1291049,4413,1985,2,1,7802.0,13951.8,5,11,8759522
375420,1277,395,2,4,14.6,15709.3,6,0,0
3651992,3684,1276,0,0,56.9,14484.0,7,0,0
508401,1738,1550,2,4,14.6,14344.0,6,0,0
983386,3355,432,0,2,5768.0,6868.0,2,8,11943632
3461207,2077,1703,0,0,123.9,32898.9,7,0,0
2653528,8776,1258,2,1,708.0,66796.3,8,2,88153653
140861,471,1290,2,1,253.0,29976.9,3,2,33731478
2893524,9583,2066,0,3,8700.0,70318.0,1,0,0
681570,2326,1978,0,3,11900.0,35999.0,1,0,0
3601475,2154,1976,0,0,62.4,14596.4,7,0,0
1084467,3704,2138,0,2,6242.0,49097.1,2,1,11927444
453926,1542,1618,2,1,2655.0,12427.2,5,2,9322101
928205,3164,1198,2,1,433.0,11526.0,0,12,37334716
3454550,7445,303,0,0,180.4,50486.6,7,0,0
94447,321,1111,2,4,720.0,23968.5,1,0,0
672781,2298,1106,0,3,21788.0,71247.1,1,0,0
605749,2062,1929,0,2,43095.0,65199.4,1,3,10179949
3147437,10445,2114,2,4,18000.0,65063.1,1,0,0
712319,2435,1385,0,3,31540.0,47872.8,1,0,0
3617777,2641,333,0,0,208.0,39564.6,7,0,0
173250,581,1703,2,4,14.6,19974.6,6,0,0
936548,3196,698,2,4,14.6,29622.2,6,0,0
3582893,1600,2037,0,0,69.5,17388.0,7,0,0
2107071,7133,1550,2,4,14.6,14610.4,6,0,0
1295325,4423,1235,0,3,7600.0,27201.3,1,0,0
683840,2334,1618,2,1,10707.0,35906.8,5,10,92322378
641811,2190,1820,0,3,200.0,17546.1,1,0,0
772540,2638,1227,0,3,20081.0,50934.8,1,0,0
3553452,697,607,0,0,190.4,44269.1,7,0,0
1106727,3780,1562,2,1,1241.0,18686.1,0,1,77057331
974820,3321,1842,2,4,700.0,40262.3,1,0,0
1306740,4462,2085,2,4,2700.0,44026.7,1,0,0
315267,1076,857,2,1,4447.0,25007.8,0,13,93423914
631000,2154,1463,2,4,780.0,15824.5,1,0,0
78450,261,1622,2,1,2182.0,13132.6,5,5,49824553
940004,3208,2141,0,3,19660.0,73028.9,1,0,0
589307,2006,2108,2,1,2764.0,18909.1,5,12,41503340
3591812,1855,1764,0,0,108.7,27738.8,7,0,0
2333,9,550,2,4,1650.0,18480.9,1,0,0
925545,3154,1893,2,1,3609.0,44316.6,5,12,76435845
540149,1836,2126,2,4,2400.0,41644.6,1,0,0
288199,988,1102,2,4,400.0,29462.7,1,0,0
3556063,781,1856,0,0,62.5,13622.8,7,0,0
3470860,4484,1733,0,0,365.7,95147.7,7,0,0
2371442,7819,1681,2,1,733.0,18822.7,0,7,77821957
2301503,7594,1872,0,3,11429.0,48650.5,1,0,0
3548598,542,1399,0,0,83.6,20400.5,7,0,0
104640,357,1465,2,4,690.0,16787.8,1,0,0
494512,1686,1041,2,1,1225.0,34452.7,0,13,74546420
62331,207,1921,2,1,403.0,16641.3,5,6,71656483
517189,1767,1503,2,1,1040.0,72486.3,3,5,83130889
942893,3216,1794,2,4,14.6,61750.8,6,0,0
3578268,1453,1915,0,0,171.4,38398.3,7,0,0
657853,2247,1519,2,4,14.6,17164.3,6,0,0
720354,2467,459,2,1,5332.0,27097.2,5,5,55811417
817101,2783,1351,0,3,400.0,22808.7,1,0,0
496784,1694,240,0,3,500.0,500.0,1,0,0
666861,2276,1655,2,1,1615.0,31753.2,5,7,86481719
664825,2269,1597,2,4,3400.0,36297.4,1,0,0
144377,484,1827,2,4,700.0,27114.0,1,0,0
362747,1234,711,0,2,6390.0,31172.2,2,6,57374542
80131,268,1550,2,4,14.6,18977.4,6,0,0
886498,3021,1884,2,4,14.6,26568.0,6,0,0
3652018,3684,2068,0,0,62.1,16753.9,7,0,0
2539586,8381,2170,2,1,740.0,25935.0,5,1,88732933
334070,1136,710,0,2,46227.0,85754.7,1,6,84885888
1159804,3971,1862,2,4,8100.0,19715.6,1,0,0
832516,2835,1811,0,3,300.0,23522.2,1,0,0
454012,1542,2098,2,4,14.6,29614.1,6,0,0
3582373,1581,2159,0,0,336.9,78617.9,7,0,0
3661381,3973,1154,0,0,115.0,30852.6,7,0,0
3522967,10630,2098,0,0,129.7,32999.5,7,0,0
3587337,1730,1611,0,0,197.0,48345.1,7,0,0
983216,3354,1002,2,4,14.6,27741.7,6,0,0
38118,123,242,2,4,14.6,21447.7,6,0,0
631450,2155,1825,2,4,14.6,19329.4,6,0,0
438941,1492,2173,2,1,1546.0,29952.8,5,6,60810822
619851,2116,1994,2,4,6000.0,50495.3,1,0,0
14316,47,755,2,4,2700.0,21999.1,1,0,0
154899,519,1502,0,2,6987.0,23675.2,2,13,96366220
254997,875,1879,2,4,720.0,34588.4,1,0,0
971358,3309,443,2,4,13000.0,41365.8,1,0,0
3652904,3710,1580,0,0,142.3,34510.2,7,0,0
993352,3389,1864,0,3,16921.0,84258.2,1,0,0
3643332,3422,2098,0,0,177.8,41662.4,7,0,0
527212,1800,1314,0,3,19373.0,58229.1,1,0,0
219068,744,1473,2,4,1040.0,20193.6,1,0,0
935572,3193,1362,2,4,9500.0,37631.4,1,0,0
343750,1166,2169,0,2,27946.0,52878.8,1,4,41146189
944299,3221,1285,0,2,5330.0,35242.7,2,2,88452922
1299663,4437,2086,0,3,1400.0,30823.0,1,0,0
3463538,2781,1368,0,0,177.4,41466.6,7,0,0
578275,1969,924,0,3,10602.0,27629.9,1,0,0
3464645,3058,941,0,0,195.7,41518.7,7,0,0
1128443,3855,2079,2,1,795.0,43560.4,3,7,78167867
1665631,5648,1771,0,2,45833.0,102261.5,1,13,97797196
478134,1629,1476,2,4,1840.0,15073.7,1,0,0
3353945,11138,1049,2,4,12600.0,38260.8,1,0,0
710389,2429,729,2,4,14.6,38379.6,6,0,0
760552,2595,2082,0,2,6828.0,30578.6,2,8,91106652
303279,1032,754,2,4,2400.0,54576.7,1,0,0
1814722,6148,1692,2,4,2000.0,86204.1,1,0,0
883744,3011,315,0,2,3271.0,10238.0,1,13,3565776
675315,2306,1931,2,4,5200.0,34236.5,1,0,0
3303001,10973,649,2,4,38400.0,105339.9,1,0,0
609492,2075,1095,0,3,800.0,800.0,1,0,0
707461,2423,2168,2,1,1317.0,18377.6,0,1,66884094
69582,232,2137,2,1,3643.0,46714.8,5,6,62672704
475023,1618,1747,2,4,1300.0,21818.3,1,0,0
3209310,10650,1922,2,1,10356.0,80806.9,5,12,40695470
586869,1998,1050,2,5,1600.0,65657.0,1,0,0
628632,2146,1533,2,1,2400.0,49220.8,5,11,75200062
3570019,1197,760,0,0,113.3,26190.4,7,0,0
3676188,6400,1276,0,0,209.0,27708.7,7,0,0
3634218,3137,1794,0,0,146.3,34229.9,7,0,0
2820592,9337,1545,2,4,4200.0,53768.9,1,0,0
262229,897,325,0,3,1300.0,20302.4,1,0,0
422850,1436,1276,2,4,14.6,35821.9,6,0,0
359238,1220,1800,2,4,2560.0,40388.9,1,0,0
3640640,3327,1460,0,0,113.3,23468.8,7,0,0
3576753,1411,395,0,0,99.4,15157.2,7,0,0
213864,725,1794,2,4,4300.0,29511.9,1,0,0
3542113,350,1641,0,0,60.1,14091.2,7,0,0
475615,1621,2184,2,4,2000.0,57970.9,1,0,0
945639,3224,1409,0,2,6483.0,6483.0,2,7,38970452
14973,50,2110,0,3,16130.0,76597.1,1,0,0
988579,3370,1550,2,4,14.6,22090.8,6,0,0
3578603,1467,1185,0,0,194.3,42153.1,7,0,0
625547,2136,2155,2,4,7800.0,43500.7,1,0,0
606279,2063,972,2,4,14.6,18877.0,6,0,0
637296,2176,977,2,1,1085.0,20610.5,5,6,62845337
377471,1285,775,2,4,3000.0,38675.0,1,0,0
427051,1451,620,0,2,6490.0,22895.9,2,8,75701802
968840,3302,309,2,1,57.0,25812.4,3,4,28717500
333338,1134,1252,0,3,17955.0,32839.1,1,0,0
1293102,4418,674,2,1,906.0,36889.2,3,11,51602697
778634,2654,712,2,4,450.0,25426.5,1,0,0
3617665,2638,1884,0,0,172.7,49793.4,7,0,0
3659145,3898,1611,0,0,108.3,27321.7,7,0,0
483062,1644,1197,2,1,17.0,43331.7,3,4,66140669
3592621,1882,1491,0,0,62.8,14351.9,7,0,0
770572,2629,1528,2,4,16400.0,36832.7,1,0,0
261229,894,1399,2,4,14.6,16378.0,6,0,0
220941,750,484,2,4,14.6,45659.8,6,0,0
525153,1792,1927,0,2,6151.0,18984.7,2,10,78620892
750159,2557,1677,2,4,3400.0,24771.4,1,0,0
246768,848,1592,0,3,9140.0,25067.1,1,0,0
3622574,2782,2159,0,0,240.5,51970.4,7,0,0
3595950,1976,1945,0,0,155.3,33848.7,7,0,0
237845,813,1448,2,4,6900.0,46890.2,1,0,0
3622061,2765,2068,0,0,54.7,14309.9,7,0,0
608351,2070,2103,2,4,3240.0,57748.9,1,0,0
575410,1959,742,2,4,1600.0,20452.0,1,0,0
2008858,6806,828,0,2,24289.0,50644.7,1,7,49623239
3535979,166,1764,0,0,99.5,24632.3,7,0,0
227416,773,716,2,4,1300.0,50502.1,0,0,0
855176,2914,1927,0,3,7784.0,36708.6,1,0,0
1089427,3723,1505,0,3,1300.0,39019.9,1,0,0
844363,2874,1733,2,4,14.6,16140.0,6,0,0
1004067,3426,1743,2,1,13088.0,22104.9,5,7,59809923
295956,1010,1598,2,4,9100.0,62466.1,5,0,0
662023,2259,2118,2,4,700.0,21366.4,1,0,0
846796,2884,69,0,3,5810.0,21038.5,1,0,0
134282,450,1684,0,2,4393.0,14757.8,2,1,94329887
3593172,1899,1429,0,0,18.1,5440.1,7,0,0
3123492,10365,1894,0,3,36503.0,109778.7,1,0,0
912554,3111,1307,2,4,14.6,48313.1,6,0,0
3631466,3053,1307,0,0,188.4,45370.0,7,0,0
73436,243,1479,2,4,41500.0,24362.1,1,0,0
117895,396,1282,2,1,308.0,65098.3,3,8,57553499
3664261,4408,545,0,0,201.4,35799.3,7,0,0
144871,485,767,2,1,3572.0,18437.3,3,1,20747721
612363,2086,2167,2,4,55400.0,75792.9,1,0,0
3589285,1791,1703,0,0,185.7,40869.1,7,0,0
8468,30,972,2,4,2900.0,30896.0,1,0,0
3518589,10148,2098,0,0,229.1,54420.1,7,0,0
52127,173,989,2,4,800.0,29784.1,1,0,0
2384098,7861,1190,2,1,26.0,37679.0,3,12,69198441
3506872,9041,1764,0,0,188.7,46618.8,7,0,0
703357,2410,934,2,4,1360.0,35149.6,1,0,0
3610743,2437,2006,0,0,63.9,15523.4,7,0,0
3081050,10215,1486,2,4,1500.0,42828.0,1,0,0
557317,1896,760,2,4,14.6,22728.5,6,0,0
278475,953,1203,2,4,570.0,23340.6,1,0,0
1045370,3575,1686,2,1,5070.0,40238.3,5,5,97652846
3227663,10711,2047,2,1,2714.0,81708.4,5,7,4543543
3084965,10233,1956,0,2,23914.0,27293.3,1,12,83349090
1107769,3784,1317,0,3,7415.0,19115.2,1,0,0
242998,832,2107,2,4,1290.0,16992.2,1,0,0
413308,1404,2107,2,4,32000.0,93244.8,1,0,0
2521559,8320,1479,0,3,1100.0,1100.0,1,0,0
281682,965,296,0,3,3200.0,23075.1,1,0,0
1063557,3633,1863,0,3,11754.0,32475.9,1,0,0
1081244,3692,1747,2,1,3263.0,23380.7,5,10,73999780
513782,1758,1465,2,1,355.0,42838.5,0,10,56174659
3479975,9353,1825,0,0,137.8,51975.1,7,0,0
1107115,3781,484,2,4,14.6,43067.5,6,0,0
742565,2535,1685,2,1,90.0,46135.6,0,9,20700508
1034024,3535,1185,2,4,14.6,17533.3,6,0,0
583202,1984,850,2,4,9800.0,43410.2,1,0,0
16572,56,1585,2,4,1440.0,31339.8,1,0,0
622768,2124,2082,2,1,5207.0,88750.6,5,9,46953344
684660,2336,638,0,3,2300.0,24965.9,1,0,0
809445,2758,1908,0,3,3600.0,56151.1,1,0,0
402678,1371,1471,2,4,1600.0,24317.9,1,0,0
2036764,6902,2079,2,1,827.0,24267.9,0,13,4458135
209272,710,880,2,4,14.6,20177.1,6,0,0
509491,1743,515,2,4,14.6,24574.2,6,0,0
3632831,3098,1519,0,0,138.4,31433.7,7,0,0
241959,827,2110,2,1,2260.0,26594.3,5,9,21975636
3549957,588,242,0,0,129.0,28657.0,7,0,0
1544816,5256,1101,2,4,1800.0,51596.6,1,0,0
969717,3305,2080,2,1,2858.0,11952.2,0,13,41987031
401392,1366,1974,2,4,2900.0,29754.0,1,0,0
3649429,3612,1825,0,0,255.6,60439.1,7,0,0
947227,3228,1788,2,4,16900.0,96606.5,1,0,0
2579185,8519,1045,0,2,37346.0,58357.1,1,8,16093504
3461831,2304,2006,0,0,157.7,33694.5,7,0,0
3503694,8784,1703,0,0,168.0,40887.5,7,0,0
1103839,3771,1808,1,4,22909.0,56102.1,1,0,0
723252,2476,857,0,2,4281.0,20645.7,2,7,28943950
3456958,9703,1338,0,0,219.4,60121.9,7,0,0
3549001,555,1125,0,0,120.8,17281.9,7,0,0
3553528,698,2098,0,0,179.1,41973.5,7,0,0
1688864,5724,1318,2,1,281.0,11450.4,3,13,83046674
641093,2189,858,2,1,1449.0,48212.1,5,11,89534949
3661486,3975,1764,0,0,88.8,21808.3,7,0,0
673951,2302,792,2,4,8300.0,40654.8,1,0,0
1250394,4276,1463,2,4,6300.0,41719.9,1,0,0
744853,2542,1002,2,4,14.6,27940.5,6,0,0
730273,2496,941,2,4,14.6,28673.3,6,0,0
733105,2505,1837,2,1,136.0,27236.0,5,12,57194352
2434918,8027,1915,2,4,30.0,52109.8,6,0,0
866224,2949,1744,2,1,1268.0,27780.1,0,9,82074588
682024,2327,1688,0,3,1000.0,15389.7,1,0,0
1197461,4099,1927,2,1,1298.0,53491.2,3,9,6660080
2906626,9627,678,2,4,5400.0,52473.1,1,0,0
1596001,5422,1532,2,1,2320.0,34865.5,0,12,95722668
1199566,4105,1112,2,4,1150.0,23587.2,1,0,0
846962,2884,1123,2,4,2640.0,37345.3,1,0,0
352009,1196,1873,0,3,21102.0,61730.4,1,0,0
689896,2357,2080,0,2,6434.0,31842.1,2,8,34144538
3452419,5661,1550,0,0,81.9,17485.3,7,0,0
3579761,1497,1368,0,0,65.4,16923.7,7,0,0
146497,490,1491,2,4,14.6,12939.2,6,0,0
3574230,1328,1703,0,0,158.9,46329.0,7,0,0
2068822,7011,2184,0,3,11443.0,63051.3,1,0,0
535635,1824,607,2,4,14.6,38619.0,6,0,0
1365939,4660,1798,2,4,5400.0,30932.9,1,0,0
1052956,3601,2155,2,4,1760.0,40542.3,1,0,0
755717,2578,2006,2,4,14.6,13991.2,6,0,0
754364,2574,1805,2,1,9546.0,73937.1,5,10,61405271
1182725,4052,1965,2,4,4600.0,55812.7,1,0,0
3149428,10451,1684,2,1,8049.0,12951.9,8,13,10042131
61870,205,1976,2,4,14.6,33336.3,6,0,0
3292436,10940,1845,2,4,3480.0,34997.7,1,0,0
208732,708,1724,2,4,1400.0,21200.0,1,0,0
3609428,2402,2159,0,0,188.1,46447.3,7,0,0
440721,1497,941,2,4,14.6,33894.2,6,0,0
659104,2250,982,0,3,21623.0,60479.7,1,0,0
1032982,3532,1592,0,3,11857.0,43970.7,1,0,0
144619,485,2167,0,3,21218.0,66701.1,1,0,0
694406,2375,2018,2,1,279.0,78937.7,5,11,68029534
626330,2139,1618,2,1,6275.0,25238.2,3,7,30308371
1486967,5066,1358,0,3,1700.0,33066.2,1,0,0
3601555,2156,1915,0,0,207.6,48070.4,7,0,0
2268252,7485,388,0,3,700.0,25083.6,1,0,0
44155,148,345,2,1,487.0,15515.9,1,6,29826498
3345174,11111,2128,2,4,29800.0,91489.8,1,0,0
393094,1337,429,0,3,4896.0,28433.8,1,0,0
406273,1382,1002,2,4,14.6,21803.7,6,0,0
3211498,10656,1033,2,4,14.6,36515.5,6,0,0
1319160,4503,1122,2,4,19000.0,42125.1,1,0,0
3567943,1132,1460,0,0,288.5,47789.9,7,0,0
363812,1236,814,2,4,1100.0,26118.1,1,0,0
1299629,4437,1051,0,3,1400.0,19909.2,1,0,0
3619263,2685,2098,0,0,81.7,20235.5,7,0,0
3638950,3275,880,0,0,116.1,24272.1,7,0,0
717219,2457,829,0,3,5752.0,26158.3,1,0,0
601259,2047,1086,2,4,1200.0,26338.5,1,0,0
649197,2219,2027,0,3,36249.0,102783.6,1,0,0
3657374,3840,1945,0,0,133.4,31525.5,7,0,0
85902,288,1740,0,2,5315.0,34661.6,2,4,29289990
186162,630,910,2,4,14.6,14254.0,6,0,0
1092417,3735,1805,2,1,6302.0,67061.5,5,5,95204364
3597041,2009,941,0,0,209.9,57283.3,7,0,0
515549,1762,869,2,4,2880.0,38116.5,1,0,0
3682676,9208,1915,0,0,77.2,17155.0,7,0,0
852588,2905,1660,2,4,6700.0,48468.5,1,0,0
3563494,998,515,0,0,238.3,59171.4,7,0,0
451361,1534,1373,2,4,4400.0,31013.5,1,0,0
3570977,1227,1491,0,0,173.4,39362.0,7,0,0
3644380,3457,1491,0,0,69.3,14129.2,7,0,0
991513,3380,1513,2,4,3200.0,18985.1,1,0,0
825695,2813,915,2,1,227.0,29173.2,3,1,7243586
2730561,9034,1686,0,2,21804.0,53110.2,1,4,80132472
3449303,3678,333,0,0,83.6,22248.7,7,0,0
1503258,5125,1076,2,4,43300.0,77474.5,1,0,0
367726,1250,1466,0,2,22831.0,51028.2,1,5,81347185
294121,1005,529,2,1,7896.0,77587.4,5,7,13424891
3580515,1520,1246,0,0,92.8,22227.9,7,0,0
3575402,1371,1580,0,0,78.2,17954.4,7,0,0
641353,2189,1002,2,4,14.6,60035.4,6,0,0
1044630,3571,1344,0,3,6900.0,31778.1,1,0,0
3542456,359,1307,0,0,62.3,15609.0,7,0,0
435685,1480,1794,2,4,30.0,60222.5,6,0,0
2676153,8856,1947,2,4,3600.0,83770.9,1,0,0
1106382,3779,1075,2,1,2969.0,44521.6,3,10,6959701
366700,1247,1197,2,1,2077.0,19337.3,8,13,9652227
32320,104,983,2,1,578.0,21718.2,1,7,82782172
617079,2104,1841,2,4,900.0,40612.9,1,0,0
508092,1737,1437,2,1,3103.0,37698.1,5,4,66021996
767455,2620,574,0,3,1700.0,25456.6,1,0,0
727700,2488,2050,2,1,2030.0,33459.5,5,11,25563156
3660240,3933,1884,0,0,153.0,26126.3,7,0,0
3522955,10630,1733,0,0,115.3,21760.2,7,0,0
3564872,1044,2006,0,0,130.1,26090.4,7,0,0
745310,2543,1703,2,4,14.6,53865.2,6,0,0
623796,2128,794,2,4,2080.0,13122.0,1,0,0
676222,2309,1426,2,4,2800.0,28865.2,1,0,0
941616,3213,1225,2,1,562.0,16268.0,1,4,67793083
401493,1367,1803,0,3,18028.0,45469.4,1,0,0
666463,2274,2129,2,4,14.6,48612.5,6,0,0
432557,1470,463,0,3,12431.0,33318.0,1,0,0
907474,3092,1838,2,1,2311.0,17336.3,5,3,57711619
3647572,3558,1002,0,0,352.3,89028.9,7,0,0
110178,372,1484,2,4,6080.0,33876.1,1,0,0
3605613,2287,1429,0,0,211.7,44143.5,7,0,0
555696,1891,698,2,4,14.6,30385.7,6,0,0
1440975,4907,1068,2,1,1253.0,25405.8,0,1,5604631
255027,875,1611,2,4,14.6,34619.4,6,0,0
881622,3003,1590,2,4,400.0,49107.7,1,0,0
792814,2701,1550,2,4,14.6,52743.0,6,0,0
3601736,2162,2159,0,0,191.5,101469.6,7,0,0
3497171,8158,1338,0,0,175.2,49514.5,7,0,0
471490,1604,2129,2,4,14.6,42291.5,6,0,0
2347,9,1297,2,4,2050.0,23884.5,1,0,0
3546532,478,2037,0,0,238.7,50507.0,7,0,0
849269,2894,1040,0,3,40411.0,131768.8,1,0,0
174600,588,1136,0,3,7634.0,25152.6,1,0,0
581716,1979,493,0,2,3021.0,20697.9,1,11,38265723
607971,2069,1897,2,1,484.0,52995.2,5,13,91279679
880044,2997,2159,2,4,14.6,26408.1,6,0,0
432977,1471,1651,2,1,12.0,33578.4,0,13,17326855
1736766,5891,744,1,4,5091.0,69852.5,1,0,0
737480,2519,1736,2,4,2160.0,29582.6,1,0,0
1341062,4580,1593,0,3,3900.0,34842.4,1,0,0
103388,353,2012,0,2,6676.0,64318.5,2,10,68388724
491942,1678,1712,2,1,2952.0,26756.7,5,5,72718292
1084902,3705,2147,2,4,29300.0,50025.0,1,0,0
3663536,4266,1550,0,0,112.5,29455.3,7,0,0
159857,535,1378,2,4,8100.0,24792.6,1,0,0
464074,1579,984,2,1,3377.0,32450.1,5,2,79833501
813266,2770,1068,0,2,3855.0,30500.3,1,12,11620170
1921496,6512,1404,0,2,10768.0,47465.4,1,10,20248377
3282507,10906,2159,2,4,14.6,57833.0,6,0,0
792403,2700,2111,2,4,36100.0,21096.4,1,0,0
169256,567,1717,0,3,37307.0,61700.1,1,0,0
160605,539,571,0,3,10452.0,49869.0,1,0,0
3653166,3718,1002,0,0,83.3,19585.7,7,0,0
2127552,7203,774,2,4,35200.0,57431.7,1,0,0
3681102,7262,2006,0,0,129.6,32607.0,7,0,0
3624731,2853,1460,0,0,133.9,33905.4,7,0,0
134333,450,2143,2,1,2404.0,16408.4,5,9,70611452
3637402,3235,1033,0,0,151.3,30554.9,7,0,0
1109300,3787,1915,2,4,14.6,45111.4,6,0,0
230189,784,1741,2,1,1215.0,25648.4,0,6,80516755
594114,2023,833,2,1,1687.0,57394.6,5,2,12073362
3639980,3306,395,0,0,150.6,30732.6,7,0,0
952187,3246,1388,2,4,5040.0,16297.2,1,0,0
929885,3168,1246,2,4,14.6,27432.2,6,0,0
442707,1505,2182,2,4,10300.0,-8439.7,1,0,0
3562444,967,1884,0,0,102.9,23971.9,7,0,0
2314730,7636,1691,2,4,3300.0,25215.6,1,0,0
318502,1088,558,0,2,5600.0,17060.5,2,12,93394022
821572,2798,1380,2,4,2700.0,41659.9,1,0,0
303750,1034,1644,2,4,3100.0,35186.4,1,0,0
3542614,362,1884,0,0,104.9,28105.8,7,0,0
1167583,4000,1519,2,4,14.6,47998.7,6,0,0
3660285,3935,910,0,0,209.8,38640.7,7,0,0
1184850,4059,520,2,4,1300.0,24500.0,1,0,0
388657,1321,2037,2,4,14.6,21087.9,6,0,0
1012743,3462,1968,2,4,700.0,33720.4,1,0,0
226602,771,1626,2,4,23500.0,36468.3,1,0,0
371628,1266,1588,2,1,9291.0,26753.6,5,7,3816020
1365923,4660,2109,2,1,437.0,40858.8,3,7,76798975
808977,2757,2169,2,1,2077.0,19109.8,1,9,31494546
759168,2589,1884,2,4,14.6,14309.8,6,0,0
213851,725,1404,2,4,1300.0,23822.2,1,0,0
111540,377,1742,1,4,23821.0,29065.8,1,0,0
248694,854,1685,2,4,2000.0,23172.3,1,0,0
3557268,821,1611,0,0,68.9,15269.2,7,0,0
3634687,3152,910,0,0,76.7,15776.0,7,0,0
653164,2233,1254,2,1,2028.0,15645.7,5,12,11697030
535735,1824,1851,2,4,8600.0,47184.8,1,0,0
51559,173,1134,0,3,17313.0,35417.2,1,0,0
121568,408,904,2,4,20000.0,23741.8,1,0,0
23839,78,787,2,4,6100.0,26413.5,1,0,0
1001470,3418,1825,2,4,100.0,30064.3,6,0,0
829483,2824,1855,2,4,2760.0,62428.5,1,0,0
619457,2114,1828,2,4,11100.0,11701.5,1,0,0
3606923,2328,1246,0,0,171.4,42847.7,7,0,0
3661446,3974,2098,0,0,121.8,26833.2,7,0,0
776284,2647,368,2,4,6800.0,29749.3,1,0,0
1047086,3580,1825,2,4,14.6,65782.9,6,0,0
3659945,3923,1460,0,0,298.7,77654.1,7,0,0
3216065,10670,2091,0,3,10800.0,80106.8,1,0,0
3575758,1381,729,0,0,112.6,21671.2,7,0,0
36144,116,1831,2,4,2040.0,29908.5,1,0,0
3523228,10663,1550,0,0,184.9,29017.9,7,0,0
1383995,4715,2141,2,1,4049.0,83980.1,8,1,94525420
798949,2723,1940,2,4,1100.0,25640.9,1,0,0
535230,1823,1646,0,2,4941.0,20673.2,2,2,91663467
286630,982,1535,0,3,400.0,22553.2,1,0,0
2382580,7857,1986,0,2,57164.0,88305.6,1,9,77844226
569071,1937,1474,2,1,2933.0,17473.4,5,5,67964726
156499,523,1276,2,4,14.6,47043.3,6,0,0
639607,2182,1829,2,4,2280.0,26986.6,1,0,0
1602740,5442,250,2,1,2070.0,25422.9,0,7,10828179
1082708,3697,880,2,4,14.6,31337.0,6,0,0
616718,2102,1979,2,4,2640.0,15533.8,1,0,0
3623786,2823,1491,0,0,71.7,16512.8,7,0,0
1245218,4259,2142,2,4,23700.0,94172.4,1,0,0
520170,1776,1679,0,3,13669.0,14069.0,1,0,0
1085682,3709,2103,2,1,474.0,46705.8,0,3,22020697
950902,3241,1033,2,4,14.6,33054.2,6,0,0
1583762,5385,498,2,1,8754.0,31003.8,5,13,67199128
14324,47,1097,2,4,3600.0,32968.2,1,0,0
478316,1630,1926,0,2,5862.0,21076.9,2,12,42275017
2135623,7231,1962,2,4,24300.0,62459.8,1,0,0
1051410,3595,1703,2,4,14.6,23451.6,6,0,0
828194,2820,1951,0,2,5175.0,22781.2,2,13,94793974
2773174,9179,1976,2,4,14.6,44068.3,6,0,0
1614325,5481,497,2,4,16500.0,42584.8,1,0,0
2786799,9227,2077,0,3,4423.0,18332.1,1,0,0
798119,2719,1491,2,4,14.6,16519.4,6,0,0
2044852,6930,1307,2,4,14.6,27808.3,6,0,0
61618,204,1773,0,2,2926.0,20189.9,1,12,24475783
746619,2547,2048,0,3,24610.0,71606.8,1,0,0
375491,1277,1250,2,4,2100.0,26667.3,1,0,0
170741,572,1020,2,4,12800.0,48046.2,1,0,0
1225271,4195,1281,0,3,47673.0,104372.3,1,0,0
3605962,2298,576,0,0,200.9,40255.1,7,0,0
2676028,8856,1356,2,4,10800.0,53570.1,0,0,0
1019751,3482,1742,2,1,3026.0,15107.8,5,8,48705834
706200,2419,955,0,3,32684.0,103501.6,1,0,0
1387383,4727,1764,2,4,14.6,57399.3,6,0,0
576495,1963,1668,2,4,20200.0,57345.3,1,0,0
820244,2793,434,2,1,2301.0,15039.0,5,3,41871547
853930,2911,1746,2,1,617.0,31072.5,5,13,52539229
3512367,9548,2006,0,0,283.8,63105.8,7,0,0
223122,759,756,2,4,1590.0,26614.1,1,0,0
2847329,9422,1790,2,4,23800.0,58569.7,1,0,0
3574681,1341,2068,0,0,71.7,17730.0,7,0,0
803047,2737,1839,2,4,720.0,52861.0,1,0,0
3297130,10954,1575,2,4,7900.0,48854.1,1,0,0
635716,2170,1831,2,1,6011.0,102269.0,3,7,6311643
494673,1686,1338,2,4,14.6,38410.4,6,0,0
348643,1183,1710,0,3,4392.0,34862.1,1,0,0
281296,964,1003,2,4,600.0,30328.7,1,0,0
3662594,4052,1672,0,0,110.9,22310.8,7,0,0
663664,2266,1945,2,4,14.6,48842.2,6,0,0
73047,243,1644,0,3,29286.0,106255.8,1,0,0
19375,66,493,0,2,44713.0,95200.3,1,6,76316427
1027220,3508,1498,0,3,20193.0,65922.7,1,0,0
3596746,2001,729,0,0,242.9,52969.2,7,0,0
578,2,1461,2,4,8700.0,39290.9,1,0,0
3586986,1717,1825,0,0,19.0,7477.0,7,0,0
3083744,10227,994,0,3,41887.0,148993.0,1,0,0
49272,165,799,0,2,6864.0,32559.7,2,9,69159060
412965,1404,2170,2,1,53.0,72458.0,3,12,45402222
65544,218,1689,2,4,9900.0,46475.0,1,0,0
296906,1012,1907,2,4,12300.0,40183.3,1,0,0
498508,1699,1410,2,1,3463.0,17351.1,5,5,62475007
2127585,7203,1794,0,3,9600.0,11656.3,1,0,0
227828,774,1873,0,3,1200.0,27644.1,1,0,0
3021216,10018,1175,2,4,8400.0,31605.5,5,0,0
1850461,6265,1983,2,1,7274.0,24706.2,5,3,11553663
1331733,4550,2176,2,4,2720.0,27072.0,1,0,0
997460,3405,1063,2,4,14.6,36899.5,6,0,0
240733,821,1519,2,4,14.6,18297.3,6,0,0
3675090,6226,333,0,0,242.9,61896.5,7,0,0
673463,2301,1628,2,5,2000.0,67653.4,1,0,0
575934,1961,1641,2,4,14.6,21857.0,6,0,0
459005,1561,1313,2,1,1924.0,33368.0,5,2,91776167
621480,2121,1556,2,1,2625.0,28469.5,5,10,58488207
387516,1317,1621,0,2,6732.0,34407.3,2,7,53008729
1092624,3735,876,0,3,13600.0,13900.0,1,0,0
3333194,11069,1038,1,4,8551.0,28554.5,1,0,0
203263,689,2182,1,4,14717.0,47070.7,1,0,0
897047,3056,772,2,1,868.0,15022.8,5,1,36077541
58016,194,1469,0,2,3973.0,36822.8,1,10,61379712
3369253,11186,1074,2,1,9810.0,68445.1,5,12,55896991
555716,1891,1307,2,4,14.6,51254.0,6,0,0
3547415,506,1915,0,0,246.7,53343.2,7,0,0
2119299,7176,1799,2,1,6110.0,64068.4,5,6,12137484
30606,99,1976,2,4,14.6,88183.7,6,0,0
3626338,2896,637,0,0,72.1,16580.8,7,0,0
136030,456,751,2,4,1500.0,30039.7,1,0,0
425757,1446,2139,2,1,4877.0,84787.7,5,4,83373719
9666,34,1805,0,2,47768.0,87755.1,1,3,2569228
2075035,7033,1484,2,4,500.0,13236.2,1,0,0
3536197,173,515,0,0,144.5,28159.9,7,0,0
844785,2876,1191,2,4,2300.0,21561.5,1,0,0
635784,2170,2182,2,5,2100.0,65342.0,1,0,0
963344,3283,1453,2,4,600.0,46333.5,1,0,0
618806,2111,1744,0,3,6200.0,49006.6,1,0,0
2248740,7424,1739,2,1,1110.0,66925.6,0,1,79838293
2120478,7181,1641,2,4,100.0,35535.1,6,0,0
218887,744,255,0,2,5740.0,30372.7,2,4,94336568
129090,433,1831,2,4,300.0,19266.4,1,0,0
12263,40,637,2,4,14.6,29651.4,6,0,0
1391842,4743,1901,0,3,41677.0,142320.2,1,0,0
851301,2901,2069,0,3,400.0,48960.9,1,0,0
186745,632,2037,2,4,14.6,17693.0,6,0,0
43174,144,2159,2,4,30.0,62865.1,6,0,0
3476719,8742,2037,0,0,79.8,21009.5,7,0,0
122363,411,1470,2,1,8499.0,31108.3,5,9,15704101
705997,2418,1848,2,4,22200.0,24694.3,1,0,0
1064118,3636,1778,2,1,40.0,60822.3,5,4,45862406
3461521,2132,1825,0,0,185.1,47251.6,7,0,0
2042577,6924,1253,0,2,36536.0,52589.1,1,5,17466515
3570215,1201,1429,0,0,163.3,43926.9,7,0,0
35098,112,1471,2,4,400.0,14182.0,1,0,0
1643773,5572,2006,2,4,14.6,17188.5,6,0,0
965494,3289,1276,2,4,14.6,28585.8,6,0,0
696003,2379,2018,2,1,46.0,26853.3,3,8,77863126
3560017,897,1399,0,0,147.4,28512.0,7,0,0
964234,3286,1778,2,1,11785.0,10643.1,5,6,7226884
2862193,9472,795,0,3,22782.0,42788.1,1,0,0
3492456,7774,1215,0,0,4.4,36295.9,7,0,0
3533582,95,1002,0,0,194.8,46641.7,7,0,0
82877,277,1145,0,3,3700.0,25559.2,1,0,0
1218565,4171,462,2,1,14336.0,65819.4,5,4,90027188
833007,2837,1679,0,3,21150.0,43668.3,1,0,0
3564883,1045,1368,0,0,107.4,26322.6,7,0,0
1580596,5372,877,2,4,16300.0,56918.1,1,0,0
1010238,3451,1733,2,4,14.6,14740.0,6,0,0
3027062,10036,1703,2,4,14.6,43899.5,6,0,0
2546501,8405,1982,2,1,410.0,58650.6,5,13,84832042
891116,3037,1200,0,3,8000.0,11614.0,1,0,0
1141664,3903,1795,2,4,3680.0,32673.8,1,0,0
3110307,10320,1011,0,2,25973.0,58592.1,1,1,35140204
1666107,5650,1291,2,4,14100.0,45241.0,1,0,0
3055625,10131,1672,1,4,7381.0,4683.4,1,0,0
479137,1633,1898,0,2,5153.0,33081.5,2,9,25691437
3669355,5181,2129,0,0,281.1,56009.2,7,0,0
314394,1073,731,2,4,600.0,27098.4,1,0,0
666565,2275,1953,0,3,13140.0,23645.0,1,0,0
1002858,3423,2073,2,1,1110.0,16271.7,5,11,56754469
3581213,1544,2190,0,0,203.4,47780.4,7,0,0
1106248,3779,1374,0,3,11404.0,56900.6,1,0,0
1024187,3497,2017,0,3,19468.0,69835.7,1,0,0
312704,1067,1629,2,4,22800.0,30874.6,1,0,0
701650,2401,972,2,4,14.6,27458.4,6,0,0
81388,273,2012,2,1,178.0,40793.7,0,3,85742187
3452759,5767,607,0,0,112.0,30146.2,7,0,0
631020,2154,1000,2,4,900.0,20911.8,1,0,0
899896,3066,1981,0,3,19294.5,44661.8,1,0,0
629702,2150,1320,0,2,3381.0,17841.6,1,12,44033819
1240991,4245,1908,2,5,1900.0,58652.6,1,0,0
500609,1705,1007,2,4,9700.0,27365.0,1,0,0
3463054,2665,2037,0,0,73.9,17130.3,7,0,0
654333,2237,1376,2,4,10800.0,27730.2,1,0,0
1075330,3674,647,2,4,3900.0,54987.3,1,0,0
312628,1067,1764,0,3,35386.0,146084.1,1,0,0
178610,604,980,0,3,8412.0,37492.5,1,0,0
688028,2349,1559,2,4,3700.0,14812.3,1,0,0
3344831,11111,953,2,1,3004.5,53822.7,8,7,63972902
98246,336,1038,0,3,18471.0,18971.0,1,0,0
696066,2379,240,2,4,5040.0,24682.2,1,0,0
1890928,6400,1776,2,1,3016.7,45180.2,8,8,68610131
840275,2861,954,2,1,2613.0,27862.9,5,4,70139986
65686,219,1160,0,3,17766.0,57163.7,1,0,0
687652,2348,1259,0,3,21976.0,55499.8,1,0,0
3522842,10613,2068,0,0,260.3,59498.8,7,0,0
3564959,1047,668,0,0,152.1,37588.7,7,0,0
3666714,4746,1703,0,0,222.9,39750.6,7,0,0
717402,2457,849,2,4,14.6,22405.6,6,0,0
378166,1286,1946,2,4,7100.0,89071.5,1,0,0
681660,2327,705,0,2,23571.0,53210.6,1,4,98203420
517693,1768,983,2,4,5100.0,38918.5,1,0,0
3631589,3057,1976,0,0,133.4,31910.8,7,0,0
2687900,8896,1414,2,4,43700.0,45508.0,1,0,0
3578701,1469,1399,0,0,99.5,21940.7,7,0,0
521021,1779,1806,2,1,3023.0,98625.3,5,6,92837720
591254,2011,1550,2,4,14.6,15927.1,6,0,0
79785,267,1104,2,1,3074.0,16850.0,5,6,4520118
691304,2362,1833,0,2,3389.0,20823.5,1,11,75748979
517058,1767,1898,2,1,2266.0,57112.7,5,10,54714965
589728,2008,613,2,1,3655.0,32593.2,0,3,16119492
180279,610,1154,2,4,14.6,76600.9,6,0,0
727478,2487,2006,2,4,14.6,16936.3,6,0,0
1289016,4408,1725,2,4,30700.0,69937.1,1,0,0
523747,1787,1406,2,4,7500.0,21465.5,1,0,0
969088,3302,960,2,4,800.0,33897.5,1,0,0
382217,1298,1774,2,1,5822.0,30787.9,5,7,11863774
3248864,10788,741,2,1,3813.7,6293.2,8,3,82111698
43163,144,1825,2,4,30.0,47498.5,6,0,0
1258086,4301,2141,0,3,12740.0,28617.8,1,0,0
527621,1801,649,2,1,4167.0,14345.0,5,9,49547737
1036698,3546,1709,2,1,1658.0,51244.6,5,10,93214726
861836,2934,1550,2,4,14.6,50973.3,6,0,0
927025,3160,550,0,3,23003.0,23403.0,1,0,0
3445315,245,2129,0,0,108.3,42679.5,7,0,0
3602342,2185,1033,0,0,115.5,28739.4,7,0,0
868667,2958,1041,2,4,500.0,22600.6,1,0,0
1584425,5387,414,2,4,3100.0,40321.6,5,0,0
602281,2050,1404,0,3,1300.0,31539.1,1,0,0
1078364,3683,1362,2,4,1320.0,74221.7,1,0,0
861492,2933,1991,2,4,13500.0,75774.0,1,0,0
929414,3167,1485,2,5,1900.0,37591.9,1,0,0
304253,1037,1649,2,1,1157.0,64354.0,3,3,22177893
960828,3273,1957,2,1,7876.0,57279.0,8,4,14236212
245247,841,1507,2,4,800.0,35640.7,1,0,0
969050,3302,1884,2,4,14.6,48641.7,6,0,0
452133,1536,1834,2,4,4200.0,42507.1,1,0,0
3460822,2013,1915,0,0,197.4,70594.2,7,0,0
666355,2274,1445,0,3,700.0,30546.0,1,0,0
144622,485,1981,0,3,48213.0,94670.7,1,0,0
540530,1837,1246,2,4,14.6,68766.0,6,0,0
610374,2078,2136,2,1,3598.0,41857.0,5,4,3833902
564474,1921,2076,0,2,3650.0,20092.0,1,8,78194778
634247,2167,1889,0,3,24368.0,89636.9,1,0,0
813408,2770,1011,2,1,1582.0,26959.0,0,8,52641576
652350,2228,1732,0,3,7600.0,23584.1,1,0,0
728033,2489,1632,2,4,5050.0,18627.2,1,0,0
3637997,3250,1338,0,0,86.4,17822.5,7,0,0
737806,2520,1429,2,4,14.6,15533.6,6,0,0
693636,2371,2155,2,4,12600.0,62146.0,1,0,0
111314,376,2037,2,4,14.6,46877.9,6,0,0
2438911,8041,1342,0,3,21553.0,96854.0,1,0,0
82450,276,1958,0,2,26823.0,67902.4,1,10,78938924
3567555,1124,1976,0,0,290.3,65993.1,7,0,0
918663,3132,1352,0,3,6583.0,26707.5,1,0,0
335439,1140,1955,2,1,2790.0,23930.4,5,13,74234366
3609284,2396,1399,0,0,92.3,22073.0,7,0,0
2931656,9707,1820,1,4,5865.0,91109.3,1,0,0
3438988,709,1976,0,0,258.5,76812.2,7,0,0
583506,1986,1259,0,3,18504.0,35630.0,1,0,0
353678,1201,556,2,1,1836.0,25833.3,0,8,53580081
3242252,10762,2077,0,3,18902.0,35541.8,1,0,0
89481,301,2016,2,1,1950.0,19052.7,5,5,99728369
674792,2305,1064,2,4,3200.0,19674.6,1,0,0
690247,2358,2111,0,3,9322.0,25221.3,1,0,0
1160128,3972,755,2,4,2900.0,34119.9,1,0,0
804275,2740,762,2,4,20100.0,42855.4,1,0,0
475230,1620,1373,0,2,6082.0,33831.8,2,4,65957420
297894,1016,423,2,4,14.6,44709.5,6,0,0
497137,1694,1944,2,4,36000.0,104581.6,1,0,0
3443395,1694,788,0,0,307.4,69715.5,7,0,0
2589888,8558,953,2,1,4806.5,12082.2,8,8,72949552
3550334,601,2006,0,0,64.8,16401.6,7,0,0
1081013,3691,1149,2,4,2720.0,22691.0,1,0,0
408908,1392,1307,2,4,14.6,47454.1,6,0,0
2454632,8094,1867,0,2,46008.0,66345.4,1,11,24325549
587845,2001,1862,0,2,39102.0,80362.0,1,13,94522749
1156271,3955,1544,0,3,8200.0,41392.4,1,0,0
542788,1846,1743,2,1,2062.0,18357.8,1,11,47556239
983585,3355,880,2,4,14.6,27361.3,6,0,0
282961,971,2044,2,1,3860.0,23854.3,5,13,43347799
49742,166,2169,2,4,2400.0,27808.1,1,0,0
118128,396,1733,2,4,14.6,31132.8,6,0,0
3544639,426,545,0,0,201.6,38746.1,7,0,0
3449353,3678,1733,2,4,41.7,-3776.6,4,0,0
3149444,10451,2171,2,1,8049.0,18262.8,8,13,10042131
2307948,7614,1988,2,1,6678.7,57413.7,8,12,54133033
563598,1918,1929,2,1,4231.0,14739.6,5,2,53045350
3489068,7485,1764,0,0,116.5,32989.3,7,0,0
103106,352,890,2,1,1992.0,19793.0,5,6,56583434
3592932,1892,1733,0,0,72.3,16632.3,7,0,0
377334,1285,2170,0,3,28558.0,50763.8,1,0,0
242398,830,949,0,3,16623.0,59021.9,1,0,0
3462036,2399,910,0,0,126.5,19738.3,7,0,0
1053904,3605,1771,2,1,803.0,9917.6,3,8,40185999
768168,2623,467,2,1,2891.0,19540.1,5,3,52708911
3676642,6472,1611,0,0,287.1,60430.8,7,0,0
1747595,5927,779,0,3,13700.0,17517.5,1,0,0
137305,460,1439,2,4,650.0,22813.1,1,0,0
464237,1579,1976,2,4,14.6,60844.7,6,0,0
3512308,9528,1915,0,0,126.5,52897.1,7,0,0
1911133,6473,1764,2,4,14.6,75387.2,6,0,0
962867,3281,1861,0,2,6288.0,19864.8,2,5,72821706
3638045,3251,1611,0,0,92.6,21640.5,7,0,0
59900,200,584,0,3,8614.0,24658.7,1,0,0
287672,986,1434,0,2,6057.0,29302.8,2,13,69630348
3457516,10131,788,2,4,4.9,10944.4,4,0,0
1060937,3626,1647,2,1,3068.0,26605.1,5,10,53192520
606079,2063,889,0,2,5885.0,30705.6,2,7,52298969
805704,2746,1803,0,2,6556.0,38439.5,2,3,49268311
125979,424,2018,2,4,16700.0,44769.7,1,0,0
269834,925,646,0,3,18500.0,51637.9,1,0,0
415985,1412,1347,2,1,1110.0,34048.7,3,10,86234765
3607643,2348,1764,0,0,82.2,16827.8,7,0,0
428080,1453,819,2,4,30.0,81363.4,6,0,0
436512,1483,1924,2,1,2701.0,32760.0,0,1,39453744
629629,2149,2038,2,4,4500.0,23160.6,1,0,0
3446415,1272,1033,0,0,187.9,42641.9,7,0,0
3582999,1602,1460,0,0,88.8,21112.0,7,0,0
152148,509,2020,0,3,15191.0,33689.6,1,0,0
820447,2793,2037,2,4,14.6,18644.7,6,0,0
796884,2714,1079,2,4,1000.0,33177.4,1,0,0
3515501,9869,972,0,0,237.6,53798.9,7,0,0
880567,3000,1831,2,4,2160.0,59973.6,1,0,0
404721,1378,1773,2,1,2953.0,75469.2,5,9,81520026
1028562,3513,1747,0,3,19078.0,60419.9,1,0,0
271663,930,1474,2,4,960.0,46191.5,1,0,0
2722122,9006,2019,2,4,46300.0,42847.4,1,0,0
3467486,3858,1976,0,0,166.2,39770.7,7,0,0
923712,3147,2098,2,4,14.6,63985.7,6,0,0
1935757,6555,242,2,4,30.0,33483.2,6,0,0
2736332,9052,1421,2,4,25300.0,48660.5,1,0,0
614245,2093,1858,2,4,4200.0,37749.7,1,0,0
286109,982,1100,0,3,4550.0,18337.1,1,0,0
534778,1821,1906,2,4,15700.0,15738.9,1,0,0
675279,2306,851,2,4,5000.0,34793.1,1,0,0
1076635,3678,2016,2,4,5700.0,-3903.1,5,0,0
14812,49,2171,0,2,4654.0,15249.4,2,3,57398068
953305,3250,2068,2,4,14.6,16742.3,6,0,0
763032,2606,765,0,2,4499.0,17194.6,2,9,14537537
855182,2914,2110,0,3,7784.0,32950.0,1,0,0
3601950,2170,972,0,0,217.3,43878.1,7,0,0
3490413,7594,2037,0,0,274.0,72212.2,7,0,0
2592229,8564,1929,2,1,7170.0,63385.5,5,11,59670215
769698,2627,854,2,1,1579.0,21949.6,5,6,30658924
1890151,6397,893,2,4,16300.0,42217.6,1,0,0
265640,907,2098,2,4,14.6,15305.6,6,0,0
882170,3006,1319,2,1,3783.0,19964.1,5,13,98815863
884864,3015,2170,2,1,18.0,28600.6,1,12,49125337
486304,1658,1922,0,2,3184.0,23619.8,1,6,35297125
253189,866,849,2,4,9200.0,34405.7,1,0,0
298858,1018,1945,2,4,14.6,11158.3,6,0,0
227492,773,734,2,4,1500.0,43178.8,1,0,0
1265566,4328,1191,2,4,1000.0,28837.9,1,0,0
3528873,11271,1915,0,0,63.5,13555.7,7,0,0
459548,1563,1351,0,3,11300.0,12200.0,1,0,0
792692,2701,1118,2,4,5920.0,23900.0,1,0,0
2915447,9656,1833,2,4,2400.0,65882.3,1,0,0
483071,1644,1472,2,1,17.0,50152.4,3,4,66140669
236385,807,1463,0,3,1800.0,35018.8,1,0,0
317039,1081,2111,0,2,4512.0,27979.0,2,4,67860966
3508316,9156,2006,0,0,31.8,27536.1,7,0,0
2539576,8381,1867,2,1,740.0,10176.4,5,1,88732933
31286,101,1677,2,1,855.0,44163.7,0,4,26152324
3580281,1513,1580,0,0,174.6,43033.8,7,0,0
190713,648,1849,2,5,1900.0,85494.3,1,0,0
409961,1396,1419,1,4,11151.0,48571.6,1,0,0
1466626,4995,2141,2,1,3583.0,21307.1,8,9,68653625
545503,1856,1041,0,2,3261.0,23123.3,1,12,55557876
1549167,5270,1842,2,4,11900.0,45740.6,1,0,0
140842,471,2171,2,1,931.0,52118.8,0,2,97181409
872152,2971,1814,2,4,3900.0,89379.8,1,0,0
1265542,4328,1486,2,4,1700.0,26555.0,1,0,0
781933,2665,2086,2,4,4200.0,21578.6,1,0,0
117761,396,1585,2,1,5245.0,53389.2,5,11,71221321
843936,2872,2129,2,4,14.6,11702.6,6,0,0
3540546,302,1519,0,0,110.9,27979.4,7,0,0
475554,1621,676,2,1,7887.0,24224.5,5,11,69087219
687754,2348,2166,2,1,3349.0,6714.2,0,9,662106
613486,2090,1500,0,2,5299.0,16897.0,2,5,1385760
983603,3355,1429,2,4,14.6,44584.4,6,0,0
154506,518,1345,0,2,5836.0,25912.5,2,7,39158690
956005,3258,1945,2,4,14.6,61541.5,6,0,0
260412,892,1834,0,2,6177.0,31447.9,2,5,90831237
384514,1306,1810,2,4,1700.0,34811.4,1,0,0
1879664,6363,662,2,4,8600.0,39427.0,1,0,0
628622,2146,1229,2,1,2400.0,45009.3,5,11,75200062
3536696,189,2098,0,0,213.1,54660.9,7,0,0
2307885,7614,1526,0,2,40072.0,83921.2,1,8,40423691
843318,2870,2020,2,1,5851.0,45636.8,5,12,9366387
119051,400,277,0,3,13777.0,45285.0,1,0,0
1044618,3571,984,0,3,800.0,31502.1,1,0,0
672620,2297,1139,2,4,3960.0,13871.9,1,0,0
682298,2328,1494,2,4,2600.0,47188.8,1,0,0
878891,2993,1513,2,4,62300.0,79269.8,1,0,0
82908,277,1882,2,4,30000.0,98091.4,1,0,0
603623,2054,1434,2,4,3200.0,25129.8,1,0,0
37499,120,1526,0,3,6800.0,28342.6,1,0,0
1248197,4269,1548,0,3,8104.0,102333.8,1,0,0
947757,3230,2080,2,1,2144.0,37834.4,8,13,9279585
3656374,3809,2159,0,0,234.0,56661.4,7,0,0
3576909,1413,1825,0,0,105.1,26094.3,7,0,0
206660,701,1058,2,4,6700.0,35625.1,1,0,0
388471,1320,1641,2,4,14.6,22200.0,6,0,0
264602,903,1611,2,4,14.6,14422.7,6,0,0
551911,1879,1716,2,1,907.0,14758.2,1,12,53768026
1122120,3834,375,2,1,375.0,21078.8,0,13,63132923
183379,623,2032,2,4,3800.0,16474.4,1,0,0
362547,1233,1223,0,2,3390.0,13902.4,1,11,99501376
341926,1160,1481,2,4,9300.0,32997.8,1,0,0
3448282,2628,880,0,0,20.7,1514.0,7,0,0
1083930,3702,1040,0,3,16339.0,39071.4,1,0,0
3297140,10954,1875,2,5,2700.0,28760.5,1,0,0
426995,1450,2062,2,5,800.0,45669.9,1,0,0
508052,1737,1320,0,3,12252.0,43027.2,1,0,0
125640,423,2140,2,1,1942.0,21674.9,5,11,78170078
934410,3188,1931,2,4,10300.0,16675.4,1,0,0
688109,2350,2096,0,3,31349.0,63185.4,1,0,0
137224,460,1920,0,2,5922.0,34086.4,2,11,69185650
641366,2189,1399,2,4,14.6,60975.8,6,0,0
605439,2061,1194,2,1,675.0,17138.6,0,8,78724276
1120482,3828,1833,0,2,3016.0,16180.0,1,9,79247814
3293149,10942,1002,2,4,30.0,50487.0,6,0,0
824053,2808,2159,2,4,14.6,65121.9,6,0,0
482135,1641,1837,2,4,46400.0,40579.2,1,0,0
1034376,3536,1397,2,4,1700.0,24960.0,1,0,0
3564238,1018,1733,0,0,54.6,13994.1,7,0,0
121054,406,2011,0,2,3096.0,17946.0,1,7,74285417
1657716,5622,1778,0,3,13800.0,48486.9,1,0,0
625801,2137,1006,2,4,3300.0,25279.9,1,0,0
3509502,9235,1733,0,0,81.5,34224.8,7,0,0
3599236,2078,607,0,0,197.1,48787.7,7,0,0
3646763,3535,1399,0,0,76.0,18603.0,7,0,0
63674,211,1735,2,4,44100.0,70986.3,1,0,0
1276822,4368,1712,2,4,14100.0,33761.9,1,0,0
1167574,4000,1246,2,4,14.6,50033.3,6,0,0
1096118,3746,1400,2,4,8500.0,46790.8,1,0,0
2775911,9188,1314,2,1,66.0,24264.4,3,8,96138745
25569,84,2166,0,3,7510.0,87275.9,1,0,0
2907783,9631,1436,2,4,2100.0,65022.1,1,0,0
451679,1535,2003,2,4,4440.0,55962.6,1,0,0
1142065,3905,1732,0,3,17737.0,76411.5,1,0,0
211083,717,2141,2,1,6561.0,23345.0,5,6,48199552
455954,1548,2171,2,1,2106.0,22203.9,5,7,36616581
169894,569,1549,0,3,1700.0,26664.3,1,0,0
659349,2250,1884,2,4,14.6,60101.7,6,0,0
3650222,3634,1884,0,0,236.5,62878.0,7,0,0
474710,1617,1154,2,4,14.6,16938.5,6,0,0
979839,3342,2045,0,3,14906.0,41117.2,1,0,0
3611385,2463,1580,0,0,97.4,16105.9,7,0,0
3571178,1234,454,0,0,119.4,29256.3,7,0,0
1164391,3987,2094,2,4,4200.0,22090.3,1,0,0
337466,1146,491,0,3,21725.0,56911.9,1,0,0
156731,524,772,2,1,5768.0,24213.0,5,1,71994364
1094387,3742,2050,2,1,2969.0,20503.5,5,11,34186905
641553,2190,1775,0,3,14607.0,39452.3,1,0,0
523290,1786,706,2,1,8818.0,20331.0,5,9,45089298
267454,915,1713,2,1,14291.0,72328.7,5,3,73569780
1681790,5700,1827,2,4,5640.0,-1154.6,1,0,0
743655,2539,2098,2,4,14.6,26321.4,6,0,0
65272,217,1641,2,4,14.6,27778.2,6,0,0
3517432,10063,1460,0,0,212.4,61452.6,7,0,0
3037037,10068,2103,2,4,7500.0,41415.4,1,0,0
995615,3397,1611,2,4,8900.0,26958.9,1,0,0
1150923,3936,1591,2,1,432.0,23638.7,3,1,8674580
1391867,4743,1426,1,4,24987.0,39299.4,1,0,0
3218339,10679,1764,2,4,14.6,55367.4,6,0,0
2354296,7765,1845,2,4,6000.0,40132.5,1,0,0
175897,593,1832,2,4,13800.0,43555.2,1,0,0
646176,2207,1460,2,4,14.6,49730.0,6,0,0
702423,2406,1504,2,1,3186.0,16039.8,5,9,54419815
1074265,3670,1215,2,4,14.6,27107.5,6,0,0
3576169,1396,1611,0,0,272.0,55267.3,7,0,0
3676218,6400,2098,0,0,300.8,64067.7,7,0,0
3331679,11065,370,2,4,1800.0,47668.6,1,0,0
560746,1908,1444,2,4,1840.0,24556.7,1,0,0
1046906,3580,799,2,1,335.0,29918.6,0,1,9052366
1694845,5742,1491,2,4,100.0,25770.9,6,0,0
200266,680,2135,0,3,14333.0,39740.5,1,0,0
952250,3246,1641,2,4,14.6,20694.2,6,0,0
236368,807,953,2,4,9700.0,32714.5,1,0,0
2293237,7565,2018,2,1,3197.8,28163.5,8,3,61455482
1223549,4190,1441,0,3,16557.0,48646.5,1,0,0
3608851,2383,1915,0,0,184.1,46647.4,7,0,0
577113,1965,1915,2,4,100.0,61106.9,6,0,0
3465523,3332,2006,0,0,138.6,17909.5,7,0,0
3548920,552,698,0,0,97.0,22653.6,7,0,0
732676,2504,1229,0,3,23376.0,43073.1,1,0,0
324139,1107,253,0,2,6390.0,7190.0,2,8,72903412
2477593,8173,1745,2,4,22200.0,65968.6,1,0,0
567005,1930,1707,2,4,2800.0,21412.1,1,0,0
477686,1628,1441,0,2,4276.0,21044.8,2,11,15916598
279399,956,1208,0,3,1400.0,42405.4,1,0,0
1154360,3948,1496,2,1,210.0,27557.3,0,3,3710729
823188,2803,1144,2,4,44300.0,86469.6,1,0,0
3614930,2552,2037,0,0,219.6,53047.1,7,0,0
772906,2638,1507,2,4,13300.0,42718.3,1,0,0
2489512,8212,1307,1,4,19281.0,91545.7,1,0,0
931456,3175,1640,2,4,14600.0,12366.9,1,0,0
3410734,11320,2136,0,3,17279.0,23394.7,1,0,0
1144495,3915,1708,0,3,23131.0,68057.3,1,0,0
763131,2606,1950,2,1,31.0,22886.1,5,1,91720389
111693,377,789,2,4,28400.0,91940.9,1,0,0
1876440,6353,1489,2,4,2520.0,51998.2,1,0,0
898425,3063,1405,0,2,3495.0,35628.3,1,7,8035934
3545174,443,423,0,0,78.2,19765.8,7,0,0
2521929,8321,1258,2,1,1484.0,12802.2,8,1,48114669
3587340,1730,1703,0,0,159.4,38293.1,7,0,0
3452202,5472,2037,0,0,23.8,6285.3,7,0,0
707644,2423,1754,2,4,2000.0,18915.0,1,0,0
372266,1268,393,2,4,390.0,17977.3,1,0,0
3402986,11295,607,2,4,14.6,35636.1,6,0,0
369362,1256,922,2,1,5450.0,33797.8,0,10,69528400
1050817,3594,1352,0,3,38028.0,53586.7,1,0,0
1040704,3558,1851,1,4,4002.0,62983.6,1,0,0
3664795,4447,1491,0,0,233.6,69642.4,7,0,0
518565,1771,1099,2,4,2300.0,23113.8,1,0,0
26310,86,1849,2,4,390.0,23430.4,1,0,0
912041,3109,1338,1,4,17792.0,15246.8,1,0,0
520773,1778,1460,2,4,14.6,44759.0,6,0,0
619800,2116,1867,2,1,3407.0,26356.9,0,9,59543710
636928,2175,1429,2,4,14.6,66925.5,6,0,0
3596564,1994,1611,0,0,155.2,26156.9,7,0,0
3595184,1957,2190,0,0,110.4,26012.6,7,0,0
1105352,3776,1534,2,4,24600.0,46845.9,1,0,0
389145,1323,1235,0,3,600.0,600.0,1,0,0
971101,3309,1473,2,1,2991.0,34177.7,0,3,46898156
3544776,428,972,0,0,111.0,26930.2,7,0,0
137159,459,1100,0,3,2200.0,12900.0,1,0,0
731697,2501,1220,2,1,524.0,42032.3,5,13,82897442
744943,2542,1778,2,4,900.0,23634.6,1,0,0
143085,479,1708,0,2,3097.0,13323.8,1,3,71889817
886345,3021,1408,0,2,19451.0,53695.2,1,5,53171700
3549541,573,1703,0,0,244.5,50271.6,7,0,0
3467834,3949,2159,0,0,73.5,16466.1,7,0,0
226814,772,462,2,1,660.0,37669.2,0,13,62614697
604395,2057,2108,2,1,102.0,61682.6,0,1,71481627
1910804,6473,541,0,3,46129.0,55796.4,1,0,0
736319,2515,1938,0,3,14534.0,75580.4,1,0,0
3561191,929,1063,0,0,168.1,38563.0,7,0,0
957532,3261,1550,2,4,14.6,33710.8,6,0,0
244423,838,1645,2,4,600.0,23900.0,1,0,0
1095663,3745,1106,2,4,8700.0,42670.5,1,0,0
745280,2543,788,2,4,14.6,29855.4,6,0,0
556057,1892,731,2,4,800.0,27312.5,1,0,0
1908037,6463,1822,2,4,4800.0,43604.5,1,0,0
2102708,7123,407,2,1,3918.2,38485.8,8,12,42583918
289622,992,1165,2,1,335.0,39162.3,3,5,3588748
412833,1404,344,2,1,123.0,38457.7,0,2,76187407
3538117,228,1519,0,0,139.9,34764.6,7,0,0
3467658,3921,1185,0,0,386.0,62604.7,7,0,0
974162,3319,1351,2,1,2154.0,31105.3,0,11,77133154
3667115,4794,1703,0,0,98.9,19254.8,7,0,0
1263597,4321,1488,2,4,2100.0,81490.8,1,0,0
1010944,3455,1555,0,2,33735.0,60971.5,1,11,11400890
587996,2001,1360,2,4,7500.0,50309.2,1,0,0
1167197,3999,1565,2,4,3400.0,79609.9,1,0,0
1034346,3536,1672,2,4,14.6,20782.4,6,0,0
482932,1644,1621,2,1,2534.0,57630.0,5,3,89781009
3541099,321,1094,0,0,110.4,26136.1,7,0,0
1153976,3947,1867,2,4,11100.0,34019.6,1,0,0
964454,3287,256,0,3,21936.0,43091.9,1,0,0
71389,238,856,2,1,2234.0,13983.8,1,5,39059901
792328,2700,1094,2,4,14.6,24188.8,6,0,0
309193,1053,1550,2,4,14.6,32301.9,6,0,0
3629216,2981,2006,0,0,58.8,12890.4,7,0,0
514396,1760,1392,2,4,880.0,32029.5,1,0,0
993340,3389,1858,0,3,21724.0,67337.2,1,0,0
780973,2663,1114,2,4,1280.0,18690.2,1,0,0
63846,212,1861,2,1,13841.0,41089.4,5,3,58462047
351014,1192,1997,2,4,5500.0,45063.9,1,0,0
3560361,903,1641,0,0,61.0,14964.6,7,0,0
181013,614,2128,2,4,800.0,37862.5,1,0,0
1114955,3808,1374,2,1,1966.0,23769.4,5,1,7896417
328401,1120,651,2,1,1508.0,19639.9,5,4,5904931
1124528,3840,2137,2,1,2559.0,30055.7,5,2,87679588
1043961,3570,1084,2,4,2900.0,38144.0,1,0,0
147052,492,1542,2,4,2100.0,27395.4,1,0,0
1054887,3608,1959,2,1,3124.0,94403.5,5,1,49062126
3619479,2691,1641,0,0,100.0,26498.0,7,0,0
871842,2970,1041,2,4,8100.0,32123.4,1,0,0
600140,2043,1382,2,1,4366.0,21189.5,5,9,39356404
52280,174,1555,2,1,2139.0,15102.6,1,9,73784321
3567563,1125,1856,0,0,163.4,48400.4,7,0,0
829630,2824,1612,2,4,4200.0,64324.0,1,0,0
437829,1487,431,2,1,2204.0,14656.2,1,6,70317125
626380,2139,1882,1,4,16646.0,23215.5,1,0,0
3583066,1603,1429,0,0,172.1,41634.0,7,0,0
607487,2068,1470,2,1,172.0,16710.2,5,9,33975577
471538,1604,1759,2,4,10400.0,28991.3,1,0,0
350505,1190,2068,2,4,14.6,20199.6,6,0,0
601161,2047,918,0,2,4727.0,24235.0,2,7,94977980
3654949,3770,1611,0,0,200.3,49340.7,7,0,0
3608166,2364,1307,0,0,102.0,26110.6,7,0,0
2393065,7894,2045,0,3,10595.0,50635.9,1,0,0
578724,1970,1562,2,1,1774.0,48164.6,5,3,44169485
777562,2651,710,0,2,53894.0,96063.7,1,3,13750350
45752,153,1526,0,2,13730.0,32345.4,1,9,82911830
672816,2298,2171,0,3,32682.0,65048.9,1,0,0
115997,391,1276,2,4,14.6,30588.9,6,0,0
308270,1051,1199,0,3,12888.0,45258.9,1,0,0
3494306,7957,2098,0,0,280.3,89334.4,7,0,0
1384044,4715,1827,2,4,5700.0,28933.9,1,0,0
3445522,472,1611,0,0,175.8,42598.7,7,0,0
775932,2646,1785,2,4,32300.0,62042.2,1,0,0
49686,166,2077,0,2,4566.0,27178.3,2,12,30663150
3566573,1097,1338,0,0,119.9,35513.7,7,0,0
811158,2763,755,2,4,7500.0,29195.1,1,0,0
927109,3160,1290,2,1,8364.0,31363.3,5,5,5269879
1067004,3646,1684,2,1,2855.0,72522.2,5,1,43066799
1089424,3723,1413,0,3,1300.0,31903.2,1,0,0
152189,509,1846,2,4,2760.0,51691.8,1,0,0
907230,3091,1063,2,4,14.6,46466.8,6,0,0
1262857,4318,158,2,4,25300.0,81335.5,1,0,0
737747,2520,2018,2,1,2355.0,12761.4,5,2,39163434
1501216,5118,1036,2,4,7300.0,27486.6,1,0,0
3555805,771,1185,0,0,106.4,33466.6,7,0,0
618699,2111,867,2,4,4500.0,65625.6,1,0,0
919979,3135,1226,2,1,6814.0,43893.5,5,2,78418945
935860,3195,428,2,1,1599.0,23618.2,5,6,48782503
1095606,3745,1762,1,4,22074.0,50086.4,1,0,0
439759,1495,1011,2,1,670.0,75601.5,0,7,97259157
419744,1423,1413,2,1,2394.0,17896.2,5,12,64437407
153461,514,1646,2,1,5760.0,14850.6,5,6,49346691
638028,2177,1884,2,4,14.6,18203.0,6,0,0
612217,2086,2045,0,2,46199.0,115122.9,1,6,39209967
720396,2467,1738,2,1,5332.0,59177.0,5,5,55811417
3588355,1766,1246,0,0,143.1,29260.9,7,0,0
737377,2519,1412,2,1,1599.0,34428.1,5,8,87381881
712291,2435,524,0,3,41888.0,78316.6,1,0,0
875105,2981,1837,2,4,630.0,21761.2,1,0,0
306424,1045,1747,0,2,6333.0,22128.1,2,9,28271728
2438433,8039,2110,2,1,610.0,32151.1,0,7,52981835
251070,861,880,2,4,14.6,35941.4,6,0,0
1319041,4503,903,1,4,7160.0,45552.0,1,0,0
703337,2410,731,2,4,2950.0,25137.8,1,0,0
350288,1189,2098,2,4,14.6,30248.2,6,0,0
3605871,2294,1519,0,0,155.2,27646.7,7,0,0
263705,901,1755,2,4,4000.0,24337.2,1,0,0
3528711,11244,1672,0,0,188.8,42811.3,7,0,0
111496,377,1854,0,3,38339.0,80642.4,1,0,0
326949,1116,1491,2,4,14.6,36946.9,6,0,0
315076,1075,1793,0,3,700.0,43945.1,1,0,0
3441765,1301,1550,0,0,144.4,68620.4,7,0,0
858084,2925,1168,2,1,4297.0,25538.8,5,9,35286706
518948,1772,1562,2,1,11994.0,69990.3,5,5,88971179
374051,1273,1519,2,4,14.6,31915.4,6,0,0
2736059,9052,1097,0,3,33996.0,65297.9,1,0,0
636848,2175,1846,2,4,5400.0,49985.6,1,0,0
3119209,10351,1957,2,1,1848.0,16802.3,8,4,66402935
587451,1999,2037,2,4,14.6,58061.0,6,0,0
751410,2563,1893,2,1,2984.0,34903.7,5,13,67025834
1097054,3748,1215,2,4,14.6,17358.9,6,0,0
3460271,360,1825,0,0,258.2,69675.2,7,0,0
218803,743,1825,2,4,14.6,26497.4,6,0,0
3147259,10445,2164,0,3,35865.0,104927.7,1,0,0
279537,957,2075,0,2,3189.0,19252.0,1,12,24377680
706940,2421,1315,2,1,220.0,26348.3,0,7,93932258
3144387,10436,1776,2,1,1511.0,72226.7,8,1,4855519
633956,2165,1884,2,4,14.6,21078.4,6,0,0
98446,336,1198,2,4,15200.0,43742.0,1,0,0
2648468,8759,991,0,3,29123.0,95813.9,1,0,0
686553,2344,1604,2,4,1920.0,14555.2,1,0,0
1164986,3991,1837,0,2,6943.0,25520.6,2,1,86791544
87675,293,1835,2,4,4160.0,34745.5,1,0,0
2525165,8330,1286,2,4,16900.0,38197.9,1,0,0
3584115,1633,2037,0,0,116.2,29585.5,7,0,0
2521997,8321,1102,2,4,2880.0,26802.0,1,0,0
2869146,9494,1945,2,4,14.6,31494.4,6,0,0
933286,3183,972,2,4,14.6,33308.6,6,0,0
73786,244,1831,2,1,232.0,49818.6,3,4,7008588
948244,3232,1499,0,2,4600.0,23580.2,2,11,78127258
653596,2235,1590,2,1,3730.0,22867.0,5,2,65763521
784175,2672,1800,2,1,2111.0,8362.6,5,8,87283455
594888,2025,1138,2,1,6704.0,19190.4,5,8,27186978
542035,1843,941,2,4,14.6,26711.5,6,0,0
998810,3410,1345,2,1,120.0,39538.6,0,1,6115699
3123158,10364,2169,2,4,1760.0,57608.0,1,0,0
540203,1836,1470,0,3,2000.0,29553.3,1,0,0
608575,2071,1652,0,3,15407.0,47414.1,1,0,0
407900,1388,1236,2,4,19400.0,41682.1,1,0,0
1067705,3648,1884,2,4,14.6,27661.7,6,0,0
1120516,3828,2137,2,1,2010.0,18891.8,5,4,80965399
663136,2264,2079,2,1,1810.0,22652.5,5,3,60699409
206889,702,1625,2,1,2813.0,14585.4,5,3,53787499
996021,3399,1611,2,4,14.6,34113.1,6,0,0
3602048,2173,2098,0,0,119.5,27954.1,7,0,0
384622,1306,1110,2,4,5800.0,30329.9,1,0,0
706432,2419,515,2,4,14.6,37739.0,6,0,0
14584,48,1531,0,3,22814.0,65129.3,1,0,0
3468771,4132,1884,0,0,128.3,29432.0,7,0,0
573947,1953,2031,0,3,23258.0,117970.9,1,0,0
1395345,4753,1856,2,4,14.6,14443.3,6,0,0
238878,816,2083,2,4,1700.0,60524.5,1,0,0
894975,3050,1050,2,4,9900.0,31130.9,1,0,0
1424235,4852,984,0,3,7191.0,41481.2,1,0,0
995748,3398,1856,2,4,14.6,18635.7,6,0,0
467155,1590,1315,2,1,551.0,36066.6,3,10,99553811
355388,1204,667,2,4,5280.0,31743.4,1,0,0
228520,775,1076,2,4,18900.0,49192.7,1,0,0
2106565,7133,1684,0,3,4347.0,19229.4,1,0,0
245018,841,437,2,1,2109.0,26955.0,5,5,1747614
1085850,3710,1373,0,3,11548.0,41717.2,1,0,0
787895,2685,1536,2,4,3360.0,17858.0,1,0,0
903359,3078,1621,2,1,2232.0,14116.3,1,6,30277490
229782,782,1956,0,3,24593.0,72452.1,1,0,0
544721,1852,585,2,1,2199.0,21036.6,5,10,43960928
1356851,4631,2131,2,4,17400.0,83650.5,1,0,0
566040,1926,875,2,4,900.0,20672.5,1,0,0
980335,3345,2135,0,2,4281.0,6522.6,2,5,28620410
331707,1129,2129,2,4,14.6,55326.2,6,0,0
756490,2581,1641,2,4,14.6,55717.1,6,0,0
933916,3186,1441,0,3,31250.0,57152.8,1,0,0
1115665,3810,2078,0,2,6541.0,53394.4,2,12,64665311
928829,3166,491,0,3,24019.0,39181.7,1,0,0
2454093,8092,1067,2,4,700.0,9184.5,1,0,0
1162539,3980,1486,2,4,10080.0,29949.3,1,0,0
1050098,3592,668,2,4,14.6,27444.8,6,0,0
139063,465,1033,2,4,14.6,22180.6,6,0,0
268088,917,1495,2,4,500.0,25936.4,1,0,0
1312050,4480,1570,2,4,2100.0,20036.4,1,0,0
68226,227,1292,2,4,14100.0,76307.9,1,0,0
3520171,10320,576,0,0,162.7,28590.8,7,0,0
172041,576,150,2,4,14.6,25649.9,6,0,0
1531313,5215,1256,2,1,870.0,42087.2,0,9,71636765
921627,3141,1268,2,4,3300.0,37870.4,1,0,0
725214,2482,1622,2,1,55.0,34171.7,0,2,27061575
424709,1442,1831,2,1,5950.0,31883.3,5,9,70648139
1073658,3669,1102,2,1,1298.0,21504.7,0,1,20263856
67767,225,1399,2,4,14.6,41908.9,6,0,0
439127,1493,588,2,1,2264.0,19142.6,5,3,95543610
496739,1693,1976,2,4,100.0,36280.5,6,0,0
3519412,10220,1825,0,0,41.0,26743.1,7,0,0
442102,1503,1775,2,1,3171.0,21239.9,5,8,11958569
1635402,5546,1652,0,2,25369.0,50561.9,1,6,72397291
1102074,3764,2016,0,2,3911.0,31873.0,1,9,73373335
3566821,1104,2098,0,0,203.1,45821.1,7,0,0
3458865,11295,972,0,0,105.9,27138.8,7,0,0
1119721,3825,1754,2,4,950.0,32484.4,1,0,0
3549985,588,1094,0,0,123.4,28021.3,7,0,0
190770,648,1033,2,4,14.6,48279.5,6,0,0
418977,1421,1355,0,3,1200.0,28907.1,1,0,0
631579,2156,1586,0,3,24233.0,55776.6,1,0,0
438254,1488,1819,2,4,7900.0,21055.7,1,0,0
891509,3039,1709,0,3,9403.0,50233.6,1,0,0
860371,2932,1125,0,3,49972.0,133157.1,1,0,0
824230,2809,983,2,1,1764.0,32881.4,5,8,88213985
552822,1882,734,2,1,1907.0,23766.8,5,5,5768174
1580300,5372,1591,0,3,34163.0,148484.9,1,0,0
848768,2891,1739,0,3,18828.0,54841.7,1,0,0
283129,972,1958,0,2,3058.0,18022.3,1,6,83651440
223029,759,1807,0,2,2928.0,82990.8,1,5,34275633
261478,895,1915,2,4,14.6,17338.1,6,0,0
3618257,2651,1580,0,0,224.0,46772.7,7,0,0
856029,2916,1889,2,4,2400.0,36612.9,1,0,0
274783,941,1153,0,3,3100.0,18738.9,1,0,0
480350,1637,1924,2,1,774.0,21426.0,5,6,47292917
522196,1782,556,2,1,3231.0,23731.1,5,3,99716561
25254,83,2188,2,4,1120.0,33109.8,1,0,0
893418,3045,2068,2,4,14.6,17903.8,6,0,0
2464067,8127,1880,0,3,37827.0,71899.5,1,0,0
1211140,4144,2080,2,1,5915.7,32013.5,8,9,13202494
775863,2646,1894,1,4,8478.0,51852.6,1,0,0
3641119,3348,1794,0,0,266.5,62289.0,7,0,0
587175,1999,433,2,1,2676.0,59564.3,5,3,51544994
3535975,166,1641,0,0,98.6,23396.3,7,0,0
534312,1820,735,2,1,7794.0,25957.3,5,12,58238744
95100,323,2108,0,2,6836.0,21688.0,2,3,80189060
251391,862,814,1,4,21743.0,28005.4,1,0,0
1198540,4103,1388,0,3,20477.0,101143.5,1,0,0
3440744,1109,729,0,0,93.3,35309.2,7,0,0
554879,1888,1959,2,4,14100.0,20135.5,1,0,0
3594963,1948,1856,0,0,117.0,30708.4,7,0,0
832666,2835,1905,0,3,3600.0,29544.7,1,0,0
298831,1018,1125,2,4,14.6,12417.0,6,0,0
1548978,5270,1098,2,4,8400.0,31026.5,1,0,0
272313,931,2059,2,4,3240.0,20028.0,1,0,0
718103,2460,832,0,3,6924.0,30008.8,1,0,0
3654004,3745,484,0,0,170.9,40490.0,7,0,0
950904,3241,1094,2,4,14.6,33562.2,6,0,0
296142,1010,1794,2,4,14.6,4355.1,6,0,0
654804,2239,1837,2,1,405.0,54224.9,0,13,22235125
319952,1093,1983,0,2,72206.0,95671.7,1,9,19132757
571012,1943,1744,2,1,3060.0,43377.3,5,3,34419673
3035577,10063,2109,2,1,7601.0,51800.7,0,11,1152956
952080,3246,1163,2,1,4621.0,21728.3,5,8,1907498
716149,2453,1069,2,1,2190.0,20860.9,5,11,32186746
3454218,7011,880,0,0,136.5,82189.3,7,0,0
329276,1123,1382,2,1,2444.0,29329.7,5,13,11799949
1270277,4343,775,2,4,3000.0,41969.1,1,0,0
239147,816,996,0,3,1900.0,33549.0,1,0,0
20495,68,1313,2,1,137.0,53670.4,3,10,34692824
660475,2254,1448,2,4,12000.0,108721.1,1,0,0
8622,31,1394,0,3,35548.0,77465.4,1,0,0
1035024,3539,711,0,3,1500.0,30038.0,1,0,0
934315,3188,1920,0,3,15513.0,34598.4,1,0,0
2121652,7184,2140,2,1,1879.0,36479.9,0,1,5196965
3555750,767,1125,0,0,152.0,13126.9,7,0,0
719938,2465,1921,2,1,454.0,19689.2,5,6,48546957
3662877,4099,1307,0,0,116.0,32798.0,7,0,0
2732989,9041,521,0,3,15741.0,56864.8,1,0,0
3540974,317,1764,0,0,114.8,26230.3,7,0,0
3609832,2417,1307,0,0,70.6,17738.3,7,0,0
786434,2680,2167,2,4,6300.0,48432.1,1,0,0
660628,2255,1742,0,2,3126.0,19844.2,1,6,10162395
212318,720,1976,2,4,14.6,18523.0,6,0,0
2477278,8173,1115,2,4,5100.0,29940.8,1,0,0
169113,566,1804,0,3,40051.0,102661.6,1,0,0
504651,1723,1889,0,3,22550.0,68729.1,1,0,0
240197,819,2161,2,4,16200.0,38194.5,1,0,0
3492545,7795,1519,0,0,156.3,24187.3,7,0,0
805049,2742,2068,2,4,14.6,33914.0,6,0,0
3465940,3496,2159,0,0,419.1,104286.3,7,0,0
3536405,183,1460,0,0,178.5,36931.2,7,0,0
207923,706,1410,0,3,18182.0,54112.6,1,0,0
1340721,4580,1494,0,3,48725.0,90574.1,1,0,0
1152767,3942,1962,2,4,6000.0,53062.5,1,0,0
559126,1902,454,2,4,30.0,33085.3,6,0,0
3555837,771,2159,0,0,68.6,13039.3,7,0,0
3583074,1603,1672,0,0,111.3,30450.3,7,0,0
3315141,11013,1034,2,4,5800.0,38131.7,1,0,0
306429,1045,1898,0,2,6333.0,18595.3,2,9,28271728
3538943,252,1611,0,0,72.1,28295.1,7,0,0
3558702,863,698,0,0,101.3,19794.8,7,0,0
1387909,4729,2166,2,4,4160.0,783.1,1,0,0
3036217,10065,1856,2,4,14.6,100573.8,6,0,0
998869,3410,1851,2,4,3360.0,22456.6,1,0,0
396917,1350,1845,2,4,4200.0,38365.0,1,0,0
438802,1491,2060,2,5,600.0,46383.0,1,0,0
3557517,830,637,0,0,238.7,58484.3,7,0,0
1063815,3634,1626,2,4,11000.0,34956.4,1,0,0
100697,344,1927,2,1,1683.0,43111.1,8,2,77219027
350534,1190,2127,2,4,7400.0,17124.0,1,0,0
96081,327,1094,2,4,14.6,43574.9,6,0,0
842843,2868,1222,2,1,3306.0,16849.8,5,5,78688722
641013,2189,620,0,3,20782.0,51871.9,1,0,0
2908243,9633,2133,1,4,14616.0,31060.8,1,0,0
580710,1976,1922,2,1,3408.0,29604.3,5,2,86137228
3602471,2187,1915,0,0,176.8,43073.9,7,0,0
426298,1448,1609,2,4,4300.0,11775.8,1,0,0
252254,863,2145,2,4,11900.0,93771.8,1,0,0
253901,870,1185,2,4,14.6,24872.2,6,0,0
180328,610,1067,2,4,12900.0,46049.7,1,0,0
122086,410,1869,0,2,5738.0,14901.7,2,11,33926296
3611433,2464,1033,0,0,105.0,22307.2,7,0,0
558589,1900,2159,2,4,14.6,44531.9,6,0,0
480095,1636,2014,0,3,23310.0,83779.9,1,0,0
107080,363,550,2,4,11900.0,37217.9,1,0,0
3317695,11021,1333,0,3,10885.0,84608.1,1,0,0
3629722,2996,2037,0,0,232.3,53863.4,7,0,0
1063148,3631,1772,0,2,5224.0,49653.5,2,7,4420382
776931,2649,613,2,1,177.0,27001.8,3,10,86506151
3643821,3436,1794,0,0,120.1,29503.6,7,0,0
3509742,9265,423,0,0,308.1,90854.1,7,0,0
2721752,9006,750,0,3,45074.0,122743.6,1,0,0
3445359,347,454,0,0,104.1,26005.0,7,0,0
701579,2401,2049,2,1,2782.0,32226.1,5,6,76152759
738589,2523,1412,2,1,82.0,17492.1,0,11,19039827
144861,485,461,2,1,3572.0,12228.1,3,1,20747721
3613502,2514,1276,0,0,200.9,51385.3,7,0,0
1462927,4981,1771,2,1,4930.0,48063.4,5,13,61511546
550178,1874,612,2,1,2100.0,19937.2,1,10,15775823
3547163,498,1154,0,0,304.8,77096.7,7,0,0
842669,2867,1687,0,3,600.0,85807.5,1,0,0
3662299,4013,1368,0,0,136.8,32217.7,7,0,0
35355,113,2166,2,1,3146.0,26943.6,5,4,11191487
623816,2128,2006,2,4,480.0,18788.3,1,0,0
2979453,9869,1282,2,4,13700.0,60776.2,1,0,0
307406,1048,746,2,4,2080.0,17810.8,1,0,0
3514595,9750,607,0,0,127.1,56149.8,7,0,0
687005,2345,2129,2,4,14.6,22853.0,6,0,0
307825,1050,1927,0,2,25317.0,82911.1,1,12,2865469
1296460,4427,1125,2,4,14.6,17257.3,6,0,0
1563154,5313,2067,2,4,3600.0,33687.8,1,0,0
982783,3354,1376,0,3,10352.0,27422.3,1,0,0
1163661,3983,880,2,4,14.6,34202.3,6,0,0
140354,470,769,2,1,630.0,24869.5,0,5,70524096
264419,903,619,2,1,2580.0,25851.3,5,4,40163380
874788,2980,1955,2,1,3316.0,18210.7,5,4,92280965
3538799,244,1856,0,0,196.8,47339.4,7,0,0
433907,1475,1296,1,4,7775.0,28076.5,1,0,0
246841,848,1616,2,1,1590.0,12282.6,0,10,72638684
2501946,8260,2106,0,2,37435.0,133731.6,1,7,92527162
3646075,3509,1915,0,0,190.6,47538.1,7,0,0
1296359,4427,1590,2,4,6100.0,14923.6,1,0,0
1546815,5263,1807,0,3,8888.0,40999.0,1,0,0
698081,2387,1611,2,4,14.6,12569.3,6,0,0
2061064,6985,2049,2,1,2687.5,16190.0,8,10,77922910
220076,748,947,0,3,9738.0,37786.1,1,0,0
229303,780,1443,0,3,30328.0,65160.1,1,0,0
339508,1152,1320,2,1,2186.0,19056.6,5,4,77527123
42214,141,2168,0,2,45248.0,64720.8,1,9,17828584
1013491,3465,1846,2,5,2100.0,62049.3,1,0,0
351286,1193,729,2,4,7100.0,35255.6,1,0,0
193355,655,1512,2,5,2800.0,61776.3,1,0,0
1039145,3554,835,0,3,500.0,34966.3,1,0,0
136824,458,1974,2,4,2500.0,42023.9,1,0,0
3541817,340,2190,0,0,166.4,39395.6,7,0,0
1013223,3464,1274,2,4,5700.0,26842.4,1,0,0
296765,1012,1591,2,4,2600.0,68699.2,1,0,0
440298,1496,1002,2,4,14.6,37704.4,6,0,0
724120,2479,1409,0,3,5987.0,17912.7,1,0,0
227632,773,559,0,3,7000.0,17023.3,1,0,0
834346,2840,1588,0,3,5633.0,55404.9,1,0,0
1263769,4321,1697,0,3,2800.0,92414.4,1,0,0
1781602,6040,953,2,1,489.0,35530.4,8,9,12242263
2349898,7753,917,1,4,9537.0,24040.9,1,0,0
744092,2541,2047,2,1,1822.0,45259.6,5,5,5857146
485292,1653,1831,2,1,4656.0,56403.6,5,3,37755870
3553265,691,1672,0,0,48.9,11740.3,7,0,0
983643,3355,1441,2,4,2600.0,45177.4,1,0,0
1876,8,1498,0,3,20475.0,39499.0,1,0,0
705157,2415,2012,2,1,7308.0,24796.5,5,8,65874808
234891,801,1724,0,3,2600.0,23347.7,1,0,0
106306,362,2173,0,3,14313.0,61331.7,1,0,0
531784,1811,1074,2,4,3100.0,28836.3,1,0,0
1424344,4852,1380,2,1,5925.0,18278.5,8,13,98242383
446534,1516,1894,2,1,2277.0,34170.1,5,13,87859165
588204,2002,643,0,2,6060.0,30088.1,2,6,9670401
3447550,1993,972,0,0,117.7,21693.4,7,0,0
1295434,4424,1985,0,3,12424.0,63032.6,1,0,0
601706,2049,1873,2,4,5400.0,20606.2,1,0,0
1053991,3605,2006,2,4,14.6,18735.4,6,0,0
3539137,260,2098,0,0,206.4,47584.5,7,0,0
2079614,7049,2105,2,4,26300.0,69893.0,1,0,0
644756,2201,1443,2,1,348.0,20793.6,1,3,16468906
728626,2491,1680,0,3,7012.0,20433.0,1,0,0
66870,222,545,2,4,14.6,73276.2,6,0,0
852427,2905,2165,0,3,18952.5,76007.3,1,0,0
414032,1407,1686,2,1,14882.0,59000.2,5,10,30396717
3461731,2274,1641,0,0,133.0,27699.9,7,0,0
717411,2457,1125,2,4,14.6,25080.8,6,0,0
3596034,1979,454,0,0,77.0,18632.5,7,0,0
1599217,5428,463,2,4,27500.0,53113.0,1,0,0
64546,214,1825,2,4,14.6,13629.8,6,0,0
3565261,1053,1703,0,0,111.4,28818.5,7,0,0
83430,279,1684,2,1,1380.0,25744.7,1,9,68556356
1036237,3544,1917,2,4,5100.0,18198.6,1,0,0
2776125,9188,1185,2,4,14.6,17414.9,6,0,0
1080200,3688,1123,2,4,5400.0,33452.7,1,0,0
1031917,3527,1471,0,3,200.0,200.0,1,0,0
3468057,4000,395,0,0,126.4,39940.9,7,0,0
3551376,632,1491,0,0,55.7,12971.9,7,0,0
365440,1242,1592,2,1,3674.0,27030.9,0,1,62675297
3635979,3196,1703,0,0,175.6,43854.4,7,0,0
121146,406,1471,2,4,840.0,12887.1,1,0,0
1165712,3995,1016,0,3,9807.0,27526.3,1,0,0
1296351,4427,1348,2,4,5700.0,13109.8,1,0,0
625160,2134,2015,2,1,641.0,39538.8,0,12,15210831
3461734,2274,1733,0,0,135.6,33742.9,7,0,0
1501040,5118,1555,2,1,446.0,30473.1,0,2,97549569
3562860,979,1945,0,0,110.0,22690.2,7,0,0
3579772,1497,1703,0,0,105.1,13306.1,7,0,0
1025713,3502,1863,2,1,5258.0,32999.1,5,4,40998464
3628195,2951,1491,0,0,212.7,46528.3,7,0,0
3412196,11325,1563,2,4,9800.0,29337.3,1,0,0
1005945,3434,2008,2,4,1500.0,11105.0,1,0,0
1342928,4588,1694,2,4,4500.0,12128.8,1,0,0
124286,418,1112,2,4,2280.0,45438.4,1,0,0
528484,1803,1107,0,2,3455.0,31880.5,1,8,7601386
1115924,3811,1921,2,1,2515.0,38836.5,5,6,13080460
1188288,4069,1979,2,4,2100.0,48224.6,1,0,0
35799,115,242,2,4,14.6,25900.7,6,0,0
329171,1123,376,0,3,16230.0,51498.8,1,0,0
641411,2189,711,2,4,17300.0,38901.9,1,0,0
3580019,1507,910,0,0,193.7,38247.6,7,0,0
235318,803,2188,1,4,5184.0,12699.8,1,0,0
706765,2420,1764,2,4,14.6,12328.0,6,0,0
726055,2484,465,2,1,1390.0,27064.7,0,10,72945260
3554523,731,1703,0,0,69.8,11992.5,7,0,0
117240,395,256,2,1,4036.0,37031.7,0,4,73209607
3604380,2245,1519,0,0,158.5,38709.6,7,0,0
554231,1887,1561,0,3,8412.0,31519.9,1,0,0
3336048,11079,1222,2,4,14100.0,27907.7,1,0,0
2688559,8899,980,2,4,2300.0,57215.4,1,0,0
2108113,7136,2110,2,1,2059.0,42766.1,8,10,16474801
989999,3374,1829,2,4,4200.0,11395.0,1,0,0
1029706,3517,1846,2,4,1680.0,23785.7,1,0,0
1051928,3597,1436,2,4,33500.0,63911.9,1,0,0
3456038,8998,1825,2,4,27.8,-1751.8,4,0,0
509355,1743,1869,0,2,4260.0,39149.0,2,10,62864976
206799,702,1070,0,2,4220.0,17783.7,2,3,40635764
673186,2299,1795,2,4,1700.0,24368.8,1,0,0
1365917,4660,1926,2,1,437.0,45731.5,3,7,76798975
149092,497,303,2,4,14.6,59972.4,6,0,0
3648493,3585,1945,0,0,133.9,33565.0,7,0,0
3442014,1334,2068,0,0,104.0,26262.3,7,0,0
64973,216,2006,2,4,14.6,15065.9,6,0,0
133088,446,220,0,3,24160.0,48475.4,1,0,0
2789069,9235,1594,2,4,13300.0,36512.0,1,0,0
579469,1972,707,2,1,2736.0,28868.8,5,13,67027497
946559,3226,1063,2,4,14.6,28197.4,6,0,0
1116616,3815,1745,0,3,40437.0,129827.9,1,0,0
483712,1646,1623,2,1,1651.0,103668.2,0,9,99677460
752262,2567,1530,0,2,3862.0,14730.0,1,9,14302832
261095,894,1898,0,2,6676.0,21094.3,2,10,50319933
144134,484,1587,0,3,9409.0,34887.0,1,0,0
822205,2800,1987,0,3,29012.0,51821.6,1,0,0
813491,2770,1344,2,1,494.0,28099.2,3,4,41737938
2370111,7815,983,2,1,2197.0,20241.4,3,5,92419248
716893,2456,1505,0,2,25124.0,44055.8,1,3,23090493
945980,3225,1646,2,1,8030.0,34527.2,5,2,58175218
150015,500,1889,2,1,3267.0,42676.4,5,7,57751679
91225,309,1995,2,4,25400.0,34325.7,1,0,0
523635,1787,497,0,3,10423.0,58370.0,1,0,0
298552,1018,1889,0,2,3963.0,18115.9,1,8,40950048
667941,2280,1378,2,4,10900.0,31096.2,1,0,0
853006,2907,2135,0,2,6891.0,31980.4,2,2,80834906
2590002,8558,698,2,4,100.0,38751.2,6,0,0
452243,1536,201,2,4,4900.0,27983.0,1,0,0
3438028,532,2098,0,0,347.6,93685.2,7,0,0
762308,2602,1843,2,4,3360.0,41359.3,1,0,0
304572,1038,1792,2,4,1200.0,20099.8,1,0,0
598469,2037,2164,2,1,8535.0,45795.8,0,2,40179944
887224,3026,1502,0,3,20740.0,46122.9,1,0,0
3532706,66,1550,0,0,257.9,56516.0,7,0,0
822756,2802,849,2,4,14.6,29816.9,6,0,0
707459,2423,2107,2,1,1317.0,11900.9,0,1,66884094
403810,1375,1161,0,3,20291.0,58621.3,1,0,0
1139207,3893,1639,2,4,960.0,21496.0,1,0,0
3455100,7944,1460,0,0,283.3,69650.4,7,0,0
3467862,3957,2098,0,0,277.7,72098.8,7,0,0
819944,2791,1963,2,4,1000.0,25197.5,1,0,0
2809963,9307,283,0,3,32383.0,61240.9,1,0,0
86614,290,856,0,3,23515.0,81791.0,1,0,0
205135,697,745,2,4,2160.0,40414.5,1,0,0
3640028,3306,1856,0,0,133.8,23355.0,7,0,0
3625406,2870,1368,0,0,107.1,29240.6,7,0,0
141434,473,1527,2,1,2640.0,40253.9,0,6,67095625
2868422,9491,1794,2,4,30.0,60931.5,6,0,0
136162,456,350,2,4,14500.0,38939.5,1,0,0
475417,1620,1968,2,4,4800.0,35142.9,1,0,0
845711,2880,2171,2,1,7501.0,57357.6,5,1,74414473
239000,816,1107,2,4,5400.0,56649.4,1,0,0
1156419,3956,1897,2,1,6035.0,47866.9,5,10,20439923
701609,2401,971,2,4,2320.0,27348.0,1,0,0
1143024,3909,1497,2,1,617.0,30149.6,3,13,73936581
124994,420,2098,2,4,14.6,70454.6,6,0,0
3586089,1689,2037,0,0,72.5,16487.3,7,0,0
548069,1865,2068,2,4,14.6,22267.7,6,0,0
369425,1256,1014,2,1,1974.0,38871.5,8,5,9768981
3600262,2116,2098,0,0,141.9,33224.7,7,0,0
560917,1909,550,0,2,3191.0,22315.6,1,1,24230474
3530950,20,2068,0,0,67.6,15680.3,7,0,0
353442,1200,1986,2,4,26300.0,39513.7,1,0,0
629833,2150,1101,2,4,720.0,17300.4,1,0,0
944646,3221,1818,2,4,4600.0,45038.5,1,0,0
3122275,10361,1915,2,4,14.6,31735.7,6,0,0
50763,170,1800,2,4,2800.0,37033.2,1,0,0
331573,1129,1190,2,1,2085.0,40644.6,0,3,57572519
3573589,1306,2190,0,0,157.9,39338.4,7,0,0
265774,908,1370,0,3,28209.0,53297.6,1,0,0
3621109,2739,1368,0,0,62.6,14287.1,7,0,0
812112,2767,1580,2,4,14.6,34966.6,6,0,0
541280,1840,2022,2,4,2900.0,18794.7,1,0,0
119669,401,383,2,4,2280.0,21935.4,1,0,0
1169179,4009,706,2,4,4320.0,81302.9,1,0,0
935810,3195,1106,0,3,4606.0,27197.6,1,0,0
192626,654,653,0,3,200.0,200.0,1,0,0
745594,2544,1866,2,1,5.0,34742.2,0,13,63550382
746859,2548,1103,0,3,5118.0,5418.0,1,0,0
48669,163,862,0,2,6698.0,28803.1,2,13,76209622
910210,3101,1105,0,2,2907.0,19804.4,1,12,35845464
297488,1015,1926,2,1,3925.0,14800.7,5,6,18432247
673663,2302,2140,0,3,12537.0,29879.8,1,0,0
400834,1365,1319,0,3,800.0,27600.2,1,0,0
2989113,9897,1750,2,4,2900.0,21411.7,1,0,0
1070837,3658,2024,0,3,1800.0,17481.3,1,0,0
1314603,4488,2006,2,4,14.6,11662.9,6,0,0
394617,1341,1215,2,4,14.6,15931.5,6,0,0
3563217,989,1215,0,0,65.0,15805.3,7,0,0
665065,2271,1378,0,2,3048.0,23441.7,1,11,96342283
845841,2880,1215,2,4,14.6,40438.2,6,0,0
3587654,1741,1519,0,0,90.6,22565.9,7,0,0
2777447,9192,1856,2,4,14.6,21389.6,6,0,0
273364,936,1845,2,4,560.0,13505.8,1,0,0
2439148,8041,1574,2,4,6300.0,61074.5,1,0,0
655213,2240,1405,2,4,26000.0,51501.1,1,0,0
249312,856,1683,2,1,3625.0,49769.3,5,11,71847098
1040692,3558,1714,1,4,21196.0,29355.1,1,0,0
3670877,5442,1033,0,0,95.0,13394.7,7,0,0
54782,183,757,2,4,15840.0,13242.0,1,0,0
309814,1055,1685,2,1,2047.0,17097.4,1,2,7340211
432218,1468,1033,2,4,14.6,15158.0,6,0,0
530780,1809,1078,2,4,8400.0,32800.3,1,0,0
1029154,3514,380,2,4,540.0,17110.2,1,0,0
3615811,2580,1368,0,0,188.9,45434.1,7,0,0
810312,2762,1680,2,4,5400.0,75549.4,1,0,0
760176,2593,1446,2,4,4320.0,53769.8,1,0,0
3647800,3567,760,0,0,48.2,16531.3,7,0,0
3581590,1557,2068,0,0,136.5,34269.3,7,0,0
1156202,3955,1399,2,4,14.6,38146.8,6,0,0
3659118,3898,788,0,0,108.3,25149.8,7,0,0
1274626,4358,1792,2,4,15300.0,98381.5,1,0,0
483778,1646,1855,2,4,7500.0,49292.9,1,0,0
290277,994,1884,2,4,14.6,41783.4,6,0,0
1145050,3916,2037,2,4,14.6,12022.4,6,0,0
454643,1544,284,2,4,15700.0,38533.2,1,0,0
561568,1910,1854,2,4,1080.0,65076.4,1,0,0
919644,3134,1454,2,4,4480.0,37488.7,1,0,0
402399,1370,1672,2,4,14.6,27088.1,6,0,0
211027,717,435,2,1,6561.0,27690.4,5,6,48199552
54284,181,1682,0,3,10772.0,48278.0,1,0,0
725655,2483,1807,2,4,3100.0,65695.8,1,0,0
3641697,3364,849,0,0,383.7,77123.5,7,0,0
673041,2298,1113,2,4,15500.0,46047.1,1,0,0
3591461,1844,1246,0,0,142.0,34719.6,7,0,0
3680765,7190,1519,0,0,85.5,20502.6,7,0,0
346437,1174,1113,2,4,3120.0,36622.3,1,0,0
162258,542,819,2,4,14.6,14140.4,6,0,0
2726231,9017,2037,2,4,14.6,7265.0,6,0,0
1143416,3910,1819,2,4,3680.0,12508.6,1,0,0
233991,796,1924,0,3,1900.0,30931.5,1,0,0
156779,524,889,2,4,10400.0,25190.1,1,0,0
684374,2336,862,0,3,5177.0,24474.4,1,0,0
969085,3302,870,2,4,1300.0,31797.8,1,0,0
45085,151,1289,2,1,411.0,14160.7,5,9,2754378
768173,2623,620,2,1,2891.0,24172.0,5,3,52708911
489409,1670,2129,2,4,14.6,23868.7,6,0,0
1043442,3568,1409,2,1,2626.0,21902.4,5,3,83231448
3529890,11349,1033,0,0,144.4,24848.9,7,0,0
668567,2282,423,2,4,30.0,57751.3,6,0,0
345665,1170,1972,1,4,16266.0,26166.8,1,0,0
1505762,5133,1859,0,3,24715.0,52656.4,1,0,0
2402549,7926,1373,0,3,44802.0,131374.8,1,0,0
137931,462,1438,0,3,31162.5,58028.7,1,0,0
973871,3318,1448,2,4,150.0,15958.4,1,0,0
179735,609,1320,0,2,2956.0,21792.8,1,3,46188896
562143,1912,375,2,4,2000.0,27458.0,1,0,0
480735,1638,2080,2,1,2676.0,34566.9,8,1,8848363
947686,3230,1563,0,3,48804.0,73014.6,1,0,0
3456613,9337,1703,0,0,341.2,72443.2,7,0,0
831190,2829,2050,2,4,1500.0,18167.5,1,0,0
3534512,119,698,0,0,162.7,39057.9,7,0,0
1057667,3616,2049,2,4,3400.0,24200.0,1,0,0
1154368,3948,1738,2,1,210.0,39824.7,0,3,3710729
801442,2733,1953,0,2,3488.0,38748.6,1,2,1785916
3609154,2393,849,0,0,123.8,21694.8,7,0,0
3616830,2613,788,0,0,60.4,14008.2,7,0,0
1669319,5661,2096,0,3,26193.0,15380.1,1,0,0
3285479,10915,2142,2,1,390.0,26456.4,0,4,27411347
437189,1485,725,2,4,1300.0,68941.3,1,0,0
604316,2057,1897,2,1,3573.0,60724.0,5,8,70669543
404220,1376,2106,0,2,4097.0,24365.2,2,7,9703773
727283,2487,2138,2,1,842.0,33350.6,3,8,9106064
227003,772,656,2,4,2400.0,62116.2,1,0,0
3593177,1899,1580,0,0,77.6,19067.2,7,0,0
402669,1371,2006,2,4,14.6,18085.6,6,0,0
1012401,3460,1733,2,4,14.6,90254.6,6,0,0
877843,2990,1625,2,1,2704.0,37507.8,0,4,22984445
607766,2068,910,2,4,14.6,21414.7,6,0,0
3613674,2519,1580,0,0,103.7,23602.1,7,0,0
941600,3213,739,2,1,562.0,14488.1,1,4,67793083
1166582,3998,1349,2,1,1519.0,56186.4,0,6,25096166
1921368,6511,645,2,4,1700.0,24560.5,1,0,0
280508,960,1276,2,4,100.0,55893.1,6,0,0
1266437,4330,1035,2,4,2100.0,27186.2,1,0,0
3599691,2094,1794,0,0,85.3,20939.0,7,0,0
271564,930,498,2,1,9356.0,34295.3,5,5,14144766
221045,750,1724,2,4,11100.0,49942.2,1,0,0
3468355,4078,1550,0,0,319.6,78608.0,7,0,0
3620028,2707,910,0,0,175.6,52086.9,7,0,0
900367,3068,1646,2,1,3878.0,12738.1,5,13,6201172
3598077,2038,1460,0,0,143.4,35219.4,7,0,0
180022,609,729,2,4,14.6,17366.3,6,0,0
184278,626,918,0,3,5459.0,37125.2,1,0,0
318222,1086,1480,2,4,810.0,14124.2,1,0,0
414180,1408,1503,0,2,36880.0,78798.8,1,1,97392367
352268,1197,1592,0,2,3873.0,36033.1,1,5,89770251
347934,1180,216,0,3,15206.0,45580.2,1,0,0
355938,1206,1317,0,2,5383.0,25208.2,2,13,91859644
264007,902,795,2,1,1726.0,22398.0,3,9,46706521
653967,2236,1764,2,4,14.6,24672.3,6,0,0
1292630,4416,647,0,3,1100.0,30006.9,1,0,0
1110636,3792,432,2,1,3518.0,18222.9,5,8,13595378
1131048,3864,1307,0,3,9000.0,15231.0,1,0,0
2586544,8547,1399,2,4,30.0,4678.6,6,0,0
283202,972,1990,2,1,1141.0,17955.4,1,13,58550822
1415012,4825,1629,2,4,2100.0,42411.8,1,0,0
3586545,1702,1519,0,0,106.8,28928.7,7,0,0
795101,2709,1530,0,2,3037.0,15785.0,1,5,46805065
933874,3185,2150,2,4,6300.0,44207.6,1,0,0
842851,2868,1467,2,1,3306.0,24108.9,5,5,78688722
1243876,4255,1658,1,4,15568.0,83028.6,1,0,0
54341,181,1800,2,5,1300.0,35704.0,1,0,0
32838,106,1016,2,1,3735.0,46828.0,5,12,46916538
717444,2457,2129,2,4,14.6,12530.9,6,0,0
1007441,3440,2186,2,4,2600.0,81112.4,1,0,0
87913,294,1794,2,4,14.6,53137.3,6,0,0
753680,2571,1804,2,4,38700.0,96923.4,1,0,0
813374,2770,2167,2,1,494.0,41976.2,5,13,10137910
3614841,2551,1338,0,0,130.1,24535.0,7,0,0
2707469,8957,1810,2,4,8400.0,69352.8,1,0,0
489770,1671,2098,2,4,14.6,23318.4,6,0,0
3649944,3626,2129,0,0,135.7,29182.5,7,0,0
3437629,430,1884,0,0,109.6,45650.6,7,0,0
131313,441,1251,2,1,3041.0,58603.0,5,13,91662942
2314796,7636,1496,2,1,325.0,29830.9,0,2,10650349
362749,1234,773,0,2,6390.0,20930.4,2,6,57374542
3649433,3612,1945,0,0,294.3,71997.3,7,0,0
176581,596,1835,2,5,3200.0,74252.6,1,0,0
847048,2884,1094,2,4,14.6,46109.3,6,0,0
498981,1700,1267,2,4,1800.0,27778.9,1,0,0
1214510,4156,1769,0,3,45122.0,70706.3,1,0,0
96422,329,1681,0,3,23842.0,63738.1,1,0,0
876388,2985,1925,2,4,2900.0,19755.5,1,0,0
292124,1000,2136,0,2,31348.0,83409.8,1,10,87163465
1044280,3571,1589,0,3,5169.0,30082.6,1,0,0
943364,3218,984,2,1,667.0,14821.2,0,11,42386043
1025687,3502,2170,0,3,33768.0,81076.7,1,0,0
1130431,3863,612,2,1,8504.0,16797.0,5,9,88157391
49010,163,1856,2,4,14.6,23331.1,6,0,0
1169208,4009,1845,2,5,3100.0,73443.2,1,0,0
1094273,3741,1764,2,4,14.6,27903.9,6,0,0
339191,1151,1954,2,1,3263.0,72888.0,5,12,90602427
1094291,3741,1475,2,4,3800.0,31898.4,1,0,0
60167,201,678,0,3,15835.0,16435.0,1,0,0
379214,1289,1703,2,4,4700.0,57604.8,1,0,0
479383,1634,1229,0,3,14851.0,59436.4,1,0,0
1089507,3723,1429,2,4,14.6,32027.8,6,0,0
765928,2616,1847,2,4,3120.0,21631.7,1,0,0
84812,284,2173,0,2,29128.0,61657.7,1,1,94361590
374944,1276,1292,2,4,1320.0,30107.4,1,0,0
1125907,3845,1943,2,4,15900.0,25147.0,1,0,0
2502910,8261,1884,2,4,14.6,20999.8,6,0,0
812221,2768,682,0,2,3849.0,29102.8,1,1,83222299
554492,1887,1238,2,4,4300.0,33265.4,1,0,0
212895,722,2154,2,4,12800.0,24523.1,1,0,0
657436,2246,2125,1,4,12938.0,78201.2,1,0,0
63308,209,1723,2,4,2700.0,19167.2,1,0,0
2572551,8492,1125,2,4,14.6,26838.7,6,0,0
2731890,9037,1770,2,1,3416.0,26590.0,5,9,79376786
890358,3035,1757,2,4,32000.0,51650.2,1,0,0
3590379,1820,1154,0,0,93.7,24927.8,7,0,0
3456817,9633,1460,0,0,120.1,24907.9,7,0,0
205831,699,409,2,4,23700.0,49589.5,1,0,0
1114591,3807,1680,0,3,19532.0,62114.9,1,0,0
3575158,1363,2190,0,0,156.1,31792.8,7,0,0
3471041,4526,637,0,0,131.9,32893.3,7,0,0
844529,2875,1783,2,4,14200.0,41119.4,1,0,0
580237,1975,1472,2,1,2625.0,38076.8,5,9,25971132
950687,3241,1380,0,2,6282.0,38523.9,2,9,88683235
110155,372,1686,2,1,2148.0,39863.9,0,7,83496254
1070474,3656,1446,2,4,700.0,22561.8,1,0,0
826238,2814,737,2,4,1600.0,24525.6,1,0,0
3556756,809,1519,0,0,70.5,14153.5,7,0,0
3621331,2746,2190,0,0,127.1,27789.6,7,0,0
19692,66,786,2,4,28900.0,48447.1,1,0,0
867507,2953,1476,2,4,900.0,30002.1,1,0,0
3577576,1435,2098,0,0,165.1,28635.5,7,0,0
3585471,1675,607,0,0,92.1,23013.6,7,0,0
523842,1787,2108,2,4,3600.0,16397.7,5,0,0
517269,1767,515,2,4,14.6,40322.0,6,0,0
381703,1297,1374,0,3,20511.0,61988.5,1,0,0
2820383,9337,1626,1,4,3478.0,109637.1,1,0,0
3531354,30,1825,0,0,248.2,27045.1,7,0,0
1142830,3909,2172,0,3,36600.0,81548.0,1,0,0
3039803,10079,788,2,4,14.6,27197.9,6,0,0
1100200,3758,2164,2,1,4009.0,43771.9,5,13,62182962
316880,1080,2037,2,4,14.6,56962.9,6,0,0
981410,3349,1450,2,4,2800.0,55553.9,1,0,0
3474508,8321,303,0,0,143.5,35433.7,7,0,0
933328,3183,665,2,4,1700.0,30414.4,1,0,0
589908,2008,1399,2,4,14.6,65132.8,6,0,0
3445929,790,1915,0,0,34.9,16688.7,7,0,0
1182617,4052,2104,0,2,18981.0,62902.3,1,11,46107834
322927,1103,1789,2,4,15800.0,27474.1,1,0,0
154619,518,1130,2,1,2015.0,12739.7,0,7,13886338
3621803,2758,1945,0,0,234.9,57154.6,7,0,0
3637807,3244,2068,0,0,67.2,13650.7,7,0,0
1066288,3644,102,0,2,3456.0,4456.0,1,2,81058329
617396,2106,1531,0,3,12342.0,25627.2,1,0,0
3232312,10728,1160,2,1,3867.0,22351.5,5,11,56014490
848096,2888,1867,2,1,2087.0,12835.8,0,7,60675382
944132,3220,405,2,4,14900.0,41297.6,1,0,0
586592,1997,1474,2,1,1361.0,26927.5,0,8,12751335
1292021,4415,2047,2,1,3408.0,72069.1,0,7,61133015
3331634,11065,1562,2,1,1445.0,28469.9,8,7,13170600
650770,2223,1663,2,4,2720.0,14041.0,1,0,0
1905461,6453,2053,2,4,1700.0,22806.2,1,0,0
302142,1029,2107,0,3,29571.0,105508.8,1,0,0
260071,890,875,2,4,3200.0,31179.7,1,0,0
1139357,3894,1808,2,1,2745.0,40008.2,5,8,98407303
172376,577,1521,2,4,960.0,22345.5,1,0,0
2384017,7861,1649,2,1,8400.0,53678.2,5,4,21743178
3285543,10915,2171,2,4,8700.0,24028.2,1,0,0
84128,280,862,2,4,1500.0,29005.3,1,0,0
439560,1494,2011,2,4,25400.0,46752.7,1,0,0
296876,1012,1835,2,4,1800.0,44190.3,1,0,0
3511066,9422,2098,0,0,244.0,52045.4,7,0,0
3584040,1631,2129,0,0,84.7,20991.5,7,0,0
1150205,3935,2103,2,1,2648.0,44947.4,5,7,30181229
1779275,6034,310,2,4,8100.0,44772.6,1,0,0
3554113,718,2129,0,0,309.8,53939.3,7,0,0
898798,3064,1624,0,3,13881.0,44122.9,1,0,0
299640,1020,2046,2,1,1874.0,15534.4,5,7,40117269
3467006,3739,1764,0,0,153.3,37009.0,7,0,0
451082,1534,1715,2,1,7451.0,30463.6,5,3,3089267
869411,2960,1857,2,4,2500.0,13357.3,1,0,0
1164552,3988,2006,2,4,14.6,22614.2,6,0,0
3657218,3836,2190,0,0,259.7,67686.4,7,0,0
3607200,2336,211,0,0,16.0,6293.0,7,0,0
2655832,8784,1550,2,4,14.6,39904.8,6,0,0
466238,1587,1620,2,4,29700.0,21753.7,1,0,0
644764,2201,1686,2,1,348.0,18042.8,1,3,16468906
1273210,4354,2037,2,4,14.6,58767.1,6,0,0
681759,2327,1530,2,1,13208.0,17189.2,5,12,58510798
115092,389,674,2,1,3280.0,23302.7,0,12,25948596
125003,420,1177,2,4,6800.0,26385.3,1,0,0
493589,1683,1640,0,3,4800.0,20620.0,1,0,0
1100646,3759,1429,2,4,14.6,17565.4,6,0,0
904822,3084,1904,0,3,5568.0,59327.7,1,0,0
98180,335,2068,2,4,14.6,22382.2,6,0,0
377169,1284,2131,1,4,8397.0,39579.2,1,0,0
1057436,3615,1770,0,3,9908.0,30738.7,1,0,0
327293,1117,2176,2,4,400.0,20978.9,1,0,0
3600792,2137,272,0,0,41.8,20128.8,7,0,0
3597540,2023,729,0,0,191.9,42506.0,7,0,0
705642,2417,1382,2,1,1843.0,21800.2,0,8,93963139
724484,2479,1215,2,4,14.6,16676.3,6,0,0
742929,2536,1307,2,4,14.6,20796.5,6,0,0
1108782,3786,280,2,4,44300.0,63481.7,1,0,0
827884,2819,742,2,1,748.0,30143.3,0,8,41235882
3644732,3469,272,0,0,37.5,22525.5,7,0,0
2301502,7594,2066,0,3,49455.0,86910.6,1,0,0
999655,3413,1982,2,1,242.0,107436.9,0,5,9298742
3639297,3284,2129,0,0,74.3,17837.1,7,0,0
300294,1022,1687,0,3,15200.0,80252.7,1,0,0
1302165,4447,1846,2,4,8100.0,48560.3,1,0,0
263378,900,1320,2,4,2200.0,14731.0,1,0,0
540328,1837,2018,0,3,22436.0,87140.5,1,0,0
3619687,2696,1945,0,0,66.5,16606.3,7,0,0
584703,1990,1348,2,1,2168.0,23456.4,1,12,24609065
308063,1050,1368,2,4,100.0,56471.1,6,0,0
1066920,3646,1149,0,3,42816.0,84165.4,1,0,0
3576342,1401,1945,0,0,178.7,41021.7,7,0,0
992501,3386,1547,2,4,10500.0,48114.0,1,0,0
3557514,830,545,0,0,231.2,49005.5,7,0,0
602628,2051,1941,2,4,37300.0,59164.7,1,0,0
1326399,4526,1629,2,4,19500.0,28332.7,1,0,0
870994,2967,1655,2,1,1042.0,25204.1,0,13,72003149
1392100,4743,1354,2,4,9600.0,71480.2,1,0,0
671094,2292,1894,0,2,2994.0,21855.8,1,13,9059656
1949026,6602,2011,2,4,3360.0,35030.3,1,0,0
3600602,2124,2098,0,0,325.1,78675.7,7,0,0
753838,2572,1988,2,1,7500.0,105848.2,8,10,86283236
3570026,1197,972,0,0,128.2,29277.6,7,0,0
965761,3290,2098,2,4,14.6,98415.8,6,0,0
3556877,813,515,0,0,121.5,25211.8,7,0,0
2293270,7565,1927,2,1,6649.0,37405.1,5,4,98498379
452868,1539,431,2,4,8300.0,12164.2,0,0,0
3621825,2759,1825,0,0,57.7,43695.1,7,0,0
1244936,4259,2019,2,1,9516.0,74750.1,5,2,73520475
14218,47,1443,2,1,9.0,80925.8,0,11,30289006
528069,1801,1273,0,3,1300.0,31294.7,1,0,0
159011,533,2139,0,3,7811.0,24429.7,1,0,0
1195151,4092,2134,0,3,11592.0,82159.3,1,0,0
3587732,1743,698,0,0,128.6,29825.9,7,0,0
518832,1772,949,0,2,48199.0,90287.1,1,1,73132377
820087,2792,1764,2,4,14.6,22201.8,6,0,0
1256620,4296,1471,2,4,2520.0,48179.7,1,0,0
13387,44,637,2,4,14.6,17837.0,6,0,0
694782,2376,1676,2,4,1800.0,28945.3,1,0,0
341249,1158,607,2,4,14.6,31181.9,6,0,0
3527129,11053,1703,0,0,197.7,72708.4,7,0,0
14942,50,1166,0,3,16130.0,36365.3,1,0,0
932707,3181,1033,2,4,14.6,23306.8,6,0,0
588336,2002,1117,2,4,1950.0,16103.5,1,0,0
885244,3017,950,0,3,19194.0,38782.9,1,0,0
673231,2299,1871,2,4,4300.0,5704.5,1,0,0
904028,3080,1841,2,4,500.0,15942.8,1,0,0
552926,1882,1712,2,1,1936.0,10460.9,0,1,81505483
109509,370,1686,0,2,3113.0,18896.9,1,8,86727231
3598844,2065,2037,0,0,121.9,23708.1,7,0,0
3646616,3531,1399,0,0,123.5,28893.0,7,0,0
333170,1133,576,2,4,14.6,15005.3,6,0,0
899237,3064,1552,0,3,4100.0,44115.3,1,0,0
1427391,4863,1976,2,4,6700.0,48636.0,1,0,0
3614848,2551,1550,0,0,28.0,10819.0,7,0,0
2727754,9024,1685,0,3,14878.0,30131.9,1,0,0
3449516,3734,1825,0,0,25.3,6155.8,7,0,0
3648429,3583,1703,0,0,83.8,21156.7,7,0,0
3584270,1637,2129,0,0,118.6,30679.9,7,0,0
571397,1944,2075,2,1,6741.0,40768.4,5,8,38381874
1791333,6075,1983,0,3,8330.0,18939.6,1,0,0
580572,1975,824,2,4,5800.0,29869.3,1,0,0
3440586,1077,849,0,0,187.6,50867.9,7,0,0
756410,2581,374,2,4,840.0,22198.4,1,0,0
34240,110,1846,2,4,960.0,54893.7,1,0,0
102035,347,2053,1,4,7327.0,23334.3,1,0,0
549412,1871,2054,2,4,23100.0,36499.0,1,0,0
754968,2576,1344,2,1,8106.0,98804.1,5,5,24689656
120786,405,1776,0,3,31696.0,42634.9,1,0,0
3654698,3760,1002,0,0,174.1,52101.2,7,0,0
820816,2795,1771,2,1,1869.0,29725.4,3,12,57666754
703410,2410,1094,2,4,14.6,42036.4,6,0,0
3218354,10679,1670,2,4,35300.0,62140.3,1,0,0
3732,15,1901,2,4,600.0,21209.1,1,0,0
464885,1582,1374,0,2,5973.0,34601.3,2,9,63470822
3643170,3415,1915,0,0,142.5,34887.0,7,0,0
1503573,5126,1460,2,4,14.6,22657.4,6,0,0
180048,609,1519,2,4,14.6,21720.0,6,0,0
627447,2143,1460,2,4,14.6,40065.2,6,0,0
492420,1679,1839,2,4,960.0,44491.4,1,0,0
2465806,8132,751,1,4,11130.0,13161.3,1,0,0
3628222,2952,1825,0,0,103.5,21560.6,7,0,0
3027056,10036,1519,2,4,14.6,71248.2,6,0,0
3582700,1592,1764,0,0,265.2,65699.6,7,0,0
3657056,3833,1915,0,0,65.4,15050.1,7,0,0
318906,1089,2046,0,3,13248.0,25935.4,1,0,0
215410,731,1108,2,4,960.0,16057.9,1,0,0
3565608,1064,2190,0,0,104.9,24467.9,7,0,0
1102114,3764,1775,2,1,2506.0,43500.8,5,2,8085334
341294,1158,1976,2,4,14.6,47894.7,6,0,0
425387,1445,1373,2,1,1361.0,21500.9,5,13,18387353
684774,2337,1648,0,3,400.0,400.0,1,0,0
931450,3175,2050,2,1,3280.0,15361.8,5,1,73805624
321276,1098,1349,2,1,1007.0,21944.4,0,4,47811776
3441302,1184,1764,0,0,235.8,48558.9,7,0,0
87596,293,2073,0,3,10770.0,37885.9,1,0,0
1234471,4225,1983,0,3,33178.0,92656.2,1,0,0
34905,112,620,0,2,6582.0,31784.7,2,3,24612278
75396,250,1894,0,3,5411.0,41791.5,1,0,0
551318,1877,576,2,4,14.6,26525.3,6,0,0
797700,2717,1519,2,4,14.6,14347.7,6,0,0
1563224,5313,2037,2,4,14.6,25710.9,6,0,0
1050058,3592,1414,2,4,3360.0,19251.6,1,0,0
1084703,3704,593,2,4,1900.0,27382.2,1,0,0
126183,425,954,2,1,806.0,27754.4,0,8,54766887
223337,759,2102,0,3,4500.0,98128.7,1,0,0
2121762,7184,1117,2,4,5100.0,30705.3,1,0,0
3664778,4442,1915,0,0,140.5,32754.9,7,0,0
1115559,3809,1856,2,4,14.6,21398.7,6,0,0
227126,772,680,2,4,13900.0,35884.2,1,0,0
501852,1710,2153,2,4,2720.0,45246.9,1,0,0
3604234,2242,1338,0,0,161.4,29772.0,7,0,0
1250392,4276,1487,2,4,2100.0,33719.9,1,0,0
3603809,2229,2068,0,0,64.4,14453.5,7,0,0
1293178,4418,1160,2,1,1435.0,14627.6,0,10,76446610
498163,1698,1770,0,3,19227.0,58251.4,1,0,0
38173,123,1915,2,4,14.6,18172.4,6,0,0
3608608,2378,515,0,0,160.7,47142.8,7,0,0
3632744,3094,2190,0,0,164.8,46964.2,7,0,0
373674,1272,1580,2,4,30.0,41383.1,6,0,0
3556378,791,2129,0,0,92.6,23139.0,7,0,0
3588417,1767,1246,0,0,142.4,33347.7,7,0,0
107720,365,1222,2,1,9.0,29915.2,0,11,89672892
3104200,10297,1653,2,1,8771.0,44327.4,8,12,2840400
616739,2102,1580,2,4,14.6,30624.8,6,0,0
57117,190,1483,2,4,800.0,29801.4,1,0,0
391077,1330,2068,2,4,14.6,21804.2,6,0,0
673621,2302,860,0,3,12537.0,47347.0,1,0,0
790540,2695,1185,2,4,14.6,60602.0,6,0,0
319943,1093,1710,0,2,48137.0,69880.6,1,9,19132757
392029,1333,1440,2,1,6508.0,6222.2,5,7,53933286
1292965,4418,1984,0,3,20452.5,32595.9,1,0,0
638338,2178,1254,2,4,16700.0,49773.4,1,0,0
764853,2613,770,0,2,4985.0,18642.8,2,1,88827883
2644009,8742,1708,2,1,6089.0,24476.0,3,13,45149773
1041185,3559,1976,2,4,14.6,45417.2,6,0,0
914019,3114,1771,0,3,4300.0,52369.6,1,0,0
329396,1123,736,2,4,2040.0,34129.4,1,0,0
3541499,333,1672,0,0,66.5,16125.2,7,0,0
1309617,4471,2006,2,4,30.0,53248.3,6,0,0
832186,2834,1617,2,1,1907.0,52818.7,0,4,82648515
389289,1323,1976,2,4,14.6,76317.8,6,0,0
670056,2287,1206,0,3,900.0,900.0,1,0,0
3645596,3493,545,0,0,73.4,12799.0,7,0,0
2370092,7815,1862,2,1,268.0,30987.6,0,10,1738054
2520523,8316,1851,2,4,1800.0,66116.9,1,0,0
787861,2685,1711,2,1,2576.0,20320.1,5,2,35602325
220594,749,1898,2,1,26.0,37634.0,0,11,44345706
258952,886,353,2,4,11300.0,39392.0,1,0,0
772871,2638,2098,2,4,14.6,71200.3,6,0,0
3662832,4088,1399,0,0,86.9,22342.2,7,0,0
164683,551,701,2,4,2700.0,21936.7,1,0,0
876520,2986,1708,2,1,3301.0,60390.9,5,7,61638289
505018,1725,1228,1,4,23773.0,80919.0,1,0,0
445127,1513,1443,2,1,1632.0,57339.6,5,1,52238965
1010364,3452,1625,2,1,3129.0,24476.2,5,2,27763378
1450150,4937,1137,2,1,5996.2,68461.4,8,10,47568672
896148,3053,1494,0,3,5200.0,44745.1,1,0,0
3461148,2067,1368,0,0,141.7,34725.5,7,0,0
3494130,7944,1307,0,0,173.5,60929.7,7,0,0
1331770,4550,1945,2,4,14.6,25296.0,6,0,0
496149,1691,1481,2,4,360.0,15543.3,1,0,0
395207,1344,1068,0,3,35588.0,98400.5,1,0,0
1068696,3651,1679,0,2,5081.0,34378.0,2,12,38447165
969478,3304,1835,2,4,2240.0,29069.1,1,0,0
3552434,660,1794,0,0,197.0,48207.3,7,0,0
3478084,9006,1945,0,0,256.3,67941.9,7,0,0
1153858,3947,1594,2,1,619.0,59150.3,0,13,94871657
975712,3324,1999,2,4,18100.0,30594.6,1,0,0
3597261,2015,1976,0,0,114.9,28782.0,7,0,0
613890,2092,981,2,1,7598.0,47522.9,5,6,8791333
744896,2542,368,0,3,1700.0,34323.1,1,0,0
862190,2936,1954,0,3,6371.0,30984.3,1,0,0
813887,2771,677,2,1,7288.0,49112.4,5,5,67174297
1450274,4937,527,2,1,800.0,79447.5,0,8,43502605
724138,2479,1955,0,3,5987.0,26627.7,1,0,0
472270,1606,1550,2,4,14.6,31290.9,6,0,0
232083,790,730,0,3,48963.0,55989.7,1,0,0
3410807,11320,941,2,4,14.6,39681.8,6,0,0
264184,902,1519,2,4,14.6,25024.8,6,0,0
847968,2887,2159,2,4,16300.0,37107.7,1,0,0
380438,1292,970,2,4,9200.0,37535.8,1,0,0
250319,860,496,0,3,13185.0,31996.2,1,0,0
3599916,2105,1215,0,0,21.7,9973.9,7,0,0
1853214,6273,1997,2,4,59400.0,86950.0,1,0,0
631027,2154,1794,2,4,720.0,22061.5,1,0,0
2354255,7765,675,2,4,8700.0,28164.1,1,0,0
478132,1629,1465,2,4,1600.0,16306.7,1,0,0
383737,1304,1785,0,3,33632.0,91256.0,1,0,0
2438867,8041,409,0,3,23850.0,65319.8,1,0,0
3586629,1705,607,0,0,120.3,28960.5,7,0,0
3663487,4260,760,0,0,51.0,8347.8,7,0,0
1024102,3496,1862,0,3,4300.0,28745.8,1,0,0
566697,1930,770,0,2,6520.0,17415.5,2,2,66582178
694240,2374,1976,2,4,14.6,25530.4,6,0,0
1365618,4659,545,2,4,14.6,76508.3,6,0,0
499745,1702,1437,2,1,4689.0,24431.5,5,9,43392902
855882,2916,2106,2,1,2096.0,39329.5,5,13,28176665
898139,3061,1590,2,1,1978.0,16647.0,1,12,62345623
3532556,62,272,0,0,104.3,25794.5,7,0,0
420576,1426,1864,0,2,4022.0,21660.5,2,5,11383384
1147336,3925,1080,0,3,24411.0,126198.4,1,0,0
780304,2660,979,2,4,700.0,22962.8,1,0,0
3637283,3231,2190,0,0,108.3,25603.7,7,0,0
3452732,5740,1794,0,0,80.1,35252.8,7,0,0
926348,3157,1580,2,4,14.6,31217.1,6,0,0
377467,1285,643,2,4,3900.0,29109.6,1,0,0
449475,1528,1684,2,1,3981.0,8578.1,8,9,58779168
120849,405,2017,2,1,9632.0,27435.7,5,7,56718403
3455798,8856,880,0,0,159.5,30665.7,7,0,0
900504,3068,744,2,4,3400.0,23213.1,1,0,0
917314,3127,941,2,4,14.6,44076.8,6,0,0
1168170,4003,2131,1,4,22990.0,55975.8,1,0,0
180553,612,1647,0,2,2904.0,17228.3,1,2,5646467
3035765,10063,2071,2,4,1100.0,25578.7,1,0,0
164291,549,1870,2,1,3024.0,26126.3,0,2,87506788
576422,1963,1267,2,4,600.0,32057.8,1,0,0
2810399,9307,272,2,4,14.6,43511.9,6,0,0
3586450,1700,1976,0,0,277.9,70362.1,7,0,0
498523,1699,1867,2,1,3463.0,16433.6,5,5,62475007
2489353,8212,958,0,3,12047.0,60246.2,1,0,0
768589,2624,2122,1,4,9248.0,37122.0,1,0,0
710311,2429,366,2,4,2760.0,39790.7,1,0,0
732298,2503,1708,0,3,9574.0,27650.2,1,0,0
3617122,2619,2129,0,0,120.2,26410.3,7,0,0
3627072,2921,1915,0,0,139.2,30795.0,7,0,0
3611897,2476,545,0,0,77.4,12145.7,7,0,0
82382,275,2037,2,4,14.6,14014.8,6,0,0
1159605,3970,1901,2,4,20100.0,49003.3,1,0,0
1018291,3479,1836,2,1,7650.0,49723.4,5,9,1348793
411731,1402,1529,0,3,9006.0,36508.5,1,0,0
427595,1452,1528,2,4,25700.0,58280.3,1,0,0
1011991,3458,1487,2,4,720.0,14066.9,1,0,0
3647956,3571,788,0,0,90.9,25413.4,7,0,0
799771,2727,1480,2,4,2880.0,19912.1,1,0,0
1030860,3521,1005,2,4,22700.0,111286.1,1,0,0
1424271,4852,2080,0,3,7191.0,22894.2,1,0,0
1131973,3868,1976,2,4,14.6,16162.7,6,0,0
1467557,4999,1976,2,4,14.6,65353.7,6,0,0
873352,2974,1215,2,4,14.6,40486.8,6,0,0
777122,2649,1791,2,4,5520.0,48942.4,1,0,0
645385,2203,955,2,4,2080.0,29848.5,1,0,0
2038993,6910,1222,0,3,21897.0,83952.7,1,0,0
1180578,4047,1102,2,4,17000.0,102365.3,1,0,0
950595,3240,1574,2,4,19400.0,32830.9,1,0,0
3621533,2750,1764,0,0,148.9,37858.6,7,0,0
707567,2423,849,2,4,14.6,20726.6,6,0,0
260918,893,2127,2,4,5280.0,69394.1,1,0,0
294159,1005,1686,2,1,7896.0,97881.8,5,7,13424891
527407,1800,2038,2,4,13600.0,34117.8,1,0,0
3623941,2827,1915,0,0,310.2,76214.6,7,0,0
1271421,4347,205,2,4,600.0,27521.8,1,0,0
3671660,5591,2068,0,0,242.2,53286.4,7,0,0
1157409,3961,1555,0,2,3464.0,11092.0,1,8,12514132
1602568,5442,2109,0,3,26484.0,76385.6,1,0,0
2459926,8114,1519,2,4,14.6,29776.7,6,0,0
827993,2819,1175,2,4,1200.0,42936.2,1,0,0
1082039,3695,2186,2,4,2900.0,21977.1,1,0,0
2147767,7274,2068,2,4,14.6,27637.7,6,0,0
3170302,10520,1842,2,5,6300.0,35340.1,1,0,0
656712,2244,1832,2,4,960.0,24726.2,1,0,0
1691972,5735,1197,2,1,4845.0,13990.3,8,7,1054633
83404,279,892,2,1,1380.0,20792.4,1,9,68556356
1005853,3434,1928,2,1,988.0,14296.8,1,13,23543101
1130641,3863,346,2,4,8900.0,36790.0,1,0,0
1766129,5991,1868,2,1,1272.0,28313.8,8,7,49866914
3654620,3759,819,0,0,82.8,21343.5,7,0,0
1736826,5891,737,2,4,2700.0,54081.8,1,0,0
2895903,9591,1459,2,4,700.0,23578.2,1,0,0
3597951,2035,1641,0,0,201.2,39716.7,7,0,0
3584384,1640,1519,0,0,121.9,28611.0,7,0,0
1959041,6636,947,1,4,17672.0,33884.5,1,0,0
3657890,3856,1703,0,0,59.3,13533.0,7,0,0
657876,2247,1245,2,4,26100.0,119520.3,1,0,0
1245573,4260,1845,2,4,6900.0,30867.2,1,0,0
410428,1397,590,2,4,8200.0,30186.1,1,0,0
676660,2311,1872,2,4,18700.0,46990.5,1,0,0
100971,345,407,0,3,16431.0,48858.6,1,0,0
811304,2763,551,0,3,1000.0,20953.4,1,0,0
3547102,497,1154,0,0,230.8,64562.6,7,0,0
39204,127,1868,0,2,3364.0,17684.1,1,5,11416083
108515,368,833,0,3,8414.0,25371.2,1,0,0
104657,357,1468,2,4,600.0,15977.8,1,0,0
549538,1872,1956,2,1,137.0,28192.5,0,11,67046397
1064735,3637,2074,2,4,5880.0,52040.8,1,0,0
46471,154,2096,2,4,5700.0,80482.8,1,0,0
3578544,1465,1611,0,0,67.1,16250.1,7,0,0
1099,4,1381,2,1,1285.0,24777.0,0,11,5848086
1052442,3600,946,0,2,6623.0,37720.7,2,9,65717464
110496,373,1956,0,3,1700.0,54523.0,1,0,0
691039,2361,903,2,4,5920.0,18662.2,1,0,0
1049895,3592,405,0,2,6007.0,27402.6,2,7,73166322
539166,1833,2068,2,4,14.6,34871.0,6,0,0
312520,1066,1794,2,4,30.0,93895.0,6,0,0
3541756,340,333,0,0,16.0,6790.0,7,0,0
3468834,4159,941,0,0,196.0,40297.1,7,0,0
413836,1406,760,2,4,14.6,14950.9,6,0,0
2279334,7520,1633,2,4,17400.0,21066.8,1,0,0
3672784,5742,1794,0,0,153.4,37843.5,7,0,0
276358,946,1483,2,4,2700.0,53724.6,1,0,0
1312021,4480,2171,2,4,900.0,30869.1,1,0,0
3464173,2922,1915,0,0,147.3,31718.8,7,0,0
1167596,4000,1915,2,4,14.6,91162.0,6,0,0
1125585,3844,1580,2,4,14.6,20793.9,6,0,0
745695,2544,1883,0,3,9900.0,41133.2,1,0,0
911004,3105,2159,2,4,14.6,21412.7,6,0,0
3643737,3435,395,0,0,77.8,12969.3,7,0,0
98868,338,1802,2,1,2252.0,16189.6,5,1,37576079
33203,107,800,2,1,2015.0,26187.5,5,5,67744958
971004,3309,706,2,1,2430.0,50654.5,5,8,15451962
3569599,1182,2159,0,0,178.3,45812.8,7,0,0
884011,3011,448,2,4,1050.0,13367.9,1,0,0
2767367,9156,2000,0,3,48983.0,62152.3,1,0,0
392137,1333,1125,2,4,14.6,21531.7,6,0,0
3412013,11325,1704,0,3,21761.0,111065.1,1,0,0
119591,401,347,2,1,1769.0,40694.5,0,3,88922524
949182,3235,935,2,4,11500.0,27082.2,1,0,0
1612762,5477,1191,0,3,28225.0,66933.8,1,0,0
1165329,3993,1778,2,1,7616.0,61492.6,5,10,54010170
274588,941,800,2,1,3871.0,20507.9,5,4,16961235
2546618,8405,1889,2,1,3344.0,44532.5,3,11,41846251
3639138,3280,1825,0,0,97.3,24780.1,7,0,0
3424215,11362,1531,2,1,5392.0,16931.6,8,7,61540514
642535,2193,1702,2,4,1600.0,15925.5,1,0,0
949614,3237,787,2,4,5520.0,21064.5,1,0,0
577322,1966,1443,0,3,30850.0,49353.8,1,0,0
1392016,4743,1276,2,4,14.6,12443.4,6,0,0
499522,1701,1611,2,4,14.6,56989.5,6,0,0
462047,1570,1320,2,1,2865.0,19534.1,5,11,20745683
3551609,638,1215,0,0,163.4,35710.2,7,0,0
1503199,5125,1790,2,4,3600.0,761.1,1,0,0
1614303,5481,1794,2,4,14.6,34805.8,6,0,0
917883,3129,1629,2,4,6100.0,26024.6,1,0,0
100018,342,1835,2,1,2332.0,20952.2,1,6,44861531
521644,1780,388,2,4,2400.0,50435.7,1,0,0
3562739,978,395,0,0,64.1,24994.1,7,0,0
3636335,3209,2159,0,0,92.0,18349.3,7,0,0
3560015,897,1338,0,0,326.9,77456.3,7,0,0
813673,2770,418,0,3,5800.0,23124.5,1,0,0
1107343,3782,1717,2,1,553.0,67405.0,5,11,93482148
719308,2464,726,0,3,20070.0,53468.9,1,0,0
766615,2618,1619,0,2,6559.0,15959.1,2,4,36180985
2127513,7203,1703,2,4,14.6,8131.1,6,0,0
306469,1045,2016,2,1,1730.0,9631.8,5,4,61220621
956757,3260,1870,2,1,8462.0,26202.7,5,1,89460461
3640816,3336,1276,0,0,69.7,15982.5,7,0,0
1113818,3804,2006,2,4,14.6,27690.6,6,0,0
706444,2419,880,2,4,14.6,37690.5,6,0,0
736129,2514,2185,2,5,2000.0,81967.8,1,0,0
930427,3171,2020,0,2,4848.0,21757.7,2,12,69677310
909147,3096,880,2,4,14.6,28502.3,6,0,0
3649932,3626,1764,0,0,124.7,30897.7,7,0,0
3476616,8713,2098,0,0,178.1,38651.2,7,0,0
2279299,7520,1550,2,4,14.6,31392.8,6,0,0
944736,3222,707,0,2,3185.0,22659.4,1,12,2390736
366315,1246,1647,0,2,6148.0,31709.3,2,6,70411568
341156,1158,1835,2,1,2171.0,42713.8,5,2,11980402
288490,989,1870,2,1,2262.0,19793.5,5,2,77140342
2963547,9814,1074,0,3,43566.0,76892.3,1,0,0
925812,3155,1456,2,4,23900.0,43739.4,1,0,0
729058,2493,1806,0,3,12094.0,76705.3,1,0,0
1046839,3580,949,2,1,3430.0,36321.4,5,3,31000817
184982,627,1617,2,4,1300.0,56909.2,1,0,0
233330,793,180,2,4,14.6,15211.5,6,0,0
3463768,2817,1185,0,0,209.3,52901.5,7,0,0
3658725,3884,1945,0,0,61.6,13426.3,7,0,0
2246980,7418,1195,0,2,15139.0,43430.3,1,8,29053187
125392,422,1856,2,4,30.0,27646.8,6,0,0
155630,521,1736,0,3,11617.0,90163.5,1,0,0
1146974,3923,1094,2,4,14.6,46397.6,6,0,0
206175,700,754,2,4,800.0,20058.9,1,0,0
169810,569,2081,2,1,2074.0,22135.8,5,13,87054288
745105,2543,311,2,1,2145.0,28802.9,5,4,60684478
3629672,2994,2190,0,0,180.1,38418.0,7,0,0
139923,468,1408,2,1,499.0,50073.1,0,13,30738526
3410868,11320,775,2,4,10500.0,37477.8,1,0,0
3462111,2411,1185,0,0,188.9,47220.7,7,0,0
352335,1197,1439,2,1,2582.0,32510.3,5,10,79359864
485280,1653,1466,2,1,4656.0,59662.8,5,3,37755870
282361,968,2154,2,4,7200.0,24811.8,1,0,0
295505,1008,2068,2,4,14.6,17120.9,6,0,0
921887,3142,1562,2,1,1974.0,21334.9,5,7,52314406
1307152,4463,785,2,4,5900.0,29031.4,1,0,0
21917,72,1854,0,3,25286.0,70454.1,1,0,0
3467822,3949,1764,0,0,254.3,43439.0,7,0,0
1148412,3927,474,2,4,3200.0,28210.8,1,0,0
207688,704,1410,2,4,3300.0,15984.0,1,0,0
3578997,1477,819,0,0,51.7,12741.0,7,0,0
687286,2346,1742,2,1,3596.0,1260.7,0,9,42005080
231679,788,1811,2,4,1300.0,22607.2,1,0,0
135825,456,313,0,2,47831.0,72554.6,1,1,95670407
111677,377,1884,2,4,14.6,71924.9,6,0,0
95753,327,313,0,3,15708.0,52241.0,1,0,0
713010,2436,788,2,4,14.6,37485.9,6,0,0
2908709,9635,621,0,2,4470.0,7298.7,2,2,37906074
396950,1350,1976,2,4,30.0,26733.8,6,0,0
3558861,866,1945,0,0,183.9,43414.0,7,0,0
1162417,3980,978,2,1,1367.0,38070.7,5,10,74249100
37814,122,1672,2,4,14.6,54013.0,6,0,0
1030367,3520,1368,2,4,14.6,20828.1,6,0,0
1024349,3497,1474,2,1,118.0,38722.5,3,6,42836803
277533,949,1708,2,4,6100.0,48777.9,1,0,0
720159,2466,1686,2,1,3733.0,67300.5,0,5,40924441
242594,830,1178,2,4,15400.0,46240.3,1,0,0
1274527,4358,1951,0,3,35460.0,135379.2,1,0,0
990074,3374,1185,2,4,14.6,-2950.7,6,0,0
3448013,2522,1703,0,0,47.6,15531.8,7,0,0
3654310,3751,1154,0,0,173.9,44899.7,7,0,0
1140625,3899,1498,2,1,3069.0,54513.4,5,5,84541290
219653,747,860,0,3,4009.0,23059.1,1,0,0
3492855,7824,880,0,0,185.9,31698.1,7,0,0
213770,725,2172,2,1,2612.0,36553.2,5,8,86504637
361738,1229,2143,2,1,5505.0,35441.1,5,11,85866784
869378,2960,867,2,4,3700.0,30885.1,1,0,0
330202,1125,2129,2,4,30.0,26950.3,6,0,0
763121,2606,1646,2,1,31.0,21577.1,5,1,91720389
1124882,3841,1624,2,4,9450.0,21649.6,1,0,0
1207534,4131,978,2,1,4696.0,98063.9,0,11,18379521
857910,2924,1763,2,4,8300.0,32010.0,1,0,0
1131767,3868,465,2,1,3259.0,17747.3,5,2,47142148
3540488,300,1794,0,0,232.1,53816.0,7,0,0
758157,2585,1794,2,4,14.6,4780.7,6,0,0
755349,2577,1192,0,2,5941.0,24522.8,2,12,43765747
1486584,5066,1504,0,3,49739.0,111958.2,1,0,0
771384,2632,181,2,4,1700.0,43262.9,1,0,0
800720,2731,1997,2,4,3400.0,48182.3,1,0,0
486738,1659,1801,2,1,2806.0,24781.6,5,9,20080882
595494,2027,1861,2,1,3476.0,16361.3,5,1,28182983
1018887,3480,1996,2,4,15500.0,53242.6,1,0,0
1157619,3962,1712,0,3,2100.0,15500.0,1,0,0
1262549,4318,1923,0,2,46096.0,96363.2,1,12,20710844
6801,26,1429,2,4,14.6,22989.9,6,0,0
1138547,3891,1154,2,4,14.6,37538.8,6,0,0
535040,1822,1388,2,4,3360.0,24523.9,1,0,0
1132721,3871,1770,0,2,4356.0,41372.3,2,4,31564527
814624,2773,1503,2,1,36.0,29499.2,3,12,5557954
642611,2194,1776,2,1,9386.0,49956.1,5,3,28507352
790307,2695,893,0,3,31209.0,71664.7,1,0,0
819728,2790,1794,2,4,14.6,93514.3,6,0,0
339820,1153,1474,0,3,12012.0,24825.0,1,0,0
1602581,5442,2123,0,3,28373.0,84783.6,1,0,0
377465,1285,462,2,4,600.0,39543.9,1,0,0
1293015,4418,1679,2,1,5951.0,9446.4,5,10,50905704
731566,2500,1958,0,3,2000.0,24536.0,1,0,0
1032573,3530,2169,0,2,6156.0,15564.7,2,3,27247995
239484,817,1777,2,4,2880.0,32810.3,1,0,0
901681,3072,455,2,4,10600.0,41199.3,1,0,0
974804,3321,1123,2,4,1350.0,21219.5,1,0,0
120171,403,1253,2,1,2401.0,43182.6,5,6,15987736
1365440,4659,733,0,3,5064.0,31284.4,1,0,0
3440575,1077,515,0,0,97.5,25638.1,7,0,0
82340,275,1329,2,4,630.0,18569.3,1,0,0
1105193,3776,1927,0,3,23108.0,71675.7,1,0,0
185641,629,1650,2,1,1207.0,15537.4,5,9,91464036
1045818,3576,1528,2,1,455.0,21942.0,0,5,62933295
3657509,3845,1002,0,0,170.6,41780.6,7,0,0
967751,3298,409,0,3,7226.0,34925.9,1,0,0
1063875,3635,1894,0,2,3808.0,21581.5,1,5,99726712
161137,540,1509,0,3,1200.0,25456.8,1,0,0
1468186,5001,1868,2,1,4588.5,23018.2,8,8,7923072
369257,1256,1376,0,3,15272.0,39133.6,1,0,0
840064,2860,1829,0,3,43900.0,87704.2,1,0,0
1292521,4416,1104,2,5,300.0,39151.3,1,0,0
363322,1235,2049,2,1,1049.0,20088.4,0,4,56642502
1583771,5385,774,2,1,8754.0,25389.1,5,13,67199128
3454313,7101,1307,0,0,13.0,9661.0,7,0,0
552092,1879,1491,2,4,14.6,13259.1,6,0,0
3467593,3886,698,0,0,121.9,25906.1,7,0,0
411556,1401,1399,2,4,14.6,40169.0,6,0,0
3646571,3528,2098,0,0,129.0,30018.1,7,0,0
3215,13,1803,0,2,6803.0,27157.1,2,9,96172117
3670609,5395,1825,0,0,169.6,32501.4,7,0,0
1067444,3647,1563,2,4,6700.0,37898.7,1,0,0
3470639,4458,1856,0,0,133.2,22709.7,7,0,0
3441556,1237,637,0,0,241.2,34756.2,7,0,0
124727,419,1707,0,3,4300.0,23489.9,1,0,0
440768,1497,406,2,4,2300.0,24332.8,1,0,0
229352,780,1835,2,1,6220.0,24458.1,5,11,72554701
3641477,3358,1429,0,0,78.6,17966.6,7,0,0
327588,1118,1838,2,4,1200.0,23002.7,1,0,0
618210,2110,1289,0,2,3076.0,23354.5,1,12,47164356
871755,2970,545,2,4,14.6,37622.8,6,0,0
1059018,3620,1504,0,3,500.0,1500.0,1,0,0
535568,1824,2174,2,4,3680.0,88917.6,1,0,0
676397,2310,1466,2,4,1080.0,18075.5,1,0,0
1006828,3438,1504,0,2,5506.0,12012.0,2,10,56668645
673768,2302,950,2,1,1838.0,35275.6,0,7,49296242
40547,132,1484,2,4,5700.0,35425.1,1,0,0
70811,236,1170,0,3,900.0,900.0,1,0,0
1095621,3745,2030,1,4,21593.0,52740.8,1,0,0
233798,795,1703,2,4,14.6,46677.8,6,0,0
71382,238,644,2,1,2234.0,14920.8,1,5,39059901
957739,3262,2167,2,5,2900.0,54177.2,1,0,0
629369,2148,2037,2,4,540.0,19220.3,1,0,0
3638406,3259,1884,0,0,205.1,51232.3,7,0,0
3021329,10018,1850,2,4,1700.0,23575.0,1,0,0
474572,1617,1558,2,1,1536.0,19437.6,5,1,40236705
910432,3101,2159,2,4,14.6,20687.2,6,0,0
572080,1947,1526,0,2,6860.0,39574.3,2,6,73615145
440378,1496,2025,2,4,4500.0,22599.4,1,0,0
1087073,3714,1972,0,3,14589.0,71939.8,1,0,0
362272,1231,1764,2,4,14.6,15234.1,6,0,0
1660404,5632,1138,0,3,32799.0,79808.5,1,0,0
1077673,3681,1673,2,4,4200.0,34007.2,1,0,0
1006961,3438,1600,2,4,4000.0,24530.0,1,0,0
590522,2010,1559,0,2,5815.0,20688.1,2,7,31698858
1814933,6148,1350,0,3,4300.0,45969.1,1,0,0
1777840,6030,1638,2,4,1100.0,70700.2,1,0,0
3094987,10266,1264,2,4,24300.0,82871.5,1,0,0
457260,1554,1350,0,3,17752.0,61196.3,1,0,0
785663,2676,981,2,4,11600.0,29919.6,1,0,0
1141658,3903,2111,2,1,6583.0,20382.9,5,2,41765970
277534,949,1738,2,4,10000.0,52184.5,1,0,0
625713,2137,687,1,4,12805.0,37542.4,1,0,0
2791708,9242,1733,2,4,14.6,40408.6,6,0,0
258183,885,522,0,3,31557.0,76795.0,1,0,0
1063194,3631,1711,2,1,3407.0,42264.3,5,9,14763951
721211,2470,2076,2,1,2105.0,49825.7,0,4,17039579
1160776,3974,1612,2,4,9200.0,33969.3,1,0,0
736478,2515,1788,2,4,56100.0,81429.4,1,0,0
330925,1127,1519,2,4,14.6,46334.2,6,0,0
267592,915,2098,2,4,14.6,41725.2,6,0,0
563606,1918,2173,2,1,4231.0,21797.5,5,2,53045350
281153,964,1198,0,3,500.0,32815.9,1,0,0
568535,1935,1678,0,2,49875.0,99611.5,1,12,83520716
3542246,354,1063,0,0,135.2,31439.6,7,0,0
18319,61,2006,2,4,14.6,18097.1,6,0,0
451225,1534,377,2,4,5400.0,35444.0,1,0,0
3662762,4071,2159,0,0,105.7,22756.1,7,0,0
2384331,7861,2129,2,4,14.6,76398.6,6,0,0
514842,1761,2093,1,4,4236.0,25020.7,1,0,0
1436762,4894,284,0,2,29255.0,76985.2,1,7,69885569
566924,1930,515,2,4,14.6,26354.4,6,0,0
1282030,4385,1976,2,4,14.6,15154.9,6,0,0
471546,1604,1999,2,4,13800.0,31791.3,1,0,0
139628,467,465,2,4,3600.0,21470.8,1,0,0
1087358,3714,2157,1,4,11162.0,39674.3,1,0,0
1010979,3455,1531,2,1,5622.5,32288.3,8,3,29934013
82331,275,1828,2,4,810.0,16911.1,1,0,0
1180367,4047,1361,0,3,22799.0,92315.4,1,0,0
1121609,3832,2142,0,3,7780.0,25363.6,1,0,0
810195,2762,1148,0,3,22426.0,115203.1,1,0,0
3567471,1123,333,0,0,43.9,16673.9,7,0,0
901332,3071,1581,2,4,15500.0,56150.5,1,0,0
3611530,2467,484,0,0,171.7,37921.9,7,0,0
2750989,9104,1988,2,1,3585.2,34416.0,8,1,10966873
531816,1811,2034,2,4,12600.0,62707.4,1,0,0
559367,1903,2075,2,1,1878.0,47637.7,5,9,99218499
736104,2514,1776,2,1,4001.0,73364.5,5,4,46998095
641687,2190,2082,2,1,2782.0,37387.0,3,3,37804508
1156085,3955,1635,2,4,14720.0,34935.8,1,0,0
3603108,2212,1884,0,0,107.0,25037.0,7,0,0
865310,2946,1898,0,2,4008.0,15996.2,2,8,48686587
2257635,7449,880,2,4,14.6,27344.6,6,0,0
470668,1603,709,0,3,11416.0,31971.5,1,0,0
3564987,1047,1519,0,0,72.3,15244.7,7,0,0
2505230,8268,1884,2,4,14.6,42377.0,6,0,0
1206400,4127,1591,2,1,69.0,14463.4,3,9,28738975
226657,772,72,0,3,24009.0,47950.0,1,0,0
825060,2811,1715,2,1,14584.0,92685.2,5,12,92551469
43546,146,950,2,1,3823.0,15832.0,5,1,76565843
983243,3354,1825,2,4,14.6,22099.5,6,0,0
3642411,3387,1703,0,0,200.2,59979.8,7,0,0
464920,1582,1348,2,1,1917.0,28551.5,5,2,24857425
599587,2040,1779,2,4,840.0,33939.7,1,0,0
765423,2614,1889,2,4,2600.0,11185.4,1,0,0
3571049,1229,1915,0,0,214.6,55147.9,7,0,0
1088572,3719,2165,0,3,19118.0,39150.9,1,0,0
576576,1964,1924,0,2,6547.0,17563.3,2,3,54870903
545721,1856,972,2,4,14.6,18276.5,6,0,0
352547,1197,1059,2,4,1700.0,29868.0,1,0,0
475759,1621,454,2,4,13100.0,42042.7,1,0,0
374427,1275,1619,0,2,5447.0,29872.7,2,8,12421352
3616925,2616,880,0,0,109.1,25946.9,7,0,0
544788,1852,392,2,4,210.0,25497.8,1,0,0
697299,2384,2172,2,4,5400.0,67855.9,1,0,0
3547329,504,819,0,0,101.5,23180.3,7,0,0
164773,551,1856,2,4,14.6,23219.5,6,0,0
435769,1481,193,0,2,3098.0,13245.5,1,1,21098941
352256,1197,1227,0,2,3873.0,33766.9,1,5,89770251
3569281,1169,2098,0,0,314.8,85031.2,7,0,0
272864,933,1338,2,4,14.6,32536.7,6,0,0
703316,2410,1799,2,1,3410.0,59851.8,5,3,6188935
324562,1108,1345,0,2,4730.0,32210.7,2,3,94750362
422719,1436,886,2,1,3104.0,27449.3,5,9,96351390
3615740,2577,1672,0,0,74.1,18752.5,7,0,0
3470823,4484,607,0,0,235.5,43106.1,7,0,0
413011,1404,1373,2,1,483.0,45671.6,0,5,96404462
419363,1422,406,2,1,2655.0,15795.8,5,11,24991828
980470,3345,728,2,4,1920.0,14138.7,1,0,0
907903,3094,1531,0,3,15383.0,54276.7,1,0,0
483681,1646,1769,2,1,6521.0,16602.8,5,10,80997341
204575,694,2098,2,4,14.6,36435.5,6,0,0
646145,2207,1484,2,4,3120.0,25313.0,1,0,0
497063,1694,2159,2,4,30.0,45083.5,6,0,0
568178,1934,921,2,1,720.0,35439.8,3,11,30378473
886511,3021,1325,2,4,21800.0,40353.6,1,0,0
3531385,31,1094,0,0,292.8,67375.1,7,0,0
205034,697,2140,0,3,22067.0,93553.9,1,0,0
975165,3322,1924,2,4,21800.0,63921.4,1,0,0
3438209,554,1246,0,0,95.3,22314.9,7,0,0
3460679,1977,2068,0,0,114.0,29833.5,7,0,0
1187496,4066,898,2,4,21500.0,48112.2,1,0,0
35805,115,423,2,4,14.6,24865.8,6,0,0
3559529,885,2068,0,0,364.9,80254.4,7,0,0
59154,197,788,2,4,14.6,35251.4,6,0,0
3550928,623,242,0,0,35.0,13703.0,7,0,0
3439815,956,1215,0,0,168.4,42573.8,7,0,0
825980,2813,1218,2,4,6100.0,25280.1,1,0,0
3487956,7401,2159,0,0,149.8,29853.8,7,0,0
2712324,8972,1925,2,1,2056.0,55952.7,0,13,5877823
686932,2345,1869,2,4,2100.0,44298.4,1,0,0
151652,506,1853,2,5,800.0,41082.4,1,0,0
29038,95,1478,2,4,17500.0,54113.0,1,0,0
3568079,1134,1580,0,0,69.0,17181.5,7,0,0
951616,3244,1472,2,1,1858.0,18384.3,5,1,53532010
961422,3275,1825,2,4,14.6,24640.3,6,0,0
1084100,3702,1018,2,4,5640.0,26579.8,1,0,0
3559729,890,1002,0,0,111.6,26898.7,7,0,0
3547206,500,1491,0,0,139.8,38324.2,7,0,0
455229,1545,1776,2,4,13000.0,39811.9,1,0,0
369463,1256,2176,2,4,2000.0,40677.6,1,0,0
568894,1936,1672,2,4,14.6,17556.3,6,0,0
3213210,10663,1953,0,2,43339.0,61749.8,1,5,57889914
1132830,3871,707,2,1,1505.0,35265.2,0,1,64580011
2634713,8713,2017,0,2,17070.0,29772.9,1,10,5046850
94510,321,484,2,4,14.6,21773.0,6,0,0
675146,2306,1477,2,4,500.0,24490.2,1,0,0
804022,2739,1622,2,4,12400.0,14116.3,1,0,0
581621,1978,1841,2,4,11100.0,48395.6,1,0,0
412408,1403,1588,2,1,9120.0,27721.7,5,10,50271129
380426,1292,2159,2,4,14.6,70481.7,6,0,0
444510,1511,556,0,3,200.0,20500.0,1,0,0
339192,1151,1985,2,1,3263.0,64713.1,5,12,90602427
291267,998,1307,2,4,14.6,27539.3,6,0,0
393824,1338,935,1,4,2056.0,64525.3,1,0,0
686886,2345,540,2,4,15000.0,22374.2,1,0,0
3649597,3617,1460,0,0,342.5,76490.1,7,0,0
849787,2895,2020,0,3,18146.0,42117.5,1,0,0
88301,297,1658,0,3,1100.0,25739.9,1,0,0
757382,2583,340,0,3,1400.0,26000.0,1,0,0
146922,492,1286,2,4,5160.0,24356.6,1,0,0
2382861,7857,1775,2,1,137.0,69259.9,3,6,92092263
2423717,7990,1825,2,4,14.6,60365.5,6,0,0
3592660,1886,1641,0,0,163.1,28528.3,7,0,0
603540,2054,1466,2,1,4448.0,28607.2,0,2,30685097
3451428,5194,910,0,0,271.2,59983.6,7,0,0
437920,1487,1478,2,4,660.0,21535.9,1,0,0
168214,562,115,0,3,3600.0,21714.6,1,0,0
3644357,3457,788,0,0,62.2,18505.9,7,0,0
114966,389,1229,0,3,6247.0,23613.2,1,0,0
2699759,8934,1190,0,2,14918.0,31699.0,1,7,79855638
956600,3260,570,0,3,23724.0,67912.5,1,0,0
1345193,4596,1526,2,4,43700.0,85732.3,1,0,0
241723,826,1717,2,1,866.0,22130.6,0,13,5275464
1921021,6510,1580,2,4,14.6,65065.9,6,0,0
1107788,3784,1894,0,3,7415.0,26629.7,1,0,0
684275,2335,1611,2,4,14.6,2442.5,6,0,0
718519,2461,2146,0,3,1300.0,21491.5,1,0,0
1296,5,1832,2,4,2080.0,24201.0,1,0,0
3658945,3892,1764,0,0,21.0,4667.0,7,0,0
1060462,3624,2169,2,4,32000.0,16497.2,1,0,0
3584108,1633,1825,0,0,158.7,38375.0,7,0,0
360073,1223,1884,2,4,14.6,40802.3,6,0,0
612991,2088,1467,2,1,3240.0,19057.8,5,1,86339223
633319,2163,1531,0,3,18948.0,50634.7,1,0,0
426279,1448,1039,0,3,10100.0,11200.0,1,0,0
1754617,5952,1402,1,4,13171.0,50477.4,1,0,0
866500,2950,1409,2,1,8653.0,53084.8,5,9,59668195
3562651,976,1611,0,0,186.8,37468.3,7,0,0
154911,519,1867,0,2,6987.0,29426.0,2,13,96366220
2106778,7133,1592,2,1,115.0,17251.5,3,5,89750158
713043,2436,1794,2,4,14.6,65388.8,6,0,0
459597,1564,2050,0,3,1900.0,37673.6,1,0,0
602445,2051,1438,2,4,4600.0,83106.9,1,0,0
954791,3255,617,2,4,600.0,24000.0,1,0,0
452191,1536,760,2,4,30.0,21492.6,6,0,0
424355,1441,1950,2,1,2425.0,27666.4,5,5,27838117
64515,214,1831,2,4,390.0,14255.8,1,0,0
1036723,3546,1738,2,1,4795.0,52094.8,0,10,36442333
3467781,3940,1550,0,0,157.6,39025.3,7,0,0
589923,2008,1856,2,4,14.6,78832.0,6,0,0
788805,2689,2137,0,3,19891.0,66190.8,1,0,0
82854,277,2129,2,4,100.0,41464.8,6,0,0
1531120,5215,1950,2,1,2.0,61058.8,5,6,58698618
84669,283,1866,2,1,2802.0,21620.8,5,8,9780645
1163423,3982,1276,2,4,14.6,28099.0,6,0,0
475075,1619,1839,0,3,4830.0,28638.5,1,0,0
951097,3242,1848,2,4,2400.0,17728.2,1,0,0
570082,1940,1524,0,2,4660.0,20288.7,2,6,65423965
516298,1765,2077,2,4,7000.0,18258.1,1,0,0
912193,3109,1727,2,4,6300.0,32175.4,1,0,0
36822,119,1777,0,3,21525.0,61437.8,1,0,0
935012,3191,1500,2,1,3606.0,37816.5,0,10,47511076
469353,1598,2072,2,4,17300.0,37945.4,1,0,0
29532,96,1956,2,1,644.0,130754.2,0,3,66311460
1065473,3640,819,2,4,14.6,21720.6,6,0,0
1273931,4356,1733,2,4,14.6,8325.1,6,0,0
223003,759,1015,0,2,2928.0,38229.9,1,5,34275633
3479544,9236,515,0,0,98.6,25684.7,7,0,0
635732,2170,1077,1,4,19196.0,41245.3,1,0,0
912772,3112,1288,2,1,2567.3,59080.3,8,5,66820907
2715699,8982,586,2,4,6700.0,56699.3,1,0,0
1078226,3683,2103,0,3,23426.0,79071.3,1,0,0
3488451,7445,1733,0,0,203.0,53486.9,7,0,0
1087085,3714,1963,0,3,30714.0,57350.8,1,0,0
1124899,3841,1464,2,4,1040.0,21162.6,1,0,0
331397,1128,1704,2,4,200.0,39395.4,1,0,0
815430,2778,1865,0,3,13042.0,27453.7,1,0,0
762350,2602,1733,2,4,14.6,49694.4,6,0,0
186059,630,2135,2,1,2361.0,28642.3,5,5,662714
656506,2243,1915,2,4,14.6,41459.7,6,0,0
905986,3087,484,2,4,14.6,14485.5,6,0,0
1057154,3614,1503,2,1,1214.0,59480.1,5,7,28523504
797322,2716,1347,0,3,20536.0,56191.6,1,0,0
759545,2591,1488,2,4,1800.0,17704.9,1,0,0
58459,196,1411,2,1,1270.0,56439.0,5,7,84787642
542943,1847,1713,0,2,5679.0,41867.3,2,6,21921652
51157,172,1891,0,3,22389.0,60846.6,1,0,0
1614258,5481,423,2,4,14.6,39165.6,6,0,0
174057,584,2141,2,1,2302.0,15518.8,5,7,76447403
3458980,11325,1550,0,0,191.1,29451.5,7,0,0
277878,950,1047,2,4,5800.0,59843.9,1,0,0
976154,3326,794,2,4,34500.0,51728.0,1,0,0
111746,377,2065,2,4,11300.0,35529.0,1,0,0
127502,427,1829,0,3,200.0,57182.1,1,0,0
697894,2386,1856,2,4,14.6,51971.3,6,0,0
3441186,1172,1856,0,0,108.1,15587.4,7,0,0
2538425,8377,2168,2,1,5018.0,54663.3,0,7,65432101
3658200,3868,1307,0,0,92.3,23048.0,7,0,0
537061,1828,1163,2,1,1613.0,45332.0,0,11,98265254
278622,954,1165,0,3,5322.0,28250.7,1,0,0
739521,2525,1125,2,4,14.6,13458.7,6,0,0
2610724,8625,1889,2,4,2000.0,66302.6,1,0,0
3617278,2623,972,0,0,143.1,34714.7,7,0,0
528702,1803,1672,2,4,14.6,43023.3,6,0,0
3638758,3268,1246,0,0,58.2,13820.2,7,0,0
106993,363,1040,2,4,13200.0,64841.0,1,0,0
641774,2190,1733,2,4,30.0,49602.7,6,0,0
523792,1787,580,2,4,3300.0,104847.2,5,0,0
41431,136,1838,2,4,960.0,15269.0,1,0,0
3555178,749,2068,0,0,136.1,31906.0,7,0,0
362267,1231,1611,2,4,14.6,36970.1,6,0,0
302736,1031,1865,0,3,17205.0,54519.0,1,0,0
294160,1005,1717,2,1,7896.0,110234.2,5,7,13424891
550245,1874,389,2,4,570.0,17135.0,1,0,0
3437838,486,1945,0,0,224.6,55424.0,7,0,0
498403,1699,400,0,2,5224.0,18076.3,2,2,94008880
3551156,627,1945,0,0,347.5,87765.3,7,0,0
2108133,7136,1256,2,1,1080.0,31037.9,5,10,35699868
529065,1804,1429,2,4,30.0,69804.6,6,0,0
3636893,3221,1825,0,0,198.3,42536.8,7,0,0
78133,260,1252,0,3,11806.5,42871.8,1,0,0
3506680,9034,668,0,0,69.3,27087.7,7,0,0
555399,1891,801,2,1,2039.0,28903.0,5,8,32430213
682648,2330,892,2,1,1662.0,22730.4,5,9,64704280
233549,794,1837,2,1,907.0,12868.0,1,13,95150184
593492,2020,366,2,4,200.0,22121.9,1,0,0
532274,1813,2168,2,1,812.0,90364.0,5,4,39702093
3454342,7101,2037,0,0,27.0,13469.8,7,0,0
3551715,640,1976,0,0,137.8,32998.7,7,0,0
1068371,3650,1198,2,1,7858.0,46027.3,5,7,85858434
194577,659,1954,2,1,107.0,32977.2,0,2,72181445
251290,862,1711,0,2,44333.0,110684.1,1,13,2834439
950394,3240,1739,2,1,5110.0,15422.4,5,11,58338659
266625,912,1788,2,4,1140.0,18989.6,1,0,0
1199535,4105,1812,0,3,900.0,34455.7,1,0,0
632101,2158,1703,2,4,14.6,55918.9,6,0,0
887826,3028,1591,0,2,4214.0,18105.2,2,4,87715136
799528,2726,1844,2,4,1200.0,77089.4,1,0,0
88219,296,1229,2,4,5700.0,18821.6,1,0,0
1068172,3649,853,2,4,9300.0,39258.8,1,0,0
1466547,4995,1315,0,3,44460.0,124481.2,1,0,0
3652913,3710,1856,0,0,137.1,28197.5,7,0,0
84398,281,1425,0,3,10100.0,19367.0,1,0,0
1207565,4131,1921,2,1,4696.0,92207.7,0,11,18379521
888364,3030,946,0,2,3132.0,20210.2,1,7,51375079
703417,2410,1307,2,4,14.6,36180.5,6,0,0
3466881,3662,2190,0,0,387.7,98099.8,7,0,0
75925,253,1436,0,3,33464.0,81559.8,1,0,0
271118,929,1739,0,3,8827.0,22941.4,1,0,0
960462,3272,1586,0,3,20528.0,52342.6,1,0,0
727702,2488,2111,2,1,2030.0,34440.7,5,11,25563156
455625,1547,1123,2,5,1700.0,51193.4,1,0,0
3637098,3226,1945,0,0,67.3,16449.8,7,0,0
1973479,6686,1527,0,2,29123.0,53638.8,1,6,23504835
927928,3163,2090,1,4,24681.0,46038.1,1,0,0
2592542,8564,1184,2,4,17100.0,38157.5,1,0,0
334357,1136,1300,1,4,3130.0,30759.6,1,0,0
1023896,3495,1834,2,4,3000.0,58418.5,1,0,0
3453913,6806,1002,0,0,109.5,19119.5,7,0,0
3541923,344,1185,0,0,181.9,42142.2,7,0,0
363957,1237,979,0,3,27901.0,96352.9,1,0,0
3664830,4448,576,0,0,141.4,31608.7,7,0,0
2780429,9203,988,0,3,23287.0,80037.0,1,0,0
1754228,5952,1986,0,2,52968.0,108497.9,1,13,78708076
828894,2823,1191,0,2,3316.0,20663.0,1,2,57925736
1850370,6265,1487,0,3,13851.0,74392.8,1,0,0
90712,306,878,2,4,3100.0,22077.5,1,0,0
81566,273,1688,2,4,6600.0,29064.8,1,0,0
270165,925,1043,2,4,12100.0,22402.7,1,0,0
1291620,4414,1806,2,4,2400.0,58648.0,1,0,0
698789,2390,1831,2,1,2206.0,52598.0,5,6,62916707
876779,2987,1039,0,3,23549.0,59181.5,1,0,0
174397,586,1884,2,4,20200.0,48083.2,1,0,0
2459940,8114,1945,2,4,14.6,24821.9,6,0,0
866665,2951,585,0,3,11707.0,43261.0,1,0,0
509762,1744,1338,2,4,14.6,18064.5,6,0,0
1176150,4033,1531,0,3,12245.0,48781.6,1,0,0
289632,992,1471,2,1,335.0,25203.1,3,5,3588748
727133,2487,1950,0,3,4741.0,27903.3,1,0,0
1201092,4109,1549,0,3,7100.0,45554.3,1,0,0
952271,3246,284,2,4,3500.0,30341.8,1,0,0
3469524,4269,2129,0,0,291.5,47317.1,7,0,0
500842,1706,1612,2,4,1260.0,48716.2,1,0,0
3462144,2411,2190,0,0,155.9,42082.4,7,0,0
954567,3254,1148,0,3,6400.0,19568.4,1,0,0
718399,2460,1225,2,4,4600.0,35006.2,1,0,0
1167019,3999,1621,2,1,563.0,35885.7,3,6,77352034
816234,2779,880,2,4,14.6,59022.4,6,0,0
221781,753,2162,2,4,2000.0,16183.0,1,0,0
121343,407,1830,2,4,3600.0,42755.5,1,0,0
755113,2576,1088,2,4,9000.0,25049.1,1,0,0
671102,2292,2139,0,2,2994.0,21012.5,1,13,9059656
466904,1589,488,2,4,800.0,21600.0,1,0,0
209089,710,982,0,2,4800.0,22049.7,2,11,26865166
763441,2607,1959,2,1,755.0,31900.6,0,4,82425427
807332,2750,1612,0,3,1900.0,36794.5,1,0,0
3604722,2255,1399,0,0,62.0,14197.5,7,0,0
1204514,4121,1100,2,4,800.0,22386.2,1,0,0
2963723,9814,1063,2,4,30.0,33326.3,6,0,0
510067,1746,1951,2,4,1900.0,84167.4,1,0,0
671379,2292,1719,2,4,2100.0,31211.4,1,0,0
1093096,3737,1463,2,4,2240.0,25425.9,1,0,0
516650,1766,1073,2,4,700.0,29490.3,1,0,0
52262,174,2105,0,2,3377.0,18738.9,1,7,20820832
417393,1416,1849,0,3,22487.0,20945.5,1,0,0
1042765,3566,1125,2,4,14.6,20678.1,6,0,0
2402560,7926,1372,0,3,25632.0,108072.8,1,0,0
845651,2880,345,2,1,7501.0,53248.2,5,1,74414473
80974,272,2044,2,1,7454.0,26644.1,5,5,15116119
531066,1810,1413,0,3,17701.0,45597.6,1,0,0
306997,1047,1465,2,1,4339.0,12263.0,5,6,74345159
1114342,3806,1405,2,1,3216.0,41333.7,5,12,51833760
3466023,3508,1429,0,0,130.6,34782.9,7,0,0
415909,1412,1225,2,1,1773.0,28520.1,0,7,65591120
3590940,1830,1764,0,0,79.4,20474.1,7,0,0
3647830,3567,1672,0,0,164.4,45359.9,7,0,0
452511,1538,1479,0,3,39542.0,91341.9,1,0,0
1086741,3713,1120,2,4,24300.0,1961.5,1,0,0
1040590,3558,526,2,1,3231.0,33946.5,3,4,98339360
711412,2432,1580,2,4,14.6,22814.8,6,0,0
1650270,5593,1902,2,4,4900.0,71187.5,1,0,0
2472801,8159,1133,2,1,3034.0,30997.6,5,12,6845528
958449,3265,1549,1,4,16739.0,30978.7,1,0,0
2438416,8039,1592,2,1,610.0,61566.7,0,7,52981835
529038,1804,607,2,4,30.0,61086.5,6,0,0
580909,1977,1689,2,4,1800.0,23834.4,1,0,0
3532640,63,2190,0,0,130.6,32334.9,7,0,0
1023806,3495,2119,0,3,16715.0,49976.3,1,0,0
823466,2805,1620,0,2,3026.0,20045.6,1,10,1941556
1187277,4066,1106,2,1,7246.0,59949.3,0,12,20153117
123816,416,1740,2,1,982.0,19263.6,5,10,30481368
164208,549,1532,0,3,14035.0,47499.9,1,0,0
2779695,9199,1815,2,4,3900.0,6269.3,1,0,0
1057245,3614,2074,2,1,2886.0,79703.0,3,7,4245263
561694,1911,830,0,3,16284.0,58080.0,1,0,0
712733,2435,964,2,4,11800.0,36644.8,1,0,0
976497,3327,346,2,4,960.0,31362.9,1,0,0
949471,3237,1954,0,3,17495.0,74630.5,1,0,0
3445684,539,1002,0,0,155.3,37128.8,7,0,0
1111156,3794,1558,0,3,18738.0,55734.2,1,0,0
54314,181,1503,2,1,6780.0,32500.0,5,6,66975450
600105,2043,1771,0,3,6550.0,19956.8,1,0,0
1110856,3792,1422,2,4,800.0,15170.2,1,0,0
562705,1914,1106,2,4,3480.0,20575.4,1,0,0
3558063,846,1856,0,0,291.3,87667.1,7,0,0
991624,3381,1951,2,1,9971.0,18207.0,5,12,40119654
803755,2739,948,2,1,414.0,24756.1,5,12,92235922
3668149,4981,1611,0,0,170.9,36471.5,7,0,0
205022,697,1775,0,3,22067.0,66408.0,1,0,0
229312,780,1717,0,3,20219.0,48753.0,1,0,0
68051,226,2054,2,5,400.0,49132.0,1,0,0
984985,3359,1546,2,4,2600.0,34242.7,1,0,0
339862,1153,556,2,1,4918.0,25494.8,5,9,24663144
1764293,5984,1094,2,4,14.6,39836.6,6,0,0
494451,1686,1379,2,1,1532.0,39818.5,5,11,27540904
13400,44,1033,2,4,14.6,16748.3,6,0,0
84897,284,1884,2,4,14.6,26494.0,6,0,0
260575,892,371,2,4,4550.0,14421.2,1,0,0
2907720,9631,2013,0,2,14861.0,42451.0,1,8,66287123
3492359,7769,1125,0,0,146.3,47332.9,7,0,0
3639517,3289,1733,0,0,142.8,33938.4,7,0,0
1363118,4650,1491,2,4,14.6,2473.4,6,0,0
180297,610,1703,2,4,14.6,59599.2,6,0,0
3520650,10364,1945,0,0,272.6,68375.7,7,0,0
3650022,3628,1185,0,0,181.7,41922.1,7,0,0
3546584,480,1915,0,0,157.4,28720.6,7,0,0
559679,1904,2076,2,1,2257.0,30460.4,3,8,62933331
104802,358,1987,0,2,3099.0,16590.4,1,1,51605224
749144,2554,698,2,4,14.6,37798.0,6,0,0
493261,1682,1399,2,4,14.6,42652.3,6,0,0
3546236,470,484,0,0,21.5,17236.5,7,0,0
434351,1476,978,2,1,3467.0,21284.8,5,13,33632028
263895,902,1773,2,1,260.0,21079.7,5,3,83133846
1101823,3763,1441,2,1,3623.0,33269.0,0,5,55779212
854521,2912,819,2,4,14.6,53353.9,6,0,0
989507,3373,1404,0,3,18995.0,35935.9,1,0,0
576498,1963,1758,2,4,16200.0,68735.3,1,0,0
95150,323,2073,2,4,3600.0,16981.1,1,0,0
254104,871,1889,2,4,5640.0,30194.0,1,0,0
3628925,2972,1976,0,0,304.1,88796.1,7,0,0
699795,2394,2170,2,1,3131.0,31785.1,5,5,38287389
929715,3168,1045,2,1,3292.0,26657.3,5,13,85804390
13160,44,459,0,2,4200.0,18739.9,2,8,4120284
223268,759,1945,2,4,14.6,85049.4,6,0,0
2789425,9236,1988,2,4,7200.0,104247.1,1,0,0
3444255,1880,2190,0,0,124.9,31741.2,7,0,0
3631471,3053,1460,0,0,232.0,61238.7,7,0,0
1017867,3478,1502,0,3,7360.0,20832.5,1,0,0
255278,877,1467,2,1,2115.0,35305.0,5,11,40519672
325754,1113,2103,2,1,3837.0,48526.5,5,2,6762576
442188,1503,2068,2,4,14.6,18280.9,6,0,0
3676570,6453,2098,0,0,71.6,16940.6,7,0,0
1125746,3845,1502,2,1,8866.0,29556.9,5,12,31715512
866071,2949,740,0,2,6410.0,19630.0,2,7,75129961
686050,2343,887,0,3,16866.0,34286.8,1,0,0
3542512,361,880,0,0,234.9,50426.4,7,0,0
91920,311,1844,2,4,960.0,40648.3,1,0,0
3624568,2847,1884,0,0,157.1,40182.6,7,0,0
353013,1200,2167,0,3,35072.0,63436.5,1,0,0
367834,1250,1473,2,1,10069.0,17054.1,0,5,49418222
3510207,9337,1338,0,0,78.7,35339.2,7,0,0
502144,1711,1999,0,3,3800.0,25187.3,1,0,0
3513039,9627,1307,0,0,72.5,15823.1,7,0,0
2775919,9188,1557,2,1,66.0,42696.9,3,8,96138745
992594,3386,1742,2,4,14100.0,27952.4,1,0,0
543328,1848,1399,2,4,14.6,11204.0,6,0,0
339127,1151,1473,0,3,24015.0,75046.8,1,0,0
3466223,3520,1825,0,0,133.9,25289.0,7,0,0
3520182,10320,910,0,0,129.3,26068.9,7,0,0
794941,2708,2082,0,3,21372.0,67314.3,1,0,0
556137,1892,880,2,4,14.6,28609.0,6,0,0
1034610,3537,2037,2,4,14.6,13086.0,6,0,0
1112464,3799,1740,2,1,136.0,56678.6,3,3,71719521
365259,1241,1915,2,4,14.6,13530.8,6,0,0
3659855,3920,1125,0,0,215.5,45140.6,7,0,0
2610986,8625,1945,2,4,14.6,86976.1,6,0,0
3581080,1540,1033,0,0,201.6,42571.8,7,0,0
307273,1048,1315,0,2,5993.0,16833.1,2,11,69381344
3209328,10650,1942,1,4,18886.0,55133.9,1,0,0
3658282,3870,1491,0,0,17.8,6327.8,7,0,0
742753,2536,1833,0,2,6234.0,31546.5,2,12,83186918
694563,2375,1641,2,4,14.6,59251.3,6,0,0
792727,2701,1487,2,4,3480.0,44751.3,1,0,0
910431,3101,2129,2,4,14.6,19649.7,6,0,0
70649,235,1219,2,4,1170.0,23123.5,1,0,0
3458552,10904,1856,0,0,84.3,11103.7,7,0,0
925232,3153,2044,0,3,31547.0,64000.7,1,0,0
377966,1286,754,2,4,5100.0,44420.1,1,0,0
2292494,7562,826,0,2,38701.0,88537.8,1,2,10033035
30510,99,1713,2,1,4682.0,29322.4,0,3,26847303
616586,2102,1439,0,3,17238.0,50845.6,1,0,0
1036777,3546,1794,2,4,14.6,74564.8,6,0,0
724426,2479,583,2,4,4700.0,20299.5,1,0,0
512409,1754,2150,2,4,15000.0,62392.7,1,0,0
387157,1315,1256,2,4,3900.0,33176.0,1,0,0
1531387,5215,1319,2,4,1000.0,53055.6,1,0,0
251252,862,553,0,2,44333.0,76899.7,1,13,2834439
275860,944,1100,2,4,720.0,46418.8,1,0,0
3660268,3935,395,0,0,89.8,19530.4,7,0,0
3512383,9549,1794,0,0,289.6,76462.3,7,0,0
726954,2486,717,2,4,25700.0,47082.2,1,0,0
509191,1742,1429,2,4,14.6,66047.3,6,0,0
732281,2503,1190,0,3,9574.0,43712.8,1,0,0
265846,908,739,2,4,1000.0,21008.3,1,0,0
717406,2457,972,2,4,14.6,25447.0,6,0,0
740213,2527,211,2,4,14.6,72939.6,6,0,0
178499,603,1672,2,4,14.6,49460.1,6,0,0
1057359,3614,1554,2,4,33600.0,64171.9,1,0,0
3453808,6636,1641,0,0,378.0,114707.7,7,0,0
1153167,3944,1139,2,1,3338.0,54667.6,0,3,65107047
191827,651,1316,2,1,4062.0,40472.7,0,2,54411101
930628,3171,1399,2,4,14.6,22079.1,6,0,0
3458161,10670,1154,0,0,270.7,62887.8,7,0,0
923714,3147,2159,2,4,14.6,62259.6,6,0,0
770900,2631,1412,2,1,2125.0,18796.3,5,2,16949427
310411,1057,910,2,4,14.6,16877.9,6,0,0
1026456,3505,2017,2,1,3823.0,92172.1,5,6,66976618
3664386,4414,637,0,0,51.9,11563.3,7,0,0
463929,1578,1733,2,4,14.6,38208.8,6,0,0
1192474,4081,1399,2,4,14.6,9423.3,6,0,0
743470,2538,1174,2,4,3900.0,24644.4,1,0,0
3550323,601,1672,0,0,63.8,16001.0,7,0,0
939443,3206,1418,2,4,14300.0,48369.9,1,0,0
3618214,2651,272,0,0,249.1,53907.5,7,0,0
3612356,2488,880,0,0,97.9,24034.1,7,0,0
276785,947,1720,2,4,4680.0,44673.1,1,0,0
308667,1052,529,2,4,8300.0,28873.6,1,0,0
111268,376,2173,2,4,3600.0,68408.0,1,0,0
813914,2771,1500,2,1,7288.0,32801.0,5,5,67174297
920154,3135,1710,2,4,14200.0,37467.6,1,0,0
733552,2507,1594,2,1,4556.0,27284.8,5,10,59955376
873910,2976,1976,2,4,14.6,32039.3,6,0,0
3565031,1048,788,0,0,67.9,16957.5,7,0,0
345232,1169,1564,2,1,591.0,58801.3,0,12,2818489
137542,461,194,2,1,1530.0,29354.1,5,8,30994916
1096429,3747,772,2,1,6365.0,13739.0,8,7,80613380
489212,1669,2137,2,4,1300.0,14127.0,1,0,0
407781,1388,2169,0,3,31830.0,69978.0,1,0,0
3197149,10607,1676,2,4,18900.0,28889.5,1,0,0
3470203,4355,1368,0,0,100.4,23041.4,7,0,0
1158541,3967,1732,0,3,14063.0,21280.3,1,0,0
223745,761,1633,2,4,3400.0,40822.4,1,0,0
2354260,7765,825,2,4,900.0,26369.0,1,0,0
477853,1628,1289,2,4,1760.0,16767.7,1,0,0
3478323,9034,880,0,0,107.0,29921.1,7,0,0
246347,846,2181,0,3,47357.0,101097.4,1,0,0
270043,925,632,2,4,500.0,34490.2,1,0,0
86320,289,1555,2,1,2621.0,29617.3,0,8,72798836
973197,3316,361,2,4,3040.0,44817.2,1,0,0
887675,3027,1482,2,4,1840.0,20154.4,1,0,0
369550,1256,880,2,4,14.6,31520.9,6,0,0
1218803,4171,2037,2,4,14.6,56733.5,6,0,0
823323,2804,1462,2,4,700.0,35846.3,1,0,0
2567215,8475,2135,0,3,6492.0,34768.2,1,0,0
166694,557,2037,2,4,14.6,16924.2,6,0,0
871072,2967,1827,2,4,840.0,17706.9,1,0,0
1140250,3898,491,0,2,6915.0,21545.0,2,10,49556386
413209,1404,1491,2,4,30.0,37276.2,6,0,0
1072069,3663,1643,2,5,2200.0,47338.9,1,0,0
909910,3099,1154,2,4,14.6,20157.9,6,0,0
809739,2759,2171,2,4,13700.0,60018.7,1,0,0
115629,390,1531,2,4,19200.0,68768.2,1,0,0
2259002,7454,460,2,4,1300.0,23980.1,1,0,0
673071,2298,2013,2,4,24000.0,33031.9,1,0,0
39030,126,475,2,4,18200.0,40779.0,1,0,0
3612116,2483,1519,0,0,264.5,57745.8,7,0,0
960182,3270,2159,2,4,14.6,45687.2,6,0,0
772188,2636,1425,0,3,600.0,600.0,1,0,0
3449315,3678,698,0,0,95.3,21689.4,7,0,0
1365848,4660,2018,2,1,4456.0,52928.2,8,9,35342312
960086,3270,1380,2,1,7806.0,56896.3,5,10,24160874
522221,1782,1318,2,1,3231.0,41636.0,5,3,99716561
299364,1019,180,2,4,14.6,44241.2,6,0,0
881881,3004,2098,2,4,14.6,18970.5,6,0,0
804412,2741,1099,0,3,45124.0,68898.0,1,0,0
679665,2321,1741,0,3,29337.0,77379.0,1,0,0
3448007,2522,1611,0,0,54.5,-2926.7,7,0,0
196288,665,1905,2,5,200.0,70404.5,1,0,0
3606384,2313,1215,0,0,109.6,27093.8,7,0,0
3592628,1882,1703,0,0,69.9,18018.5,7,0,0
3453133,6051,910,0,0,92.6,23973.4,7,0,0
880016,2997,1849,2,4,1410.0,21732.1,1,0,0
654177,2237,1502,2,1,891.0,48430.9,0,6,87857412
544486,1851,1884,2,4,14.6,54609.7,6,0,0
440886,1498,1835,0,3,40412.0,54965.3,1,0,0
631653,2156,1837,2,4,2040.0,58241.2,1,0,0
789907,2694,1987,2,1,3532.0,49035.7,5,10,95437645
394797,1342,1898,2,1,3665.0,29176.3,3,13,30762762
176597,596,1219,2,4,5400.0,53988.6,1,0,0
916947,3126,1550,2,4,14.6,25183.2,6,0,0
3646482,3526,1884,0,0,247.3,71509.5,7,0,0
241175,824,1257,0,3,12165.0,38595.3,1,0,0
410301,1397,1474,2,5,3400.0,34981.6,1,0,0
1116947,3816,2106,2,4,5000.0,38000.0,1,0,0
1299625,4437,928,0,3,1400.0,26522.4,1,0,0
466430,1588,2165,0,2,3665.0,17931.2,1,2,53922432
976663,3327,1815,2,4,6300.0,50435.6,1,0,0
116508,393,1192,2,1,5920.0,34694.3,0,1,27135431
1192587,4082,1576,0,3,27418.0,76019.5,1,0,0
326637,1115,1315,2,4,2800.0,14216.5,1,0,0
2402728,7926,1585,2,4,34400.0,124943.3,1,0,0
12635,42,1588,2,1,1592.0,19914.1,3,13,38318204
79428,266,935,1,4,10988.0,93659.0,1,0,0
3568085,1134,1764,0,0,98.8,21915.2,7,0,0
753032,2569,1525,2,1,463.0,22922.7,5,8,55144518
532776,1815,1559,0,3,17904.0,37287.8,1,0,0
965669,3290,2139,0,2,38624.0,101846.3,1,3,61776995
1021225,3487,984,2,1,324.0,35940.3,5,5,68540710
1215516,4161,862,0,3,11171.0,39216.1,1,0,0
1060014,3623,1258,2,1,105.0,16228.7,0,13,12989753
530599,1809,643,2,1,183.0,34723.8,0,12,62114232
2931786,9707,1094,2,4,14.6,99729.1,6,0,0
214853,730,913,0,3,34498.0,69508.5,1,0,0
1086257,3711,2098,0,3,12800.0,8541.2,1,0,0
495026,1688,372,2,1,2249.0,25964.3,5,8,80142312
495822,1690,1986,2,4,12650.0,22249.9,1,0,0
3619066,2676,1154,0,0,100.4,29379.8,7,0,0
439327,1493,1002,2,4,14.6,20011.6,6,0,0
3395530,11271,1052,2,4,5300.0,26577.3,1,0,0
173156,581,1710,0,2,4890.0,23362.6,2,12,22331387
2907796,9631,1470,2,4,7500.0,42390.2,1,0,0
2382577,7857,1894,0,2,38109.0,73587.0,1,9,77844226
167240,559,1002,2,4,14.6,20967.5,6,0,0
53213,176,1413,2,1,97.0,34399.1,3,9,11736327
3605166,2269,910,0,0,111.2,18702.9,7,0,0
303360,1032,910,2,4,14.6,35280.1,6,0,0
3461274,2091,1580,0,0,167.7,42860.7,7,0,0
3606809,2326,941,0,0,89.6,21626.9,7,0,0
822526,2802,772,0,2,3619.0,27585.7,1,3,50530976
3543711,400,1368,0,0,159.8,35794.6,7,0,0
786843,2681,1154,2,4,14.6,43633.2,6,0,0
1191156,4079,1046,0,3,9932.0,59652.7,1,0,0
3680671,7181,1856,0,0,213.7,43728.9,7,0,0
298165,1017,1164,2,1,4492.0,54915.9,5,5,49678987
3489819,7546,1215,0,0,124.2,24565.1,7,0,0
548892,1870,951,0,3,21433.0,71279.8,1,0,0
3565392,1057,484,0,0,80.3,18222.1,7,0,0
203224,689,1348,2,1,16.0,58305.8,0,5,93874132
662855,2263,1225,0,3,17637.0,41038.8,1,0,0
1117362,3818,1285,2,1,3596.0,55910.8,5,9,35474443
1047917,3584,2137,0,2,33827.0,58167.5,1,1,61573970
111946,378,1837,2,1,8537.0,86972.1,5,6,6934583
586096,1994,1679,2,4,24000.0,20562.7,1,0,0
393219,1337,2048,2,1,3264.0,51984.7,5,12,46227514
204937,696,1945,2,4,14.6,32128.7,6,0,0
573940,1953,2128,0,3,9092.0,117511.6,1,0,0
1166551,3998,1502,2,1,2364.0,48850.0,5,9,26202184
2895770,9591,1224,2,4,12000.0,31699.4,1,0,0
3588541,1771,1125,0,0,93.8,16234.6,7,0,0
443592,1509,858,0,3,14188.0,37014.0,1,0,0
3134916,10404,1592,2,1,883.0,61275.0,0,11,60165852
848698,2890,1312,2,4,14200.0,28228.2,1,0,0
606320,2063,487,2,4,800.0,27765.6,1,0,0
1245629,4260,819,2,4,14.6,10658.8,6,0,0
2653596,8776,1468,2,4,2300.0,61117.0,1,0,0
615855,2099,1661,2,4,17100.0,81968.0,1,0,0
1437054,4894,1399,2,4,14.6,80250.6,6,0,0
1910402,6472,1317,0,2,38453.0,91868.6,1,10,71542995
323067,1104,1802,2,1,8840.0,53286.9,5,3,72144114
659340,2250,1611,2,4,14.6,40075.8,6,0,0
3047922,10105,837,2,4,5700.0,43296.1,1,0,0
271146,929,402,2,1,5884.0,25232.0,5,10,61865889
957198,3261,250,0,3,8766.0,32310.1,1,0,0
198629,674,1624,2,1,2058.0,33219.8,5,3,63081496
91132,309,2169,0,3,28726.0,41460.8,1,0,0
3586495,1701,1368,0,0,150.6,47454.5,7,0,0
1015692,3472,1507,2,4,2400.0,37791.5,1,0,0
1504679,5129,1598,2,4,11900.0,50209.5,1,0,0
598766,2038,1099,0,3,5463.0,25110.4,1,0,0
100387,343,690,2,4,4400.0,23799.3,1,0,0
906139,3088,1891,0,3,22765.0,46429.6,1,0,0
3642394,3385,1915,0,0,105.9,27761.2,7,0,0
1613079,5477,2010,2,4,19500.0,75360.6,1,0,0
3161906,10493,2167,0,3,46435.0,85033.8,1,0,0
133401,446,585,2,4,11400.0,37710.1,1,0,0
285750,981,1043,0,3,23092.0,65145.3,1,0,0
250349,860,1411,0,3,13185.0,36181.0,1,0,0
2477204,8173,1038,0,2,40840.0,76094.3,1,4,84269058
2473037,8159,1638,2,4,5300.0,36448.7,1,0,0
1004631,3429,1898,0,2,6664.0,36103.4,2,11,61550193
283812,974,1680,2,4,23500.0,30063.5,1,0,0
3563373,992,1550,0,0,78.1,13944.2,7,0,0
374855,1276,1496,2,1,169.0,22865.8,3,1,23086488
792003,2700,1988,2,1,6129.0,32542.1,0,13,95353859
1044154,3570,1832,0,3,3700.0,46684.2,1,0,0
895384,3051,2138,2,1,623.0,120010.8,3,12,73282408
3534624,123,364,0,0,89.0,20117.4,7,0,0
882531,3007,769,2,1,1405.0,48253.3,0,6,5890685
1365439,4659,951,0,3,35793.0,57380.4,1,0,0
1563303,5313,1828,2,4,18700.0,67962.9,1,0,0
478854,1632,1804,0,3,18451.0,95807.3,1,0,0
115330,389,1649,2,4,5700.0,17703.0,1,0,0
3648453,3584,1519,0,0,160.4,36589.7,7,0,0
536853,1828,827,0,3,7439.0,86429.3,1,0,0
761970,2600,1884,2,4,14.6,166743.2,6,0,0
3661048,3960,515,0,0,71.9,17643.1,7,0,0
541860,1843,1046,2,1,6994.0,39938.8,5,9,62958741
791734,2699,2006,2,4,14.6,59540.7,6,0,0
606177,2063,1682,2,1,1542.0,42427.1,5,13,7305825
350370,1190,1498,0,3,12374.0,45223.9,1,0,0
308100,1050,384,2,4,400.0,28614.6,1,0,0
2520342,8316,1098,0,3,40637.0,74773.8,1,0,0
497551,1695,2129,2,4,14.6,102242.7,6,0,0
3451367,5129,515,0,0,56.3,15049.3,7,0,0
248509,854,621,2,1,2843.0,35865.2,3,5,6306148
782515,2667,1981,0,2,3270.0,21958.1,1,4,32372063
790376,2695,795,2,1,3923.0,49250.8,5,10,45832115
1440979,4907,1190,2,1,1253.0,20421.4,0,1,5604631
511823,1751,2081,0,3,1600.0,29064.8,1,0,0
813911,2771,1408,2,1,7288.0,43719.3,5,5,67174297
274334,940,1552,2,4,6300.0,91133.9,1,0,0
1272467,4352,1956,0,3,24269.0,63372.1,1,0,0
3576998,1417,880,0,0,196.3,38977.7,7,0,0
169642,568,1915,2,4,14.6,30827.7,6,0,0
935022,3191,1803,2,1,3606.0,30949.4,0,10,47511076
883107,3008,954,2,1,2120.0,29675.5,5,9,79819476
564514,1921,1834,2,1,124.0,23685.9,0,6,97261964
102839,350,1561,2,4,3700.0,20823.7,1,0,0
371957,1267,1861,2,1,1672.0,24753.7,0,9,69378167
906328,3089,1279,0,3,21285.0,21885.0,1,0,0
149398,498,738,2,4,3120.0,40844.1,1,0,0
1057231,3614,1647,2,1,2886.0,38128.3,3,7,4245263
1024029,3496,2044,0,2,30762.0,72106.2,1,9,23304033
3466364,3553,1429,0,0,136.6,33636.3,7,0,0
600640,2044,1051,2,4,7600.0,34095.1,1,0,0
354711,1203,1257,0,3,30934.0,52389.4,1,0,0
1081341,3693,409,0,3,15447.0,33115.8,1,0,0
655405,2241,1834,2,1,6545.0,61515.6,5,6,33408683
118561,397,1258,0,3,3300.0,32901.0,1,0,0
1031115,3522,1583,2,4,7100.0,20365.9,1,0,0
2415253,7965,1672,2,4,14.6,29514.6,6,0,0
121259,407,2010,0,3,22052.0,39265.5,1,0,0
1067352,3647,1467,2,1,5842.0,33971.2,5,8,97101318
3600000,2107,1945,0,0,170.0,37065.2,7,0,0
846755,2883,1856,2,4,14.6,23866.4,6,0,0
977560,3331,1853,2,4,1320.0,16293.2,1,0,0
3547116,497,1580,0,0,185.5,40546.6,7,0,0
20369,68,1136,2,1,1705.0,31824.1,5,12,86834001
913388,3113,1470,2,1,4043.0,36710.5,0,12,14441299
544657,1852,830,0,2,3299.0,18617.6,1,10,77745967
953997,3253,1963,0,3,40357.0,78254.9,1,0,0
337118,1145,1072,2,1,478.0,17533.9,1,5,24233013
619822,2116,1902,1,4,7526.0,30546.9,1,0,0
557135,1896,1500,2,1,9463.0,9434.8,5,1,81584167
1754646,5952,392,2,4,6000.0,54382.1,1,0,0
1644188,5574,1638,2,4,2900.0,50591.0,1,0,0
152743,510,2006,2,4,30.0,53219.2,6,0,0
3547995,522,1246,0,0,152.3,35091.4,7,0,0
1055290,3609,1381,2,1,2128.0,33748.9,5,4,7829064
928921,3166,1014,2,1,3702.8,40797.8,8,11,16657728
739432,2525,1651,2,1,2929.0,11630.9,0,4,99278032
3603611,2224,2037,0,0,256.5,64364.7,7,0,0
2539738,8381,1655,2,4,30000.0,50660.6,1,0,0
1191510,4079,476,1,4,12893.0,49309.1,1,0,0
245712,843,1703,2,4,14.6,23990.8,6,0,0
1038975,3553,1954,2,4,2200.0,30916.2,1,0,0
2108134,7136,1286,2,1,1080.0,23285.7,5,10,35699868
316054,1078,2069,2,4,2480.0,17041.4,1,0,0
1027611,3509,1215,2,4,14.6,30222.6,6,0,0
2791360,9241,1715,2,1,4753.7,44474.4,8,10,73753130
732323,2503,286,2,1,6279.0,32170.7,5,2,10819483
534325,1820,1131,2,1,7794.0,8763.1,5,12,58238744
916589,3124,1853,2,5,1800.0,18229.2,1,0,0
991866,3383,1958,0,3,1600.0,47398.4,1,0,0
1467596,4999,2127,0,3,6800.0,71590.7,1,0,0
362772,1234,1473,0,2,6390.0,20299.0,2,6,57374542
3568074,1134,1429,0,0,74.5,14755.9,7,0,0
737394,2519,1928,2,1,1599.0,47482.1,5,8,87381881
2373112,7824,1709,2,1,1525.0,19980.8,0,4,44470602
1059099,3620,1976,2,4,14.6,16859.3,6,0,0
1195439,4093,569,2,4,2300.0,23318.2,1,0,0
571490,1944,303,2,4,14.6,35342.7,6,0,0
3541562,334,1550,0,0,338.5,84944.8,7,0,0
3446135,949,1580,0,0,131.5,35199.7,7,0,0
3440719,1103,1491,0,0,225.0,40648.2,7,0,0
3562498,970,1884,0,0,112.2,33625.6,7,0,0
3623222,2805,1825,0,0,82.4,18701.6,7,0,0
421531,1429,576,2,4,14.6,17319.0,6,0,0
81833,274,1683,0,3,20398.0,52169.0,1,0,0
1106421,3779,1632,2,4,19000.0,35154.1,1,0,0
2583157,8533,1258,2,4,2700.0,51546.5,1,0,0
3600774,2135,1672,0,0,35.0,17397.0,7,0,0
1122342,3834,567,2,4,2800.0,23221.4,1,0,0
2820509,9337,972,2,4,14.6,71224.7,6,0,0
3600355,2121,760,0,0,203.8,53416.6,7,0,0
1311428,4478,1462,2,4,2900.0,91101.5,1,0,0
3639866,3302,698,0,0,111.9,27945.0,7,0,0
430921,1464,1610,0,3,35528.0,111300.7,1,0,0
561506,1910,2104,2,1,851.0,96524.0,5,13,15554768
177306,598,1529,0,3,5900.0,18672.0,1,0,0
1094515,3743,1922,2,1,5478.0,51768.2,5,4,70616876
3680292,7123,1246,0,0,194.6,26028.3,7,0,0
474784,1617,1591,2,4,4700.0,13499.1,1,0,0
102346,348,2103,0,3,18286.0,67752.9,1,0,0
263584,901,756,2,4,560.0,19318.1,1,0,0
455453,1546,1915,2,4,14.6,14696.5,6,0,0
997225,3404,2159,2,4,14.6,52024.9,6,0,0
72419,240,2159,2,4,14.6,16885.5,6,0,0
742230,2534,1319,2,1,1220.0,29013.2,0,7,32907408
613177,2088,688,2,4,600.0,24249.7,1,0,0
3669789,5269,1460,0,0,259.6,60644.4,7,0,0
3550297,601,880,0,0,77.7,19120.3,7,0,0
511547,1750,782,2,4,3000.0,31841.8,1,0,0
459121,1561,1145,2,4,2960.0,24057.7,1,0,0
2652353,8772,1434,0,2,16554.0,35929.1,1,11,28984832
1098558,3753,1835,0,2,5937.0,47765.6,2,7,16922271
2895902,9591,1429,2,4,10400.0,32801.5,1,0,0
3649519,3614,1733,0,0,251.9,55004.8,7,0,0
1699146,5758,2106,0,2,34204.0,37296.0,1,2,54844158
210037,713,1562,2,1,3581.0,18018.9,5,9,13186729
3677650,6686,1825,0,0,147.6,24418.0,7,0,0
727457,2487,1368,2,4,14.6,21268.6,6,0,0
488512,1666,1920,2,1,2164.0,34103.8,5,1,31104207
559562,1904,1803,0,3,13130.0,40733.1,1,0,0
244791,840,1616,2,4,16160.0,48580.0,1,0,0
1122074,3834,1160,2,1,3114.0,18460.0,5,6,49577087
361521,1228,1892,2,1,1980.0,27982.0,5,1,34928244
1548691,5269,2037,2,4,14.6,28319.8,6,0,0
2572326,8492,1957,0,3,11142.0,65805.5,1,0,0
670634,2289,1251,2,4,5300.0,25382.1,1,0,0
150630,503,1438,0,3,21804.0,62704.6,1,0,0
348803,1183,1399,2,4,14.6,30923.6,6,0,0
471320,1604,1776,2,1,7088.0,22023.3,5,2,90369587
426311,1448,2029,2,4,900.0,23583.3,1,0,0
919222,3133,1925,2,1,6327.0,21021.8,0,10,98308729
842678,2867,1927,2,4,46500.0,91880.3,1,0,0
198425,672,2024,0,3,800.0,36500.0,1,0,0
1122868,3835,1011,2,1,1247.0,37559.1,0,1,19860339
597864,2035,2047,2,1,8404.0,55259.1,5,4,67583274
1571852,5343,938,2,4,12800.0,24484.2,1,0,0
546458,1860,2112,0,2,3255.0,19846.3,1,7,61854898
877870,2990,2165,2,5,1700.0,39129.1,1,0,0
1197392,4099,2020,2,1,1926.0,47198.6,5,1,31954735
62387,207,1442,2,1,10.0,24014.7,0,4,4786676
3531321,29,2190,0,0,142.9,37551.4,7,0,0
41988,139,2159,2,4,30.0,18537.8,6,0,0
221294,751,759,2,4,1040.0,16525.1,1,0,0
1166601,3998,1926,2,1,1519.0,24293.3,0,6,25096166
478823,1632,1259,0,3,48777.0,109284.7,1,0,0
849859,2895,2017,2,1,5598.0,23971.5,5,2,10887700
939142,3205,1252,2,4,2400.0,20118.4,1,0,0
3464476,3003,1063,0,0,235.2,36287.5,7,0,0
803103,2737,1432,2,4,14400.0,41000.5,1,0,0
3021324,10018,1827,2,4,1500.0,35799.0,1,0,0
807279,2750,1307,2,4,14.6,30595.4,6,0,0
11182,37,2181,2,4,4800.0,45802.3,1,0,0
3661784,3982,454,0,0,62.6,14122.2,7,0,0
1065686,3641,1617,2,1,2163.0,21809.8,5,6,67058944
250563,860,910,2,4,14.6,37265.4,6,0,0
575177,1959,489,0,2,6830.0,33479.6,2,3,82285320
3617739,2639,2068,0,0,203.9,41542.4,7,0,0
341431,1159,1680,0,3,10874.0,52298.8,1,0,0
2727736,9024,1138,0,3,14878.0,35033.0,1,0,0
3628283,2954,2190,0,0,308.6,86793.9,7,0,0
654228,2237,1592,2,1,1320.0,50845.7,3,12,55064397
825254,2812,1321,0,3,24510.0,46279.8,1,0,0
2722034,9006,941,2,4,30.0,53373.4,6,0,0
3281590,10904,1377,0,3,5088.0,20008.9,1,0,0
3629898,3007,972,0,0,179.8,38296.2,7,0,0
788187,2687,986,0,2,6336.0,27375.0,2,1,4163349
456975,1552,1416,2,4,18000.0,57577.8,1,0,0
26018,85,1992,0,3,2900.0,40835.7,1,0,0
594467,2023,545,2,4,14.6,41241.1,6,0,0
13390,44,729,2,4,14.6,18309.2,6,0,0
282970,971,1471,2,4,13280.0,28165.8,1,0,0
1156661,3957,1490,2,4,7200.0,40370.1,1,0,0
441553,1500,1640,2,4,4700.0,49490.4,1,0,0
351931,1195,1764,2,4,14.6,34042.3,6,0,0
3655836,3793,1825,0,0,133.7,32389.4,7,0,0
339304,1151,2098,2,4,14.6,108174.1,6,0,0
171047,574,1221,0,2,40486.0,55902.8,1,5,7372451
458954,1561,1226,0,2,5327.0,34458.6,2,6,73723697
753418,2570,1646,2,1,2051.0,13676.3,1,6,48350596
3815,15,604,2,4,9800.0,34375.7,1,0,0
690719,2360,2138,2,1,7580.0,41011.4,5,6,84537815
3081131,10215,1767,2,4,5500.0,52346.1,1,0,0
3603561,2223,1154,0,0,21.2,9529.0,7,0,0
3498935,8321,211,0,0,101.7,44801.4,7,0,0
409398,1394,1139,2,1,646.0,37394.0,0,10,14472324
27443,90,1703,2,4,14.6,30817.3,6,0,0
3552642,674,1125,0,0,61.6,19833.2,7,0,0
994293,3391,2122,2,5,4000.0,57667.0,1,0,0
3616295,2592,1764,0,0,313.5,78121.6,7,0,0
313929,1071,637,2,4,30.0,48767.6,6,0,0
1052501,3600,558,2,1,1537.0,21898.8,5,8,30949759
3123202,10364,564,2,4,2400.0,20303.1,1,0,0
1657707,5622,1508,0,3,16400.0,44409.7,1,0,0
959711,3269,1319,0,3,7827.0,55437.7,1,0,0
506617,1730,565,2,4,3920.0,20268.1,1,0,0
369566,1256,1368,2,4,14.6,31961.6,6,0,0
898140,3061,1621,2,1,1978.0,17696.5,1,12,62345623
887469,3026,168,2,4,22800.0,46731.5,1,0,0
1004661,3429,613,2,1,538.0,27369.9,5,11,41107934
355779,1205,1740,2,4,1040.0,24965.3,1,0,0
987160,3367,1504,2,1,904.0,103093.2,5,6,62753373
65414,218,1465,0,3,6671.0,10428.3,1,0,0
744804,2542,476,2,4,3360.0,18588.3,1,0,0
53034,176,1319,0,3,800.0,800.0,1,0,0
1091031,3729,1580,2,4,14.6,17396.4,6,0,0
319848,1092,1066,2,4,11400.0,30635.8,1,0,0
317378,1083,1591,0,3,11592.0,41625.5,1,0,0
188564,638,1715,2,1,873.0,26798.4,3,4,45651602
218627,743,1283,2,1,2691.0,25602.1,5,3,82371133
16880,57,1832,2,4,2500.0,45628.7,1,0,0
276401,946,1491,2,4,14.6,40833.4,6,0,0
420318,1425,1383,2,4,1600.0,48007.5,1,0,0
1010153,3451,2043,0,3,18769.0,41188.7,1,0,0
2314883,7636,2012,2,4,14700.0,27877.5,1,0,0
3442779,1547,972,0,0,300.4,70403.3,7,0,0
726901,2486,1399,2,4,14.6,20859.3,6,0,0
1131111,3865,769,0,3,500.0,500.0,1,0,0
81825,274,1440,0,3,30597.0,53412.0,1,0,0
2464787,8129,854,2,1,6184.0,30075.4,5,1,67742585
3508528,9179,2037,0,0,189.7,45463.7,7,0,0
754320,2574,465,2,1,9546.0,15491.8,5,10,61405271
1106079,3778,1825,2,4,14.6,94600.0,6,0,0
113002,381,219,0,3,8209.0,25047.7,1,0,0
1013333,3465,1068,0,3,15486.0,65078.3,1,0,0
2075040,7033,1836,2,4,1100.0,3499.3,1,0,0
737509,2519,729,2,4,14.6,27737.9,6,0,0
999623,3413,1008,2,1,242.0,40463.1,0,5,9298742
125764,423,1368,2,4,14.6,18694.2,6,0,0
377725,1286,432,0,3,8285.0,88680.6,1,0,0
848460,2889,1747,2,4,22300.0,46851.3,1,0,0
45289,151,423,2,4,14.6,20100.7,6,0,0
524076,1787,620,2,4,23700.0,57311.3,1,0,0
3514822,9790,1884,0,0,232.7,51428.3,7,0,0
474706,1617,1033,2,4,14.6,20957.4,6,0,0
219759,747,1889,2,1,2672.0,19481.2,5,13,4759234
177278,598,2062,2,4,5520.0,41841.1,1,0,0
260387,892,1072,0,2,6177.0,30473.7,2,5,90831237
1096499,3747,740,2,4,2640.0,24623.6,1,0,0
813885,2771,616,2,1,7288.0,43700.7,5,5,67174297
2520624,8316,1029,2,4,4000.0,44270.2,1,0,0
941198,3212,1835,2,5,200.0,62954.1,1,0,0
1026236,3504,1601,2,4,2300.0,12882.5,1,0,0
3460958,2041,941,0,0,16.9,5247.9,7,0,0
3580437,1516,2006,0,0,143.2,34209.9,7,0,0
879882,2996,2001,0,3,1200.0,53230.0,1,0,0
918409,3131,1622,2,1,9131.0,52400.2,5,4,1389563
57466,192,978,0,2,5859.0,30796.4,2,4,15384018
3562711,977,1368,0,0,272.2,67866.5,7,0,0
827212,2818,857,0,2,41022.0,83821.3,1,4,4648572
1144634,3915,477,2,4,1600.0,43470.2,1,0,0
3242284,10762,1586,2,1,5435.0,31714.5,5,12,41995155
424695,1442,1405,2,1,5950.0,40309.3,5,9,70648139
3457034,9707,1519,0,0,44.9,17928.1,7,0,0
928080,3164,1775,0,2,6154.0,16600.0,2,12,80071824
3622427,2776,2190,0,0,63.7,15780.8,7,0,0
44316,148,858,2,1,1736.0,18433.1,1,9,85938459
40060,130,1866,2,1,3969.0,24354.6,5,5,2152455
464043,1579,1869,0,3,11623.0,43543.9,1,0,0
882761,3007,1113,2,4,1300.0,32615.4,1,0,0
154110,517,1591,0,3,23755.0,74701.5,1,0,0
319583,1091,1691,2,4,1200.0,58133.7,1,0,0
544447,1851,698,2,4,14.6,21222.9,6,0,0
613343,2089,1710,2,4,9000.0,21696.4,5,0,0
757967,2585,408,0,3,14963.0,49215.0,1,0,0
3450228,4130,1703,0,0,58.8,15460.6,7,0,0
472915,1610,1774,0,3,24373.0,109611.4,1,0,0
701165,2399,2068,2,4,14.6,32655.7,6,0,0
3588071,1759,1276,0,0,102.9,24566.3,7,0,0
3452500,5692,2129,0,0,206.7,49171.4,7,0,0
1387239,4727,1838,2,1,3580.0,69944.9,5,9,30821961
3592661,1886,1672,0,0,153.7,27732.7,7,0,0
927744,3162,1563,2,4,3800.0,18471.3,1,0,0
745106,2543,341,2,1,2145.0,31123.2,5,4,60684478
546893,1861,2037,2,4,14.6,60692.0,6,0,0
1876438,6353,1471,2,4,1440.0,34547.2,1,0,0
862423,2937,1593,0,2,4845.0,15335.0,2,1,66224288
1814569,6148,1412,0,3,23038.0,83130.4,1,0,0
360732,1225,2172,2,4,4680.0,66675.0,1,0,0
234344,798,1945,2,4,14.6,38023.6,6,0,0
317238,1082,1929,2,1,2189.0,17805.7,5,12,8899295
3640192,3312,1611,0,0,126.9,30489.4,7,0,0
3613114,2505,1884,0,0,86.7,19976.3,7,0,0
3648204,3578,1580,0,0,199.8,47755.7,7,0,0
3021739,10019,1315,2,4,200.0,24904.5,1,0,0
3085204,10233,1307,2,4,14.6,31773.9,6,0,0
929390,3167,2163,2,5,1100.0,67836.9,1,0,0
167114,559,1831,2,1,2175.0,18140.5,5,2,77164244
2407969,7944,1555,2,4,3000.0,71403.2,1,0,0
3445486,417,1307,0,0,108.3,17061.1,7,0,0
3647628,3559,1611,0,0,172.7,39609.7,7,0,0
1271880,4350,93,0,3,1000.0,1000.0,1,0,0
2579569,8519,1111,2,4,17600.0,50289.5,1,0,0
522781,1784,748,2,4,1040.0,24488.2,1,0,0
534439,1820,1672,2,4,14.6,47107.9,6,0,0
233244,793,2048,2,1,851.0,16379.2,1,13,95059883
603999,2056,1164,1,4,15618.0,29243.6,1,0,0
685502,2341,1776,2,1,464.0,13519.6,0,10,97825383
473902,1613,1794,2,4,14.6,26369.3,6,0,0
3564970,1047,1002,0,0,131.6,33173.4,7,0,0
223472,760,2016,2,1,894.0,33438.5,0,8,88799416
3583560,1618,1491,0,0,35.4,17589.4,7,0,0
3447912,2299,1672,0,0,57.5,20205.8,7,0,0
210668,716,1016,0,3,19652.0,58141.3,1,0,0
590863,2011,854,0,2,3016.0,18049.7,1,7,35820675
127250,427,1524,0,3,23081.0,57945.3,1,0,0
43234,145,1498,0,3,7223.0,37452.7,1,0,0
77322,257,1684,2,1,14166.0,7208.1,5,4,22533124
354761,1203,1320,2,1,465.0,57024.2,5,3,84286474
616879,2103,1891,2,1,2211.0,9389.7,0,3,60364776
325695,1113,1406,0,3,8469.0,26760.1,1,0,0
1140724,3899,1331,2,4,7600.0,34797.7,1,0,0
478300,1630,1440,0,2,5862.0,20384.5,2,12,42275017
1155799,3954,2125,2,4,5400.0,15032.9,1,0,0
3575393,1371,1307,0,0,84.3,16106.7,7,0,0
3567330,1118,1856,0,0,95.9,16738.6,7,0,0
861488,2933,1755,2,4,11700.0,102266.6,1,0,0
914962,3118,1926,2,1,8886.0,22849.6,5,4,73266708
3541915,344,941,0,0,124.6,30229.7,7,0,0
933975,3186,1775,2,1,7456.0,36525.2,5,6,13502067
348022,1180,365,2,4,3000.0,35344.4,1,0,0
606269,2063,668,2,4,14.6,28972.3,6,0,0
164385,549,1666,2,4,7400.0,42777.8,1,0,0
3613312,2510,1764,0,0,157.3,42784.3,7,0,0
587676,2000,1890,2,1,14.0,34697.3,3,1,32802260
444933,1512,1752,2,4,5500.0,47290.9,1,0,0
1266151,4330,1700,0,3,37510.0,67925.4,1,0,0
981678,3350,1439,2,4,9800.0,22000.2,1,0,0
3584277,1638,1550,0,0,243.5,31916.0,7,0,0
215798,733,1529,0,3,39839.0,90805.7,1,0,0
761406,2599,558,2,4,14900.0,67970.8,5,0,0
1427223,4863,2082,2,1,3300.0,91318.4,5,8,70381557
339498,1152,1015,2,1,2186.0,15602.3,5,4,77527123
509560,1743,1204,2,4,200.0,34896.8,1,0,0
3620009,2705,1794,0,0,168.0,33617.9,7,0,0
1766112,5991,1350,2,1,1272.0,46314.4,8,7,49866914
409688,1395,2135,2,1,3432.0,45564.7,5,10,54942530
123241,414,1611,2,4,14.6,29258.0,6,0,0
850234,2896,2048,0,2,3221.0,21055.7,1,9,36761188
2523569,8327,1592,2,1,5161.2,26298.3,8,5,33872771
1921234,6511,1383,1,4,12769.0,17783.3,1,0,0
3677614,6678,1764,0,0,312.9,94536.9,7,0,0
587421,1999,1125,2,4,14.6,23286.9,6,0,0
966224,3292,910,2,4,14.6,21876.4,6,0,0
2592118,8564,736,2,4,3400.0,51413.9,1,0,0
350125,1189,1983,2,1,344.0,25829.8,1,4,59060120
882623,3007,1378,2,1,5596.0,42732.4,3,11,2805859
3662767,4079,454,0,0,259.2,90317.7,7,0,0
310537,1058,1439,0,3,36420.0,84111.7,1,0,0
3598797,2063,2190,0,0,169.3,40138.6,7,0,0
630097,2151,985,2,1,5286.0,28006.3,5,13,35530597
1245622,4260,607,2,4,14.6,28541.9,6,0,0
75494,250,2100,2,4,4200.0,43946.4,1,0,0
1736996,5891,1434,2,4,10900.0,67411.0,1,0,0
327504,1118,1253,2,1,1388.0,34651.0,0,4,4071104
2789402,9236,1647,2,4,8500.0,51974.1,1,0,0
610323,2078,583,2,1,3598.0,33957.6,5,4,3833902
1310896,4476,1276,2,4,14.6,38053.1,6,0,0
771485,2632,61,2,4,6900.0,27997.3,1,0,0
651420,2226,1862,2,4,2400.0,34428.0,1,0,0
386888,1315,2011,0,3,9408.0,33921.4,1,0,0
918717,3132,1533,2,1,3520.0,20721.8,5,10,49754077
810162,2762,386,0,3,33538.0,59037.9,1,0,0
576455,1963,1460,2,4,14.6,51571.6,6,0,0
204370,693,1331,2,4,5400.0,36828.2,1,0,0
1243706,4254,1533,2,4,2600.0,17687.4,1,0,0
550115,1874,891,0,2,3151.0,28543.6,1,13,74529486
1250341,4276,1279,1,4,13940.0,71569.1,1,0,0
1450278,4937,649,2,1,800.0,78342.9,0,8,43502605
85344,286,1241,2,4,15500.0,33011.4,1,0,0
626828,2140,637,2,4,14.6,27316.3,6,0,0
364493,1238,1211,2,4,600.0,24902.7,1,0,0
557367,1896,397,2,4,19500.0,40254.5,1,0,0
671318,2292,1125,2,4,14.6,25070.8,6,0,0
494539,1686,1864,2,1,1225.0,34825.3,0,13,74546420
3677398,6649,1641,0,0,312.3,62878.1,7,0,0
114877,388,2121,0,3,1400.0,90771.9,1,0,0
2382876,7857,598,1,4,6619.0,39928.1,1,0,0
3508779,9188,2159,0,0,86.7,32308.4,7,0,0
1162584,3980,257,2,4,5880.0,28767.6,1,0,0
1192728,4082,1094,2,4,14.6,16622.5,6,0,0
995132,3394,1833,2,4,480.0,14947.0,1,0,0
1035151,3539,1579,2,4,950.0,54561.5,1,0,0
86113,288,2129,2,4,14.6,29600.6,6,0,0
957517,3261,1094,2,4,14.6,25650.9,6,0,0
462139,1570,2151,2,4,2160.0,19131.2,1,0,0
220812,750,1258,2,1,6615.0,59713.0,5,13,4588097
874362,2978,1115,2,4,2600.0,13125.1,1,0,0
1030527,3521,915,0,3,31628.0,110447.9,1,0,0
686807,2345,802,2,1,3612.0,33481.9,5,9,16879636
3670732,5422,1215,0,0,237.7,90338.2,7,0,0
629404,2148,1611,2,4,14.6,12504.4,6,0,0
3441072,1157,637,0,0,148.0,36780.7,7,0,0
652048,2228,1562,2,1,3873.7,19800.3,8,2,46155524
1244053,4255,581,2,4,28000.0,52632.0,1,0,0
1916792,6495,1959,2,4,3300.0,30763.7,1,0,0
1074454,3671,1895,2,4,1600.0,16222.3,1,0,0
359912,1223,1625,0,3,19260.0,47946.9,1,0,0
1131703,3868,703,0,2,5362.0,27116.1,2,6,47036463
97236,332,1676,0,3,500.0,36444.2,1,0,0
2956211,9790,1151,0,3,49512.0,80679.5,1,0,0
252150,863,1733,2,4,14.6,46908.2,6,0,0
2644114,8742,1758,2,4,8400.0,26008.8,1,0,0
319596,1091,2081,0,3,2800.0,85704.3,1,0,0
1112973,3801,1976,2,4,14.6,17631.0,6,0,0
337476,1146,795,0,3,21725.0,61905.1,1,0,0
501620,1709,1744,2,1,3227.0,50825.7,5,7,20695013
336801,1144,376,2,4,450.0,15020.1,1,0,0
147653,494,1526,2,1,8728.0,51309.4,5,4,24389368
443781,1509,1485,2,4,1680.0,24120.9,1,0,0
246870,848,1412,2,1,1025.0,24200.1,3,11,7052839
2572432,8492,1531,2,1,1431.0,36732.0,8,3,88451617
682116,2328,1412,0,2,6765.0,50673.2,2,9,59922486
295857,1010,850,0,3,800.0,800.0,1,0,0
275764,944,489,2,1,5361.0,29844.1,5,5,46210002
1779035,6034,318,0,3,17477.0,53749.6,1,0,0
510248,1747,1976,2,4,14.6,15002.0,6,0,0
2068841,7011,1872,0,3,41612.0,98671.0,1,0,0
472945,1610,495,2,1,6258.0,57542.2,5,11,10384375
1113545,3804,2132,2,4,5000.0,38805.9,1,0,0
3655747,3791,2006,0,0,141.8,28553.5,7,0,0
1123232,3836,2051,2,1,1011.0,62326.0,0,7,95188617
2492578,8225,1500,0,2,18103.0,48455.5,1,11,82251560
931407,3175,1837,0,2,4920.0,17791.7,2,11,74043953
104089,355,1316,2,1,5012.0,33925.2,5,12,5620038
337509,1146,1801,0,3,32588.0,109531.0,1,0,0
601713,2049,2083,2,4,1100.0,20277.4,1,0,0
1011353,3456,2020,2,4,1200.0,32179.4,1,0,0
676093,2309,1441,2,1,8604.0,45516.5,5,6,33813035
51938,173,1709,2,4,9600.0,29240.7,1,0,0
631460,2155,2129,2,4,14.6,20051.0,6,0,0
1899972,6434,1067,2,4,11000.0,39208.5,1,0,0
1051813,3597,1314,2,1,3134.0,62758.9,5,3,46205991
1067103,3646,1616,2,4,22500.0,58474.9,1,0,0
499601,1701,1991,0,3,8100.0,25038.2,1,0,0
3445542,472,2159,0,0,265.8,68994.9,7,0,0
3564342,1020,1733,0,0,63.2,15309.7,7,0,0
3340756,11096,1624,2,1,6661.0,27500.7,5,9,41980844
30969,100,1833,2,4,3480.0,42393.2,1,0,0
3642342,3381,2190,0,0,119.8,29316.7,7,0,0
2571534,8489,524,2,1,3835.0,50081.8,5,10,2885187
572644,1948,1385,2,4,34900.0,70289.3,1,0,0
619812,2116,1355,1,4,20972.0,43047.5,1,0,0
3564378,1021,2190,0,0,103.2,24409.6,7,0,0
128433,431,1443,0,3,27355.5,50536.3,1,0,0
467148,1590,1102,2,1,551.0,43281.7,3,10,99553811
444506,1511,2159,2,4,100.0,7008.5,6,0,0
824874,2810,1374,2,4,2400.0,23010.5,1,0,0
1164686,3989,1957,2,1,2097.0,34546.0,5,2,242722
1524650,5196,2050,2,1,7905.0,32186.1,5,2,22101694
651415,2226,1712,2,4,7400.0,37402.8,1,0,0
798046,2719,1739,2,1,2889.0,19222.6,5,1,84430861
718424,2460,1975,2,4,4900.0,47675.0,1,0,0
3443698,1757,1460,0,0,261.0,50736.4,7,0,0
864859,2944,1869,0,3,5746.0,39242.8,1,0,0
273288,936,1647,2,1,2780.0,15832.0,5,10,95479797
3444681,6602,1764,0,0,174.9,43737.6,7,0,0
170146,571,1921,0,2,4883.0,18782.0,2,11,10175401
330769,1127,1135,2,1,6260.0,69985.3,5,12,43852061
1117433,3818,1258,2,1,1474.0,46220.2,0,8,32659602
3469129,4225,1550,0,0,182.3,48127.3,7,0,0
35575,114,2037,2,4,14.6,18449.3,6,0,0
178271,602,1276,2,4,14.6,16841.4,6,0,0
1437129,4894,1670,2,4,19700.0,83961.1,1,0,0
844669,2876,921,2,1,5231.0,32032.5,5,5,30939269
236606,808,1449,2,4,1280.0,17425.0,1,0,0
803345,2738,1257,2,1,1152.0,31359.0,0,13,48380392
480239,1637,742,0,2,5718.0,20563.9,2,11,45134812
337221,1145,2012,2,1,1469.0,22135.6,1,6,38151466
736629,2516,1437,2,4,3040.0,18255.4,1,0,0
262954,899,1491,2,4,14.6,16147.2,6,0,0
821974,2799,740,2,4,4200.0,36352.8,1,0,0
997751,3407,455,0,3,11034.0,27911.2,1,0,0
3640307,3316,1825,0,0,124.7,27562.2,7,0,0
261449,895,1961,2,4,1320.0,15949.0,1,0,0
1141483,3902,1699,2,4,3700.0,29120.5,1,0,0
2502751,8261,1713,2,1,2163.0,18882.0,0,6,89226317
17585,59,1950,2,4,3100.0,66079.2,1,0,0
3460420,374,1641,0,0,189.3,19028.3,7,0,0
463849,1578,1838,2,4,800.0,39996.6,1,0,0
334006,1135,2097,2,4,100.0,46224.0,1,0,0
369487,1256,750,2,4,1920.0,20695.8,1,0,0
2931865,9707,1223,2,4,14500.0,58912.8,1,0,0
184391,626,2169,2,1,3639.0,35383.0,5,12,22472965
1165511,3994,1785,0,3,49690.0,118333.0,1,0,0
338181,1147,2129,2,4,14.6,47472.9,6,0,0
719628,2464,753,2,4,8400.0,39669.7,1,0,0
3242447,10762,2037,2,4,14.6,25506.7,6,0,0
523337,1786,2137,2,1,8818.0,60281.6,5,9,45089298
3637163,3229,1094,0,0,75.1,53361.1,7,0,0
847385,2885,1762,2,4,13300.0,46878.1,1,0,0
3601485,2155,607,0,0,90.9,24863.5,7,0,0
307548,1048,1534,2,4,1800.0,17517.5,1,0,0
981366,3349,2135,0,3,18159.0,56013.4,1,0,0
3442141,1359,1794,0,0,98.6,42412.7,7,0,0
1087191,3714,1681,2,1,513.0,56381.1,0,1,69903582
14169,47,2135,2,1,141.0,12822.9,3,3,83359431
724433,2479,1276,2,4,2800.0,15695.5,1,0,0
3536204,173,729,0,0,123.3,27499.9,7,0,0
866390,2949,1528,2,4,1700.0,20082.7,1,0,0
880836,3001,683,0,3,1000.0,32013.2,1,0,0
709779,2428,2142,0,3,15720.0,37534.8,1,0,0
79335,266,1319,0,2,49752.0,91809.0,1,11,26319891
3598218,2044,1672,0,0,204.7,54323.5,7,0,0
421388,1429,854,2,1,2166.0,19918.4,5,3,8150911
3602882,2203,1368,0,0,86.5,18012.2,7,0,0
164374,549,2068,2,4,14.6,29933.0,6,0,0
277439,949,2169,1,4,10495.0,65405.2,1,0,0
3136919,10411,2044,2,1,3020.0,91040.7,5,10,41324371
211088,717,1457,2,5,3400.0,56290.3,1,0,0
1127628,3851,1728,2,4,24200.0,47478.7,1,0,0
11357,38,2169,2,1,231.0,54496.0,0,6,83435654
697673,2385,1714,2,4,11000.0,45794.3,1,0,0
82084,274,591,2,4,11900.0,33060.8,1,0,0
1182602,4052,1647,0,2,18981.0,36892.8,1,11,46107834
275763,944,459,2,1,5361.0,30067.6,5,5,46210002
240468,820,1550,2,4,14.6,44232.5,6,0,0
753840,2572,2049,2,1,7500.0,96467.8,8,10,86283236
141133,472,1406,0,2,49201.0,49501.0,1,5,8199900
1160175,3972,1770,2,5,3200.0,44205.0,1,0,0
469063,1597,2163,2,4,1360.0,33305.5,1,0,0
276024,944,1536,2,4,8200.0,39185.5,1,0,0
955060,3256,1478,2,4,4800.0,29251.8,1,0,0
3586003,1688,1215,0,0,94.0,21499.8,7,0,0
999101,3411,2107,2,1,6443.0,42598.5,5,10,92270415
40105,130,1672,2,4,14.6,32223.2,6,0,0
1154190,3948,706,2,1,2780.0,26807.4,0,3,58645462
506934,1731,774,2,1,2631.0,19749.3,5,9,29816907
2920979,9673,2098,2,4,500.0,53745.5,1,0,0
3674589,6148,760,0,0,149.8,33275.5,7,0,0
531161,1810,1110,2,4,1200.0,47931.0,1,0,0
3661374,3972,2068,0,0,218.2,55404.7,7,0,0
3652226,3691,1033,0,0,95.4,22652.3,7,0,0
3660457,3938,1856,0,0,238.9,44985.7,7,0,0
1020159,3483,2078,2,4,1470.0,17932.1,1,0,0
290261,994,1399,2,4,14.6,30671.2,6,0,0
646623,2209,1580,2,4,14.6,22177.5,6,0,0
293385,1002,1583,2,4,3600.0,17327.4,1,0,0
3556343,789,2037,0,0,84.0,20896.8,7,0,0
3562715,977,1491,0,0,254.3,50363.7,7,0,0
569565,1938,961,2,4,1200.0,44823.5,1,0,0
3577200,1422,1338,0,0,77.0,19669.4,7,0,0
1977714,6701,1166,2,1,2650.2,75106.2,8,2,54543888
1137552,3887,2137,0,2,3020.0,50619.6,1,8,98878043
3633574,3122,1825,0,0,140.9,31950.0,7,0,0
598761,2038,946,0,3,5463.0,31748.9,1,0,0
1467562,4999,2129,2,4,14.6,71846.9,6,0,0
3594276,1929,2190,0,0,219.3,54985.2,7,0,0
721130,2470,1438,2,1,4511.0,49109.1,5,2,71474998
441992,1502,1430,2,4,7700.0,35927.1,1,0,0
98744,337,2124,2,4,56700.0,57022.0,1,0,0
102486,348,2038,2,4,16400.0,51374.5,1,0,0
1112941,3801,2137,2,4,4100.0,35265.3,1,0,0
890665,3036,734,0,3,1100.0,22927.0,1,0,0
3457975,10558,1491,0,0,11.8,-2226.9,7,0,0
683911,2334,1735,2,4,6600.0,27470.9,1,0,0
272198,931,2138,2,1,461.0,12286.8,3,6,13773954
1562714,5313,784,0,3,43253.0,68229.8,1,0,0
3650915,3651,1825,0,0,167.4,41341.8,7,0,0
348027,1180,744,2,4,3240.0,31667.7,1,0,0
550303,1874,2027,2,4,150.0,27603.2,1,0,0
3490123,7565,1945,0,0,138.3,24743.4,7,0,0
176020,594,1016,2,1,2054.0,16753.0,5,2,76892024
38551,125,1830,2,4,17700.0,33429.9,1,0,0
3039694,10079,1719,1,4,10577.0,27329.0,1,0,0
3633403,3117,668,0,0,78.2,19635.0,7,0,0
399972,1363,1927,2,1,82.0,58121.4,3,7,35128331
1530419,5213,2134,0,2,46714.0,78524.4,1,1,62184637
467679,1591,1494,2,4,30600.0,57936.2,1,0,0
629418,2148,2037,2,4,14.6,19205.7,6,0,0
985481,3361,1077,2,4,8100.0,37176.4,1,0,0
122477,411,272,2,4,14.6,44873.0,6,0,0
960960,3273,1962,2,4,41000.0,16279.0,1,0,0
939394,3206,1543,2,4,3840.0,35480.2,1,0,0
517471,1768,642,0,3,11448.0,46942.2,1,0,0
313973,1071,1976,2,4,30.0,25544.5,6,0,0
1889985,6397,1012,2,4,2200.0,42500.7,1,0,0
2383046,7857,1733,2,4,14.6,30813.7,6,0,0
810912,2763,1677,0,3,10195.0,33245.3,1,0,0
1138100,3890,1413,2,1,5467.0,23720.1,5,7,11023718
317236,1082,1870,2,1,2189.0,15419.7,5,12,8899295
3555486,759,515,0,0,115.4,25247.7,7,0,0
484972,1652,370,2,4,400.0,23303.4,1,0,0
455862,1548,830,0,2,3159.0,10277.0,1,13,80514359
819265,2789,2050,2,1,762.0,49440.8,3,12,51038181
3468990,4195,729,0,0,272.4,67021.8,7,0,0
51879,173,2111,2,1,189.0,78471.1,0,2,50065535
919922,3135,1679,0,3,20087.0,51531.6,1,0,0
1077783,3682,954,0,3,4142.0,37076.0,1,0,0
685596,2341,1338,2,4,14.6,16935.3,6,0,0
611327,2082,1710,2,1,5187.0,17207.6,3,13,18167418
44267,148,1558,2,1,89.0,16675.6,1,4,99004148
1144094,3913,1764,2,4,14.6,31600.0,6,0,0
1278766,4375,1841,2,4,8700.0,64855.7,1,0,0
198888,675,1834,2,1,6358.0,34839.3,5,7,74623369
5339,22,1848,2,4,4300.0,43821.1,1,0,0
3445228,218,1491,0,0,38.1,37233.5,7,0,0
1193897,4086,1563,2,4,29300.0,51846.5,1,0,0
2501931,8260,1649,0,2,37435.0,109998.6,1,7,92527162
559381,1903,1412,2,1,260.0,34525.0,0,13,5529422
1218863,4171,1692,2,4,4800.0,56595.6,1,0,0
410473,1397,1940,2,4,6300.0,35251.0,1,0,0
2652444,8772,2019,2,1,7357.0,8936.2,5,2,19611203
444262,1511,2074,0,3,29480.0,74790.5,1,0,0
3639440,3288,1063,0,0,110.0,25015.4,7,0,0
72598,241,1986,2,1,610.0,32841.1,3,3,14364838
2268133,7485,1484,2,4,1800.0,29100.5,1,0,0
481736,1640,1483,2,4,12700.0,29076.0,1,0,0
555421,1891,1473,2,1,2039.0,58367.2,5,8,32430213
3626601,2906,1550,0,0,162.5,34890.5,7,0,0
3644694,3467,2098,0,0,330.4,83467.7,7,0,0
1657325,5622,705,2,1,6327.0,47749.1,5,10,24175644
3548026,522,2190,0,0,111.6,26586.2,7,0,0
1148409,3927,384,2,4,2100.0,26048.2,1,0,0
1531163,5215,1071,2,1,5315.0,26474.9,0,9,81640040
795225,2709,2015,2,1,16.0,13587.1,3,6,95859038
1053864,3605,1650,2,1,269.0,23634.9,0,7,2428693
3572163,1268,1519,0,0,158.7,38131.2,7,0,0
553654,1884,1794,2,4,14.6,28813.7,6,0,0
1299519,4437,1546,0,3,25983.0,49029.5,1,0,0
395280,1344,1482,2,4,21900.0,25485.3,1,0,0
393372,1337,2037,2,4,14.6,49052.7,6,0,0
3578468,1461,1429,0,0,316.3,86370.5,7,0,0
551709,1878,1160,2,4,4900.0,24912.0,1,0,0
3349125,11123,1987,0,3,6200.0,12229.6,1,0,0
228012,774,423,2,4,14.6,23151.1,6,0,0
637645,2176,1026,0,3,1300.0,15743.4,1,0,0
646787,2210,1799,2,4,850.0,34513.3,1,0,0
170305,572,799,0,3,19802.0,46199.9,1,0,0
530624,1809,1405,2,1,183.0,48700.4,0,12,62114232
2908161,9633,1502,0,3,22529.0,35078.1,1,0,0
1576045,5358,1587,0,3,24309.0,63652.7,1,0,0
3651840,3682,364,0,0,118.3,30003.8,7,0,0
3580203,1512,1154,0,0,89.8,24507.6,7,0,0
482983,1644,979,2,1,1022.0,47343.0,0,5,76071583
188331,637,1976,2,4,14.6,11370.2,6,0,0
66966,222,1363,2,4,31200.0,37808.2,1,0,0
763326,2606,2159,2,4,14.6,31006.6,6,0,0
196097,665,1984,0,3,13266.0,91317.7,1,0,0
3451255,5092,484,0,0,95.3,23941.6,7,0,0
990640,3377,1838,2,4,1320.0,16904.5,1,0,0
405389,1380,1891,0,3,23845.0,48535.4,1,0,0
3039532,10079,500,0,3,6164.0,55136.3,1,0,0
1008592,3445,1047,0,3,10953.0,43229.2,1,0,0
1029261,3514,1611,2,4,14.6,25992.0,6,0,0
724392,2479,732,2,4,500.0,26611.7,1,0,0
283691,974,746,2,4,3000.0,71564.4,1,0,0
3464193,2924,1033,0,0,199.8,48871.1,7,0,0
945310,3223,886,1,4,13512.0,27057.5,1,0,0
1363029,4650,1868,2,1,6700.0,26631.6,8,10,50796478
321103,1098,459,0,2,5784.0,23736.0,2,9,49755728
377173,1284,2073,1,4,5438.0,88938.7,1,0,0
3555374,754,1519,0,0,96.4,19582.9,7,0,0
808670,2755,1980,2,4,2640.0,16085.9,1,0,0
349044,1184,736,2,4,8700.0,68421.7,1,0,0
221636,752,1800,2,4,11900.0,18342.0,1,0,0
3449598,3786,1125,0,0,194.5,74755.0,7,0,0
743183,2537,1950,2,4,33400.0,52936.3,1,0,0
94037,319,1409,2,4,3500.0,47045.4,1,0,0
3622464,2778,1491,0,0,68.4,15756.8,7,0,0
1060089,3623,1276,2,4,14.6,13796.6,6,0,0
48049,161,1160,2,1,1389.0,19650.4,5,4,17877823
598927,2038,1616,2,1,2062.0,40648.1,0,2,20491111
241592,825,2060,0,3,100.0,48160.3,1,0,0
151116,504,1154,2,4,14.6,24621.7,6,0,0
164400,549,2116,2,4,9500.0,31439.8,1,0,0
572083,1947,1618,0,2,6860.0,49036.9,2,6,73615145
28293,93,1318,2,4,800.0,22171.7,1,0,0
373278,1271,1528,2,1,4128.0,14343.2,5,3,44934696
344793,1168,1221,2,1,40.0,26202.1,0,12,34381449
209644,711,1151,2,4,4300.0,24347.6,1,0,0
768378,2623,2006,2,4,14.6,55003.1,6,0,0
3634392,3144,1915,0,0,73.0,17094.1,7,0,0
401377,1366,1524,2,4,500.0,30354.8,1,0,0
1595856,5422,760,2,4,5500.0,45351.5,1,0,0
1033278,3533,1319,2,1,2127.0,31946.5,5,3,91321044
156938,524,1447,2,4,19600.0,26544.9,1,0,0
1043150,3567,2166,2,1,6943.0,19043.5,0,4,86320829
648176,2216,1260,2,1,5184.0,53907.7,5,7,6210720
3654728,3760,1915,0,0,277.9,57846.0,7,0,0
1066751,3645,1462,2,4,2300.0,32306.7,1,0,0
3451909,5372,760,0,0,176.8,16218.6,7,0,0
1138405,3891,1710,2,1,3172.0,61576.8,5,4,80522375
53958,180,792,1,4,15120.0,23014.7,1,0,0
3499590,8381,1703,0,0,224.4,42433.7,7,0,0
1195041,4091,1828,2,4,3240.0,38406.7,1,0,0
1273235,4354,2068,2,4,14300.0,49232.1,1,0,0
3577838,1442,819,0,0,139.8,31308.2,7,0,0
793130,2702,2006,2,4,14.6,20525.2,6,0,0
251574,862,422,2,4,13500.0,40591.0,1,0,0
1038369,3551,880,2,4,14.6,25974.6,6,0,0
607860,2068,1952,2,4,1900.0,12637.1,1,0,0
424158,1440,1224,2,4,2800.0,19119.2,1,0,0
841354,2864,2013,0,3,14659.0,41078.5,1,0,0
3564936,1046,1641,0,0,175.9,43883.7,7,0,0
1073903,3669,1491,2,4,14.6,13692.6,6,0,0
1243445,4254,698,0,3,13938.0,46259.2,1,0,0
3544993,436,1915,0,0,78.9,15226.3,7,0,0
345395,1169,1491,2,4,100.0,68655.2,6,0,0
306007,1043,1978,2,4,12480.0,46221.5,1,0,0
1191700,4079,336,0,3,10600.0,11200.0,1,0,0
2592466,8564,788,2,4,14.6,60450.2,6,0,0
1853016,6273,1064,2,4,5400.0,30040.6,1,0,0
3613454,2513,1033,0,0,109.9,26055.1,7,0,0
1066824,3645,2098,2,4,14.6,22465.5,6,0,0
983288,3354,1328,2,4,4200.0,17910.7,1,0,0
683764,2334,1497,0,2,12078.0,33433.1,1,7,96802848
2247103,7418,2019,2,4,12700.0,11706.3,5,0,0
1043657,3569,1659,0,3,900.0,18147.2,1,0,0
351291,1193,879,2,4,3600.0,26668.8,1,0,0
206426,701,836,0,3,300.0,24356.2,1,0,0
598197,2036,1994,2,4,1050.0,23694.1,1,0,0
1857729,6289,1365,0,3,8245.0,88929.1,1,0,0
23547,78,649,0,3,17478.0,41275.0,1,0,0
719175,2463,2159,2,4,14.6,33883.6,6,0,0
680751,2323,1461,2,4,1600.0,54153.0,1,0,0
3475506,8489,1611,0,0,186.2,49446.6,7,0,0
312125,1065,734,2,4,1200.0,35584.1,1,0,0
3564533,1030,1733,0,0,124.9,29743.6,7,0,0
1272540,4352,1986,2,1,3710.0,32204.4,5,3,6195903
2824874,9353,1653,2,1,7859.0,75446.8,8,12,95570617
552235,1880,1385,0,3,700.0,24746.8,1,0,0
198579,674,1563,0,2,4675.0,29829.3,2,1,14958382
641133,2189,2077,2,1,1449.0,56791.6,5,11,89534949
643966,2199,675,2,1,668.0,27286.8,5,11,58226454
358346,1217,920,2,1,151.0,16661.4,5,1,9696394
423913,1440,409,2,1,56.0,31947.7,3,5,66044574
796320,2712,819,2,4,14.6,26523.0,6,0,0
3464638,3058,729,0,0,119.4,38531.9,7,0,0
1218858,4171,1542,0,3,200.0,54047.4,1,0,0
20199,67,1256,2,4,31500.0,60674.0,1,0,0
1139608,3895,1432,2,4,1120.0,32694.8,1,0,0
3625075,2862,1002,0,0,195.7,37930.3,7,0,0
418617,1419,1465,2,4,900.0,28009.0,1,0,0
1020687,3485,2013,0,3,13933.0,54570.1,1,0,0
1143619,3912,1624,0,2,6241.0,36194.3,2,10,22137981
123481,415,383,2,4,10720.0,13208.3,1,0,0
3458196,10694,1276,0,0,66.3,88131.3,7,0,0
218735,743,1505,2,4,3440.0,18248.8,1,0,0
905031,3084,1842,0,3,13700.0,20137.0,1,0,0
64838,216,1440,2,1,1513.0,34837.6,0,4,38205874
307124,1047,1733,2,4,14.6,16566.8,6,0,0
929506,3167,674,2,4,16200.0,38784.7,1,0,0
103365,353,1313,0,2,6676.0,40709.3,2,10,68388724
202520,687,1580,2,4,14.6,21399.4,6,0,0
905271,3086,1010,0,3,21078.0,71088.3,1,0,0
334203,1136,378,2,1,6249.0,65102.5,5,13,58973252
1692183,5735,1984,2,4,14100.0,68751.2,1,0,0
3643535,3428,1856,0,0,167.1,32638.6,7,0,0
492017,1678,1803,2,1,1778.0,22817.0,0,8,54732525
85783,287,689,2,4,900.0,22384.5,1,0,0
3284222,10911,891,2,1,7312.0,62825.2,5,13,70292973
856688,2919,2159,2,4,14.6,20897.0,6,0,0
1041284,3560,1709,0,2,5026.0,20134.6,2,1,16620582
90442,306,1382,0,3,5486.0,19216.0,1,0,0
119632,401,1594,2,1,1769.0,23194.7,0,3,88922524
1001578,3419,1375,0,3,11848.0,25854.7,1,0,0
986758,3365,1945,2,4,14.6,23577.0,6,0,0
1571712,5343,1462,2,4,3480.0,-378.8,1,0,0
388094,1319,1959,2,1,884.0,38061.3,0,13,35347509
3658985,3894,1491,0,0,85.5,22878.6,7,0,0
3616096,2586,2006,0,0,232.8,36150.6,7,0,0
3440162,1014,2068,0,0,141.8,27543.4,7,0,0
721438,2470,1708,2,4,13600.0,17063.7,1,0,0
182841,622,1985,2,1,6255.0,18254.2,5,7,57849115
3579470,1488,2159,0,0,110.2,23754.5,7,0,0
932005,3178,2037,2,4,14.6,18206.6,6,0,0
102115,347,668,2,4,14.6,45989.3,6,0,0
314951,1075,1616,2,1,208.0,42867.6,0,11,90986024
3403064,11295,830,2,4,3600.0,44245.7,1,0,0
228367,775,1683,2,1,2439.0,64571.7,0,10,6988245
1130391,3863,1586,0,3,12756.0,28242.0,1,0,0
107257,364,2104,2,1,2221.0,23270.8,5,10,39232927
3564166,1017,1580,0,0,203.0,40111.2,7,0,0
585785,1994,1504,2,1,3962.0,18912.5,5,13,270581
3570617,1214,1580,0,0,133.2,34025.3,7,0,0
558335,1899,1923,2,1,3081.0,22365.5,5,2,12900150
3563055,985,1154,0,0,68.8,16995.5,7,0,0
2371472,7819,404,2,1,1296.0,15480.3,3,2,46939146
10679,36,2011,0,3,19852.0,68279.9,1,0,0
2538399,8377,1377,2,1,5018.0,17768.6,0,7,65432101
340372,1154,1761,2,4,11000.0,41309.3,1,0,0
447758,1520,1429,2,4,3100.0,28122.9,1,0,0
3558393,857,941,0,0,69.4,17407.0,7,0,0
589596,2008,981,0,3,12440.0,55046.7,1,0,0
409494,1394,972,2,4,14.6,27662.9,6,0,0
3600715,2131,1764,0,0,159.5,39915.7,7,0,0
240502,820,1457,2,4,5400.0,46430.7,1,0,0
98709,337,1178,2,4,27200.0,44656.7,1,0,0
184560,626,404,2,4,2600.0,26434.8,1,0,0
2583181,8533,1988,2,1,3626.0,46936.1,8,13,84493583
701023,2399,1020,0,3,1500.0,27115.9,1,0,0
1060153,3623,1882,2,4,1200.0,16250.5,1,0,0
281284,964,643,2,4,10400.0,40569.7,1,0,0
1878080,6358,1063,2,4,14.6,32057.9,6,0,0
1243606,4254,545,2,4,14.6,24103.4,6,0,0
686840,2345,1808,2,1,3612.0,55178.4,5,9,16879636
1546911,5263,1806,2,1,4605.0,32111.0,8,7,57356619
701505,2401,1618,0,2,6852.0,45031.8,2,8,73600065
602286,2050,1554,2,4,4900.0,30557.8,1,0,0
804560,2741,880,2,4,14.6,23250.8,6,0,0
1169596,4010,1884,2,4,14.6,27151.6,6,0,0
3595264,1959,1491,0,0,54.6,12059.3,7,0,0
2761800,9138,1962,0,3,30919.0,55112.0,1,0,0
164817,551,1146,2,4,4300.0,12345.0,1,0,0
62219,207,710,0,3,7702.5,31702.2,1,0,0
215631,732,1482,2,4,2280.0,36091.2,1,0,0
3591797,1854,1976,0,0,214.7,47607.5,7,0,0
1571656,5343,1835,0,3,12720.0,4528.9,1,0,0
321181,1098,650,2,1,619.0,29823.8,5,1,2207518
677949,2316,1841,2,4,180.0,22495.6,1,0,0
3644709,3468,1519,0,0,111.3,29979.2,7,0,0
3668657,5072,1764,0,0,200.6,48530.0,7,0,0
212437,721,986,0,2,3292.0,24451.3,1,11,5928922
492744,1680,2076,2,4,4500.0,34726.5,1,0,0
963082,3282,1827,2,4,800.0,14106.1,1,0,0
2267997,7485,735,2,1,10279.0,12345.6,5,11,56684088
3531334,30,1215,0,0,134.8,21283.8,7,0,0
2798134,9265,741,2,4,1500.0,39974.5,1,0,0
668171,2281,1246,2,4,14.6,42028.6,6,0,0
1453712,4948,1794,2,4,14.6,66515.9,6,0,0
2893284,9583,1502,2,1,13386.0,32013.0,5,3,69415771
3526941,11027,1368,0,0,94.5,30863.5,7,0,0
324612,1108,1413,2,1,31.0,34337.7,5,10,17273038
441318,1499,1915,2,4,14.6,47582.9,6,0,0
3523131,10656,1491,0,0,44.0,9909.7,7,0,0
107487,365,712,2,1,11528.0,20431.0,5,9,34196335
441669,1501,1587,0,2,5813.0,16518.1,2,2,6970054
363390,1235,836,2,4,3600.0,12882.6,1,0,0
729248,2493,1580,2,4,14.6,68558.4,6,0,0
100887,344,1924,2,4,7800.0,49533.1,1,0,0
1921108,6511,1083,0,3,12932.0,91717.6,1,0,0
949028,3235,1987,0,3,28245.0,76201.8,1,0,0
344924,1168,1063,2,4,14.6,22648.8,6,0,0
765290,2614,1715,0,2,3229.0,18386.8,1,11,80331241
3669242,5164,2006,0,0,79.4,20382.3,7,0,0
406214,1382,1833,2,4,870.0,17664.7,1,0,0
474772,1617,1231,2,4,6000.0,18392.8,1,0,0
3628680,2967,1703,0,0,92.7,19213.2,7,0,0
451998,1536,1074,2,1,13204.0,15640.2,5,10,11303443
2442365,8051,642,0,2,26040.0,65673.8,1,6,35675579
1086524,3712,1430,2,4,1500.0,18503.1,1,0,0
227591,773,1307,2,4,14.6,45906.3,6,0,0
993700,3390,1621,2,1,2004.0,73480.9,0,5,12870973
720567,2467,238,2,4,17400.0,44076.2,1,0,0
394408,1340,1976,2,4,14.6,23906.1,6,0,0
642752,2195,1382,0,3,16654.0,71571.8,1,0,0
255029,875,1672,2,4,14.6,37641.0,6,0,0
218942,744,1928,0,2,5740.0,34619.1,2,4,94336568
147213,493,2179,2,5,2100.0,34925.0,1,0,0
3644303,3456,698,0,0,134.6,32726.1,7,0,0
653011,2232,1701,2,4,4680.0,27467.2,1,0,0
490144,1673,794,0,2,4408.0,16735.4,2,10,695646
3625552,2876,484,0,0,149.8,36287.3,7,0,0
1279710,4377,1794,2,4,14.6,34168.2,6,0,0
435733,1480,2119,2,4,37900.0,64391.2,1,0,0
429421,1458,1593,0,3,16592.0,39907.2,1,0,0
3235788,10738,256,0,3,5800.0,14284.3,1,0,0
126017,425,284,0,3,5893.0,27633.6,1,0,0
336874,1144,211,2,4,14.6,12068.2,6,0,0
506222,1728,1611,2,4,14.6,20147.4,6,0,0
1137981,3889,2180,2,4,810.0,15491.3,1,0,0
73022,243,1260,0,3,21727.0,52081.8,1,0,0
113117,381,1843,2,4,1800.0,27991.1,1,0,0
905198,3085,2006,2,4,14.6,15811.2,6,0,0
965521,3289,2098,2,4,14.6,58326.6,6,0,0
3597203,2011,2190,0,0,95.5,23230.1,7,0,0
15078,50,1650,2,1,7024.0,22724.6,0,11,17270559
1271243,4347,1294,0,3,700.0,14591.2,1,0,0
1064320,3636,2031,2,4,1320.0,39051.6,1,0,0
125182,421,2031,2,4,5200.0,15561.0,1,0,0
1010640,3453,1672,2,4,14.6,16300.6,6,0,0
203489,690,2107,2,1,7152.0,62100.3,5,10,19503748
215052,730,602,2,4,5100.0,46828.1,1,0,0
286407,982,1408,2,1,192.0,22840.8,0,8,19998705
542778,1846,1439,2,1,2062.0,19957.0,1,11,47556239
160843,539,1794,2,4,100.0,84676.5,6,0,0
1614915,5483,384,2,4,7500.0,4538.4,1,0,0
876640,2986,1660,2,4,1320.0,57299.8,1,0,0
283389,973,1382,2,1,2909.0,42755.8,5,6,42422169
3565755,1071,242,0,0,310.4,49770.0,7,0,0
2292673,7562,1215,2,4,30.0,45115.7,6,0,0
185646,629,1803,2,1,1207.0,17978.0,5,9,91464036
1004033,3426,1805,0,2,38198.0,62232.2,1,1,19822824
638272,2178,1833,2,4,2760.0,80017.9,1,0,0
440464,1497,1010,0,3,8587.0,27604.7,1,0,0
3541882,343,1794,0,0,108.0,26116.8,7,0,0
1766184,5991,1462,2,4,3000.0,43608.8,1,0,0
1092828,3736,2186,2,4,1280.0,31336.3,1,0,0
2106895,7133,772,2,1,1352.0,19702.0,8,1,27370810
3598406,2050,1733,0,0,149.5,35549.5,7,0,0
137170,459,1490,2,4,800.0,8800.0,1,0,0
463357,1576,2037,2,4,30.0,42175.0,6,0,0
500104,1704,1131,0,2,6923.0,27924.8,2,7,7631910
623723,2128,1984,2,1,3601.0,16961.3,5,8,30310547
1113156,3802,1929,2,4,560.0,24479.2,1,0,0
798939,2723,1640,0,3,8500.0,27179.3,1,0,0
3586286,1696,1611,0,0,72.3,17721.6,7,0,0
642116,2192,1651,2,1,5743.0,17545.0,5,2,7238287
540523,1837,1033,2,4,14.6,48092.8,6,0,0
987997,3369,2012,2,1,26.0,28141.4,5,9,57075303
804849,2742,1774,2,1,128.0,63588.0,5,6,76674633
3508731,9188,698,0,0,88.2,27263.7,7,0,0
3594481,1936,1338,0,0,69.7,17110.6,7,0,0
259004,886,1913,2,5,2700.0,85587.3,1,0,0
506083,1728,1831,0,3,8461.0,17713.0,1,0,0
435205,1478,1548,2,4,20700.0,53507.2,1,0,0
241762,826,1805,2,1,169.0,25260.8,3,12,37950855
618708,2111,1600,2,4,12300.0,55105.5,1,0,0
2135521,7231,1368,2,4,14.6,40919.1,6,0,0
3562507,970,2159,0,0,243.0,57018.5,7,0,0
1544971,5256,1167,0,3,1400.0,29364.3,1,0,0
3515356,9833,364,0,0,168.2,29422.3,7,0,0
1468257,5001,1470,1,4,16073.0,47111.0,1,0,0
492226,1678,1252,2,4,19300.0,48230.1,1,0,0
80129,268,1491,2,4,14.6,19323.1,6,0,0
439697,1495,1321,2,1,3059.0,71301.7,5,5,9478509
997326,3405,737,2,1,7543.0,32044.5,5,6,12718767
1158161,3965,1550,2,4,14.6,41362.0,6,0,0
83431,279,1715,2,1,1380.0,25632.7,1,9,68556356
914002,3114,2159,2,4,14.6,45972.2,6,0,0
3636227,3205,2098,0,0,111.6,28043.2,7,0,0
905460,3086,788,2,4,14.6,45152.8,6,0,0
3463615,2797,1915,0,0,97.6,24639.8,7,0,0
641875,2191,1619,0,3,19696.0,36689.6,1,0,0
137771,461,468,2,4,4600.0,28510.9,1,0,0
2868672,9493,1166,2,1,3930.8,36371.7,8,1,57428258
900141,3067,2045,2,1,1330.0,18456.8,0,1,61285483
3439767,946,1611,0,0,168.3,40159.3,7,0,0
377906,1286,1304,1,4,14014.0,60751.8,1,0,0
900200,3067,1610,2,4,6700.0,25965.1,1,0,0
1223747,4190,1625,2,4,6500.0,40507.0,1,0,0
3625772,2881,788,0,0,107.8,29377.3,7,0,0
3443663,1754,1764,0,0,274.3,45217.2,7,0,0
298390,1017,767,2,4,4200.0,25351.7,1,0,0
3394026,11265,2161,2,4,3500.0,21208.4,1,0,0
696766,2382,698,2,4,14.6,23949.3,6,0,0
393394,1337,783,2,4,200.0,25569.8,1,0,0
831910,2833,1346,2,1,2970.0,16733.5,5,2,87006002
647141,2212,1825,2,4,14.6,27064.7,6,0,0
3613143,2506,1856,0,0,78.9,14738.2,7,0,0
337324,1145,454,2,4,14.6,14147.8,6,0,0
470779,1603,1892,2,1,2359.0,36368.6,5,12,92258166
158725,532,1704,0,3,31422.0,74297.0,1,0,0
1007158,3439,2161,2,4,9600.0,52491.5,1,0,0
3470816,4484,395,0,0,204.5,35840.0,7,0,0
1164496,3988,1963,0,3,1000.0,32222.2,1,0,0
3638772,3268,1672,0,0,62.2,15288.5,7,0,0
288252,988,849,2,4,14.6,28383.3,6,0,0
952469,3247,2074,2,1,974.0,32790.0,5,7,78002387
479184,1633,1869,2,1,2145.0,29298.3,5,2,27727192
1096283,3747,1805,2,1,2389.0,29813.1,5,5,82686203
271334,929,1611,2,4,14.6,16593.4,6,0,0
472179,1606,1686,0,3,1100.0,44283.0,1,0,0
2383054,7857,1976,2,4,14.6,48811.6,6,0,0
1069242,3653,1558,2,1,4128.0,34173.2,5,5,41153007
654861,2239,1695,2,4,2400.0,26352.8,1,0,0
1085440,3708,1764,2,4,14.6,36860.4,6,0,0
626858,2140,1550,2,4,14.6,21006.8,6,0,0
46074,153,1071,2,4,8300.0,32585.0,1,0,0
33534,107,1703,2,4,14.6,42631.6,6,0,0
635457,2169,1830,2,4,23200.0,37536.4,1,0,0
1125264,3843,1640,0,3,3600.0,17170.7,1,0,0
175155,589,2105,0,3,20271.0,64949.7,1,0,0
1089724,3725,1252,0,3,25489.5,46266.2,1,0,0
1103731,3771,2094,0,3,35304.0,107730.2,1,0,0
38734,126,2002,0,3,9077.0,62012.4,1,0,0
279565,957,1469,2,1,2126.0,17008.0,5,2,90061181
175381,590,1689,2,4,6400.0,33230.5,1,0,0
497068,1694,360,2,4,33200.0,60003.7,1,0,0
1306724,4462,1592,2,1,2770.3,6235.3,8,1,98249196
1152344,3940,2146,2,4,13200.0,27028.8,1,0,0
103668,354,1500,0,3,11466.0,31399.6,1,0,0
858448,2926,1924,0,3,10584.0,52221.4,1,0,0
401687,1367,1559,2,4,4680.0,26586.9,1,0,0
684707,2336,2168,2,4,200.0,30428.0,1,0,0
120233,403,1199,2,4,2080.0,42095.1,1,0,0
2780854,9203,1167,2,4,6300.0,47983.9,1,0,0
490791,1675,407,0,2,4327.0,18856.6,2,1,50350195
1091979,3734,1347,0,3,4939.0,30777.7,1,0,0
657255,2245,2098,2,4,19800.0,84646.2,1,0,0
351830,1195,2103,2,1,1890.0,32131.6,5,5,70545512
913512,3113,857,2,1,355.0,24279.5,0,4,11477154
746949,2548,1733,2,4,14.6,44645.0,6,0,0
252537,865,1625,2,1,1885.0,14666.0,0,8,20329344
146496,490,1460,2,4,14.6,13907.3,6,0,0
3616365,2595,1976,0,0,121.5,29798.9,7,0,0
174386,586,1554,2,4,1700.0,17263.9,1,0,0
65762,219,2015,2,1,2336.0,53814.1,5,4,77167427
721858,2471,2124,2,4,5100.0,51306.5,1,0,0
1011393,3456,1094,2,4,14.6,13657.1,6,0,0
623377,2126,1672,2,4,14.6,61265.8,6,0,0
3642814,3402,1764,0,0,132.2,48423.6,7,0,0
530910,1809,1856,2,4,30.0,22108.3,6,0,0
708119,2425,1135,0,3,8905.0,30672.5,1,0,0
642912,2195,915,2,4,5700.0,30527.6,1,0,0
967788,3298,1533,0,3,7226.0,54623.5,1,0,0
962545,3279,1645,0,3,8300.0,34843.6,1,0,0
263132,900,1284,0,3,8925.0,31386.3,1,0,0
3465964,3499,2068,0,0,256.3,68214.5,7,0,0
448027,1522,1990,0,3,1000.0,39869.6,1,0,0
744889,2542,2098,2,4,14.6,32221.3,6,0,0
1119921,3826,1412,0,3,6778.0,35180.3,1,0,0
3623825,2824,788,0,0,132.1,34135.3,7,0,0
97357,333,2141,2,1,1634.0,20683.2,5,9,71807402
579113,1971,1436,0,3,14906.0,50028.5,1,0,0
766036,2616,318,2,4,15400.0,39719.0,1,0,0
560837,1908,1610,2,4,1300.0,19341.1,1,0,0
879688,2996,1412,2,1,402.0,47400.1,0,3,27229410
415759,1412,1040,0,3,14287.0,34836.0,1,0,0
63523,210,1921,2,4,10700.0,21066.6,1,0,0
230752,786,1257,0,3,26200.5,67719.9,1,0,0
2307978,7614,1262,2,4,35700.0,49192.9,1,0,0
3613991,2527,880,0,0,284.0,73595.1,7,0,0
882710,3007,1830,2,1,997.0,29656.8,0,10,61215889
143604,481,1491,2,4,14.6,25462.6,6,0,0
505020,1725,1287,1,4,14825.0,74274.4,1,0,0
1291078,4413,1410,1,4,17526.0,35777.4,1,0,0
64964,216,1733,2,4,14.6,28610.2,6,0,0
3663639,4276,1460,0,0,240.0,48034.5,7,0,0
967385,3296,1829,2,4,6900.0,59206.0,1,0,0
3600350,2119,2098,0,0,150.1,34612.4,7,0,0
671611,2293,386,2,4,1840.0,25777.5,1,0,0
869711,2962,528,0,3,19930.0,106178.8,1,0,0
184086,625,2154,1,4,14013.0,35432.3,1,0,0
644526,2201,1016,0,2,3144.0,20080.9,1,10,97430163
3655524,3784,1276,0,0,118.9,22851.0,7,0,0
3463580,2783,1519,0,0,141.6,36829.6,7,0,0
3441193,1172,2068,0,0,254.9,15923.5,7,0,0
89435,301,2075,0,2,2925.0,21850.4,1,8,57388836
775260,2645,710,2,1,5457.0,23300.4,3,12,18570590
857599,2923,1307,2,4,14.6,15923.3,6,0,0
762922,2605,1399,2,4,14.6,26232.0,6,0,0
1034222,3536,1624,2,1,2589.0,28870.8,5,1,57065409
260562,892,2011,2,1,2509.0,32911.6,0,2,25392246
479819,1635,1822,2,4,1120.0,62225.7,1,0,0
777101,2649,441,2,4,3360.0,22806.1,1,0,0
258689,886,982,0,3,18469.0,70709.8,1,0,0
3619911,2701,2190,0,0,206.7,50327.3,7,0,0
563506,1918,955,0,3,6347.0,27450.1,1,0,0
473809,1613,2049,2,1,3628.0,23409.8,5,4,46822315
275813,944,1981,2,1,5361.0,26753.6,5,5,46210002
3550759,616,1460,0,0,84.3,18046.1,7,0,0
1068501,3650,1307,2,4,14.6,40232.3,6,0,0
827006,2817,1002,2,4,14.6,51512.8,6,0,0
531240,1810,1035,2,4,7700.0,32775.6,1,0,0
3533590,95,1246,0,0,215.6,54853.4,7,0,0
896116,3053,534,0,3,700.0,29395.2,1,0,0
517809,1769,1162,0,3,4967.0,29647.5,1,0,0
632121,2158,1698,2,4,26100.0,55689.1,1,0,0
1603631,5445,1957,2,1,624.0,48847.0,3,8,4871046
254297,872,2068,2,4,14.6,49765.2,6,0,0
1075378,3674,788,2,4,14.6,60367.0,6,0,0
1571783,5343,849,2,4,14.6,30653.9,6,0,0
925724,3155,2167,2,1,8704.0,14109.8,5,6,66843986
43021,143,1703,2,4,14.6,17996.7,6,0,0
3440396,1052,1307,0,0,66.0,16391.6,7,0,0
3585138,1666,2006,0,0,157.0,31045.3,7,0,0
862859,2938,1498,2,1,2288.0,53296.7,0,1,20103186
20601,68,1095,1,4,14797.0,43099.9,1,0,0
532810,1815,407,2,1,6037.0,28419.6,5,8,19580573
311607,1062,1151,2,4,9700.0,44902.1,1,0,0
1188282,4069,1650,2,4,4700.0,27063.2,1,0,0
3641666,3363,1368,0,0,93.5,23395.3,7,0,0
30455,99,1500,2,1,4503.0,52901.8,5,2,38411343
1190956,4078,389,2,4,23100.0,46295.0,1,0,0
3512832,9591,1185,0,0,89.5,21028.1,7,0,0
1288978,4408,675,2,4,12500.0,39652.4,1,0,0
574315,1955,978,2,1,1964.0,14170.1,1,6,37730187
273502,937,2016,0,2,4435.0,26433.5,2,9,42227661
261711,896,1519,2,4,14.6,19505.4,6,0,0
1048926,3587,1958,2,4,1170.0,13830.0,1,0,0
991287,3380,2047,0,3,6564.0,25208.1,1,0,0
2247003,7418,1894,0,2,15139.0,17899.0,1,8,29053187
484737,1651,1884,2,4,14.6,73563.7,6,0,0
1147198,3924,1441,2,1,3093.0,27274.4,5,6,47621411
2120299,7181,2136,2,1,5030.0,51964.1,5,11,66605192
3506703,9034,1368,0,0,159.8,45860.7,7,0,0
348140,1180,2006,2,4,14.6,48522.4,6,0,0
732981,2504,2022,2,4,62400.0,19311.9,1,0,0
3476330,8625,1125,0,0,347.4,84494.5,7,0,0
294805,1006,1105,2,1,33.0,33853.4,0,6,51874184
1132401,3869,2159,2,4,14.6,83615.8,6,0,0
183491,624,885,0,3,34989.0,114377.2,1,0,0
666484,2274,1715,0,3,1800.0,32907.4,1,0,0
310904,1059,1680,2,1,1914.0,16414.6,0,10,66466748
3501622,8558,1094,0,0,75.1,18234.7,7,0,0
937870,3200,1584,1,4,17152.0,41353.7,1,0,0
144316,484,1284,2,1,1412.0,31844.1,0,5,31340134
130198,437,1988,0,3,32478.0,120551.9,1,0,0
1157008,3959,1956,2,4,2100.0,27056.6,1,0,0
118908,399,2077,1,4,15974.0,69641.2,1,0,0
682118,2328,1473,0,2,6765.0,50477.8,2,9,59922486
388788,1322,403,2,1,1485.0,15257.3,5,10,3167045
945014,3222,706,2,4,630.0,20064.4,1,0,0
760233,2593,1580,2,4,14.6,39239.8,6,0,0
3596841,2002,1641,0,0,121.2,21882.5,7,0,0
1007504,3440,2006,2,4,14.6,39722.1,6,0,0
3652548,3699,788,0,0,138.8,30535.6,7,0,0
566319,1927,1641,2,4,14.6,23999.8,6,0,0
1665990,5650,1961,2,4,4600.0,44990.5,1,0,0
527080,1799,1711,2,1,2514.0,15003.2,5,7,72883474
3622521,2779,1215,0,0,236.1,60707.6,7,0,0
1503226,5125,1338,2,4,14.6,78284.3,6,0,0
867798,2955,2074,0,2,5079.0,21690.1,2,13,63699596
1223857,4190,1703,2,4,14.6,41684.7,6,0,0
1147071,3923,1918,0,3,3800.0,73110.4,1,0,0
3506441,9017,1641,0,0,35.6,16547.7,7,0,0
254523,873,1606,0,3,6500.0,14444.0,1,0,0
1163561,3983,1221,0,3,14626.0,46640.0,1,0,0
2707641,8957,886,0,3,11500.0,21535.6,1,0,0
68962,229,1828,2,4,3200.0,25740.0,1,0,0
1054791,3608,855,2,4,4200.0,20818.4,1,0,0
3467819,3949,1672,0,0,336.0,36803.7,7,0,0
424799,1442,2028,2,4,4080.0,31380.6,1,0,0
2528714,8341,2146,2,4,71200.0,32081.5,1,0,0
1065187,3639,1794,2,4,14.6,15973.6,6,0,0
706637,2420,1283,0,2,3602.0,4602.0,1,7,30639845
71718,239,1174,0,3,8083.0,60479.4,1,0,0
1032284,3528,1399,2,4,14.6,30230.5,6,0,0
565656,1926,42,0,3,4507.0,18228.0,1,0,0
504353,1721,293,0,3,900.0,21600.0,1,0,0
139050,465,637,2,4,14.6,24192.3,6,0,0
158283,530,1435,0,2,37203.0,37803.0,1,9,62152212
913319,3113,1562,2,1,8001.0,40591.1,5,2,35737115
938394,3201,1401,2,4,1700.0,24437.5,1,0,0
1069803,3654,454,2,4,14.6,41788.5,6,0,0
521584,1780,1253,2,1,5429.0,100310.9,5,11,76511865
932731,3181,1764,2,4,14.6,53153.5,6,0,0
119980,402,2075,2,1,2211.0,30061.7,0,2,98438930
1158656,3967,1984,2,4,5100.0,29143.0,1,0,0
102328,348,1555,0,3,18286.0,42721.2,1,0,0
2938064,9730,1619,0,3,16041.0,42494.9,1,0,0
622660,2124,985,0,3,21431.0,55631.7,1,0,0
956679,3260,1820,0,3,20377.0,96776.8,1,0,0
156834,524,1056,2,4,4700.0,46938.1,1,0,0
3586172,1693,1641,0,0,15.7,37762.7,7,0,0
1073600,3669,1528,2,1,2057.0,20078.6,5,12,63851803
651175,2225,1688,2,4,500.0,19344.6,1,0,0
511333,1750,2079,0,3,24863.0,117424.9,1,0,0
3534298,114,1733,0,0,82.0,20169.4,7,0,0
931445,3175,1897,2,1,3280.0,15715.2,5,1,73805624
640415,2186,2111,2,4,3280.0,25714.8,1,0,0
3568248,1139,1794,0,0,457.1,158959.2,7,0,0
1150558,3935,576,2,4,14.6,25939.8,6,0,0
24360,81,1501,0,2,3084.0,25353.1,1,13,10088116
517731,1768,2123,2,4,5100.0,50179.6,1,0,0
956007,3258,2006,2,4,14.6,83136.9,6,0,0
630959,2154,1680,2,1,2126.0,18751.1,1,1,22301203
1148606,3928,1698,2,4,250.0,50277.7,1,0,0
3562274,960,2006,0,0,236.2,45546.1,7,0,0
1011190,3456,921,0,2,6443.0,25527.0,2,2,24810451
3445476,377,2098,0,0,155.4,38931.6,7,0,0
928945,3166,1745,2,1,3702.8,51828.6,8,11,16657728
671742,2293,283,2,4,1900.0,26589.3,1,0,0
528200,1802,1442,0,2,4827.0,33237.6,2,10,74801170
3545607,453,2068,0,0,229.1,53982.4,7,0,0
3292547,10940,375,2,4,24800.0,48846.4,1,0,0
3663127,4150,1976,0,0,173.7,44221.3,7,0,0
1115767,3810,1125,2,4,14.6,20885.3,6,0,0
422342,1434,1895,0,2,4847.0,16773.6,2,13,39167398
1007043,3439,1524,2,1,7541.0,24992.2,5,3,41336739
215114,730,1185,2,4,14.6,71577.2,6,0,0
1042820,3566,789,0,3,2800.0,19840.1,1,0,0
190499,647,2118,2,4,600.0,41862.0,1,0,0
407797,1388,1089,2,4,3200.0,47389.1,1,0,0
3521344,10439,1915,0,0,255.2,55637.3,7,0,0
1067695,3648,1580,2,4,14.6,30105.0,6,0,0
421002,1427,2090,2,4,1500.0,58022.6,1,0,0
202624,688,675,0,2,3764.0,28216.5,1,11,1255870
1153849,3947,1321,2,1,619.0,62802.2,0,13,94871657
283005,971,2142,2,4,5040.0,19222.6,1,0,0
3505389,8934,1185,0,0,19.2,16795.6,7,0,0
1121753,3832,1176,2,4,1100.0,21579.2,1,0,0
3578988,1477,545,0,0,95.5,23273.2,7,0,0
3091793,10257,1704,0,3,30196.0,77021.3,1,0,0
258020,884,2007,2,4,780.0,25253.5,1,0,0
3650633,3645,2037,0,0,147.0,31607.6,7,0,0
236154,807,1374,0,2,20229.0,55371.3,1,9,19420242
784422,2673,796,2,1,4111.0,41377.5,0,7,7310396
542327,1844,1194,2,1,2161.0,33374.2,1,3,32871842
682214,2328,1465,2,4,2000.0,48598.8,1,0,0
980362,3345,777,2,4,2700.0,8685.8,5,0,0
469526,1599,1275,2,4,20960.0,41288.9,1,0,0
2060968,6985,1146,0,3,25379.0,71634.9,1,0,0
3538947,252,1733,0,0,143.3,36150.1,7,0,0
967417,3296,1519,2,4,14.6,68970.5,6,0,0
555623,1891,758,2,4,840.0,21446.5,1,0,0
565712,1926,1745,0,3,4507.0,15277.0,1,0,0
230582,785,1957,0,2,26015.0,64846.8,1,13,27742272
824453,2809,1366,2,4,2100.0,32639.0,1,0,0
3447232,1787,545,0,0,239.7,59748.6,7,0,0
134308,450,1382,2,1,2404.0,20661.0,5,9,70611452
681701,2327,1952,0,2,15714.0,36574.7,1,4,98203420
1104800,3775,1350,0,2,6136.0,21050.9,2,3,80783790
574396,1955,893,2,4,1080.0,12286.0,1,0,0
321153,1098,1981,0,2,5784.0,55574.7,2,9,49755728
953875,3252,1338,2,4,14.6,19448.5,6,0,0
3461892,2333,1491,0,0,317.2,54794.7,7,0,0
54181,180,1637,2,4,24400.0,70064.8,1,0,0
647661,2214,2011,0,3,13407.0,37089.4,1,0,0
3629816,3005,2098,0,0,87.5,26286.0,7,0,0
3281806,10904,1094,2,4,14.6,23598.0,6,0,0
3452642,5735,1368,0,0,71.0,23872.4,7,0,0
80869,271,1860,2,4,5000.0,50019.0,1,0,0
140721,471,1411,0,3,9975.0,27204.6,1,0,0
3137122,10411,1472,2,4,8400.0,72885.2,1,0,0
213842,725,2006,2,4,14.6,29521.7,6,0,0
552573,1881,1689,0,3,1100.0,1100.0,1,0,0
610116,2077,1550,2,4,14.6,21730.4,6,0,0
3509593,9241,1733,0,0,129.2,25048.8,7,0,0
565690,1926,1075,0,3,6760.5,30258.4,1,0,0
1040198,3557,1593,0,2,3393.0,19506.8,1,11,71643262
3619031,2676,89,0,0,91.2,29639.6,7,0,0
1077676,3681,1878,2,4,960.0,38562.1,1,0,0
3476830,8776,637,0,0,20.8,18803.1,7,0,0
331236,1128,529,2,4,5650.0,29740.7,1,0,0
3641518,3359,1794,0,0,151.8,33631.4,7,0,0
3628485,2961,1733,0,0,116.4,28149.0,7,0,0
347199,1176,1602,2,4,1700.0,25336.3,1,0,0
160043,536,2073,2,1,827.0,15890.5,0,1,56864386
495213,1688,537,2,4,800.0,20019.9,1,0,0
1876599,6353,1919,2,4,14800.0,30990.5,1,0,0
2005220,6792,1772,2,1,49.0,40306.7,0,1,20771622
913305,3113,1137,2,1,8001.0,37857.1,5,2,35737115
116650,393,1634,2,4,10400.0,27249.4,1,0,0
3608718,2379,1703,0,0,120.1,30070.4,7,0,0
1501028,5118,1190,2,1,446.0,24503.0,0,2,97549569
534203,1819,1899,2,4,35400.0,51141.7,1,0,0
1248368,4269,1717,2,4,24800.0,75625.4,1,0,0
2910680,9640,329,1,4,15280.0,25335.0,1,0,0
1099429,3755,1414,2,4,18000.0,31783.5,1,0,0
798128,2719,1764,2,4,14.6,22361.6,6,0,0
1004168,3426,1679,2,4,14100.0,42610.1,1,0,0
87023,290,760,2,4,14.6,21456.9,6,0,0
145575,487,1847,0,3,33711.0,59530.5,1,0,0
581826,1979,1649,2,1,2014.0,14336.6,1,11,32008636
818796,2788,1623,2,1,3803.0,14639.4,5,8,74001586
3661629,3978,2037,0,0,143.7,40698.7,7,0,0
2707675,8957,1846,0,3,15700.0,29419.2,1,0,0
1979059,6706,1929,2,1,1982.0,47512.5,5,10,63843142
898499,3063,1467,2,1,2330.0,34342.7,1,13,83163529
2915208,9656,1962,0,3,45442.0,73590.5,1,0,0
3668641,5072,1276,0,0,225.0,76344.5,7,0,0
93432,318,1842,2,4,2400.0,26678.2,1,0,0
3452234,5483,849,0,0,118.5,36165.9,7,0,0
2747206,9093,1042,2,1,1311.0,57661.9,5,1,28652066
917761,3129,802,0,2,6727.0,21923.0,2,9,94994931
1107131,3781,972,2,4,14.6,56408.6,6,0,0
444546,1511,1386,2,4,18400.0,105332.7,1,0,0
80274,269,1770,2,1,456.0,27183.2,5,9,7832789
247801,851,1246,2,4,52900.0,66501.5,1,0,0
216993,738,338,2,1,82.0,79863.5,0,8,91551339
458914,1560,2104,0,3,1100.0,25505.8,1,0,0
3626569,2903,1399,0,0,249.0,60634.6,7,0,0
129502,435,7,0,3,400.0,400.0,1,0,0
515485,1762,2148,2,4,6300.0,44143.5,1,0,0
566152,1927,1015,0,2,3425.0,10902.0,1,3,89210503
1754331,5952,738,2,1,3028.0,46672.5,5,4,68812089
171235,574,972,2,4,14.6,50770.7,6,0,0
552818,1882,612,2,1,1907.0,20421.2,5,5,5768174
125597,423,830,2,1,1942.0,17353.0,5,11,78170078
479190,1633,2050,2,1,2145.0,23225.9,5,2,27727192
3547749,517,1125,0,0,134.0,32959.0,7,0,0
3438741,643,1856,0,0,122.0,34855.9,7,0,0
892068,3040,1733,2,4,14.6,21142.6,6,0,0
3554074,717,1884,0,0,185.1,37641.5,7,0,0
867903,2955,1703,2,4,14.6,25504.6,6,0,0
220233,748,1473,2,4,720.0,41444.5,1,0,0
622403,2123,1471,2,1,2141.0,10325.7,1,3,18685001
3450341,4320,1794,0,0,32.0,5203.9,7,0,0
844593,2876,793,0,3,17385.0,42552.8,1,0,0
3555200,750,819,0,0,170.2,42125.4,7,0,0
17417,59,1467,2,4,14880.0,30353.2,1,0,0
400806,1365,1460,2,4,14.6,35044.4,6,0,0
196022,664,1767,2,4,1100.0,27321.4,1,0,0
1208809,4134,1550,2,4,14.6,29160.9,6,0,0
868682,2958,1881,2,4,1900.0,13524.3,1,0,0
2908813,9635,1583,2,4,3600.0,3155.8,5,0,0
3641433,3355,2159,0,0,288.8,71503.1,7,0,0
3281559,10904,432,0,3,5088.0,31809.2,1,0,0
894018,3048,1820,0,3,900.0,900.0,1,0,0
2248679,7424,2080,2,1,2523.2,45276.1,8,13,1301700
263317,900,1125,2,4,14.6,13101.3,6,0,0
3488491,7449,1094,0,0,120.9,31436.8,7,0,0
808912,2757,1286,0,2,3116.0,6532.0,1,11,74053579
122306,411,1929,0,3,18497.0,75809.0,1,0,0
1271066,4346,1289,2,4,39300.0,64180.7,1,0,0
2340292,7721,2139,0,2,22730.0,64259.6,1,12,18930614
3588076,1759,1429,0,0,63.1,14580.1,7,0,0
3464837,3149,1307,0,0,9.0,13331.0,7,0,0
3537300,206,1733,0,0,124.1,28264.1,7,0,0
1118867,3822,2047,1,4,17765.0,24256.1,1,0,0
545657,1856,2081,2,1,1449.0,27478.3,1,12,413990
588477,2002,337,2,4,600.0,25960.8,1,0,0
1075772,3675,1897,1,4,19304.0,55516.1,1,0,0
158176,529,1863,2,1,3344.0,24663.0,5,7,85919022
19067,64,2070,0,3,1100.0,21838.2,1,0,0
3534815,127,1276,0,0,55.3,11687.4,7,0,0
782896,2668,1884,2,4,14.6,31632.4,6,0,0
207991,706,1703,2,4,14.6,14570.2,6,0,0
989770,3374,1457,0,3,22125.0,15950.6,1,0,0
1230931,4214,1175,0,3,700.0,700.0,1,0,0
1535021,5228,1506,2,4,8900.0,85658.4,1,0,0
917985,3129,515,2,4,14.6,30892.9,6,0,0
2984306,9883,586,2,1,713.0,23927.3,5,2,27317208
807842,2752,1611,2,4,14.6,39389.5,6,0,0
1387210,4727,954,2,1,3580.0,33060.4,5,9,30821961
951989,3246,582,0,3,6932.0,32832.2,1,0,0
146493,490,1368,2,4,14.6,15283.9,6,0,0
267853,916,1650,2,4,8700.0,31319.1,1,0,0
1579099,5369,1117,2,4,600.0,16700.4,1,0,0
393794,1338,1896,2,1,157.0,89375.3,3,5,85222345
2119307,7176,2042,2,1,6110.0,48135.7,5,6,12137484
717872,2458,1422,2,4,39800.0,29074.2,1,0,0
1474243,5024,1144,2,4,1200.0,30033.0,1,0,0
110679,374,1464,2,4,2100.0,54686.0,1,0,0
3553507,698,1460,0,0,129.6,38744.6,7,0,0
646570,2209,1821,2,4,2700.0,50405.5,1,0,0
1754185,5952,678,0,2,35312.0,67579.2,1,13,78708076
755826,2579,2164,2,4,1320.0,27552.4,1,0,0
57867,193,1870,2,1,7110.0,16853.2,5,9,21547550
784514,2673,952,2,4,1400.0,42681.1,1,0,0
948779,3234,1895,0,2,3989.0,18026.0,1,5,17588520
567184,1931,1131,2,1,4898.0,9041.1,5,1,34779352
132774,445,825,2,1,7567.0,16304.4,0,5,49652427
950732,3241,552,2,1,3034.0,20120.2,5,13,69585042
927534,3161,1723,0,3,3100.0,20280.3,1,0,0
3600964,2140,1794,0,0,95.1,21221.1,7,0,0
980712,3346,2075,2,1,4930.0,47218.8,0,12,56243741
1327865,4533,2045,2,1,10479.0,35951.0,5,8,65046036
987346,3367,1672,2,4,14.6,92768.2,6,0,0
686200,2343,1803,2,4,4000.0,53116.4,1,0,0
980665,3346,2105,0,3,23782.0,56263.7,1,0,0
1165622,3994,1794,2,4,14.6,55317.7,6,0,0
345487,1169,2185,2,4,19900.0,97857.1,1,0,0
489002,1668,2006,2,4,14.6,13880.1,6,0,0
386229,1312,2037,2,4,14.6,18226.2,6,0,0
978195,3336,1525,0,2,5692.0,17243.8,2,4,51558619
986499,3364,1338,2,4,30.0,29946.0,6,0,0
1603048,5442,1310,2,4,35800.0,26216.8,1,0,0
683971,2334,1773,0,3,9500.0,40412.7,1,0,0
531082,1810,1898,0,3,17701.0,59365.3,1,0,0
2397199,7907,1764,2,4,14.6,20738.0,6,0,0
339946,1153,923,2,1,1033.0,9792.3,0,7,55908048
3556893,813,1002,0,0,169.5,38079.2,7,0,0
389631,1325,1895,2,1,362.0,22978.0,1,9,62716066
735063,2511,812,2,4,1200.0,32937.2,1,0,0
932752,3181,405,0,3,2600.0,24462.2,1,0,0
3625874,2884,395,0,0,104.9,21224.7,7,0,0
770758,2630,1519,2,4,14.6,28473.1,6,0,0
3469246,4254,910,0,0,101.1,25261.9,7,0,0
577647,1966,2052,2,4,13700.0,35150.9,1,0,0
3541116,321,1611,0,0,108.0,26926.3,7,0,0
1312017,4480,1482,2,4,1900.0,22050.0,1,0,0
3579463,1488,1945,0,0,77.8,17504.2,7,0,0
606763,2065,1546,2,4,3720.0,32556.6,1,0,0
3446948,1511,2006,0,0,109.5,15070.7,7,0,0
3122296,10361,1627,2,4,37700.0,54795.3,1,0,0
555086,1889,1215,2,4,14.6,23552.5,6,0,0
647021,2212,1198,0,2,5270.0,16650.1,2,7,23365092
3453663,6473,1945,0,0,179.2,57483.4,7,0,0
1504418,5129,1801,2,4,13800.0,52080.9,5,0,0
1012308,3460,1612,0,3,5006.0,47387.9,1,0,0
3553612,702,1094,0,0,49.8,10920.5,7,0,0
763926,2609,1312,0,3,26444.0,53068.6,1,0,0
878233,2991,742,2,1,7.0,33145.9,3,7,70128237
499492,1701,698,2,4,14.6,61897.4,6,0,0
2123622,7190,788,2,4,14.6,27644.0,6,0,0
1022375,3489,1452,2,4,4680.0,45116.7,1,0,0
3570112,1200,272,0,0,293.0,69753.0,7,0,0
3538182,230,1884,0,0,159.1,39822.4,7,0,0
97566,334,1194,0,3,18372.0,66777.8,1,0,0
3450437,4405,1884,0,0,253.6,84773.2,7,0,0
776153,2647,1097,2,4,1500.0,45735.1,1,0,0
978704,3338,1374,2,1,7531.0,14010.6,5,9,71534847
214369,728,1527,2,1,1143.0,16657.1,5,13,24685102
3409766,11317,1824,1,4,4287.0,59591.0,1,0,0
485537,1654,1954,0,2,18653.0,72959.7,1,2,37036967
3654551,3756,2098,0,0,300.2,66575.7,7,0,0
3586924,1714,1307,0,0,87.2,21608.7,7,0,0
881004,3001,745,2,4,1050.0,33754.1,1,0,0
433104,1471,2068,2,4,14.6,17284.5,6,0,0
2592351,8564,1994,1,4,19379.0,55609.8,1,0,0
662304,2260,1032,2,4,5600.0,14904.0,1,0,0
494495,1686,523,2,1,1225.0,19239.7,0,13,74546420
353653,1201,1984,2,1,5873.0,30076.8,5,2,73948222
273281,936,1435,2,1,2780.0,19778.7,5,10,95479797
163432,545,1377,2,4,1600.0,40937.4,1,0,0
564404,1920,1733,2,4,1100.0,38675.7,1,0,0
469861,1600,1801,2,4,5600.0,14486.5,1,0,0
583890,1987,1049,2,4,840.0,51819.4,1,0,0
472203,1606,1637,2,4,3100.0,53850.5,1,0,0
3570509,1208,2190,0,0,242.9,65786.2,7,0,0
1099741,3756,1185,2,4,30.0,27343.4,6,0,0
3495788,8051,576,0,0,221.9,54955.4,7,0,0
495356,1689,1100,0,2,5058.0,20869.4,2,9,55909562
861247,2933,710,2,1,4542.0,48298.4,8,13,92012846
103517,353,1828,2,4,480.0,47427.7,1,0,0
11590,39,1168,2,1,145.0,19696.1,5,2,77015351
86741,290,770,2,1,2653.0,15529.9,5,11,10382223
110102,372,1531,2,1,7785.0,20045.0,5,10,65089881
1151221,3937,1837,2,4,2080.0,13899.8,1,0,0
678643,2318,1276,2,4,14.6,45793.4,6,0,0
833512,2838,1803,2,1,1370.0,43716.6,0,5,42194247
567197,1931,1525,2,1,4898.0,29103.8,5,1,34779352
660192,2253,1644,2,4,5400.0,22550.6,1,0,0
3559921,895,1825,0,0,85.9,20775.7,7,0,0
870818,2966,1833,2,4,4200.0,35287.7,1,0,0
3549577,575,1125,0,0,90.0,15540.6,7,0,0
1117633,3818,423,2,4,14.6,30162.4,6,0,0
3537416,209,1519,0,0,98.6,23437.2,7,0,0
53911,180,1500,0,2,23261.0,41505.1,1,8,69630121
978336,3336,1094,2,4,14.6,16280.0,6,0,0
3612701,2496,849,0,0,105.2,26264.0,7,0,0
3551655,639,2190,0,0,98.1,24194.5,7,0,0
1076638,3678,2116,2,4,7100.0,-4544.3,5,0,0
3595146,1956,1856,0,0,151.8,26349.2,7,0,0
417642,1416,1884,2,4,30.0,59250.4,6,0,0
642607,2194,1653,2,1,9386.0,58811.9,5,3,28507352
669876,2286,1774,2,1,1192.0,24321.8,5,13,68042516
3595500,1965,2006,0,0,369.2,96874.4,7,0,0
3213243,10663,780,2,4,6400.0,37038.6,1,0,0
3679287,6985,2037,0,0,54.9,8092.1,7,0,0
807001,2749,2184,2,4,46800.0,90653.7,1,0,0
471886,1605,734,2,4,7800.0,82717.2,1,0,0
2279660,7523,1345,0,3,20633.0,57826.1,1,0,0
3552811,678,1945,0,0,61.4,15137.1,7,0,0
968623,3302,282,0,2,3008.0,24656.4,1,2,24482953
3619242,2685,1460,0,0,20.4,9644.1,7,0,0
3676658,6472,2098,0,0,116.1,42197.4,7,0,0
70405,235,1011,0,2,3324.0,27662.7,1,13,45648396
701564,2401,1592,2,1,2782.0,38042.8,5,6,76152759
616411,2101,1951,2,1,600.0,25679.1,0,1,83940368
3555328,752,2098,0,0,58.9,11248.3,7,0,0
3624347,2840,2006,0,0,275.2,80727.6,7,0,0
155798,521,1841,2,4,8400.0,67449.5,1,0,0
1037593,3549,1952,0,2,4898.0,20909.7,2,8,23296219
3608929,2385,2068,0,0,264.8,65002.6,7,0,0
312679,1067,1527,2,1,7811.0,12836.4,5,1,90449589
87933,294,1705,2,4,9500.0,50117.5,1,0,0
1450116,4937,113,2,4,5400.0,45384.2,1,0,0
45158,151,1320,2,1,2668.0,13449.0,0,6,77260404
123278,414,1693,2,4,8200.0,29943.6,1,0,0
3580932,1535,910,0,0,148.9,37301.8,7,0,0
1614768,5483,1834,0,2,16002.0,53716.6,1,9,6313664
275507,943,612,2,4,870.0,20750.6,1,0,0
3623899,2825,2129,0,0,199.2,38089.0,7,0,0
3617117,2619,1976,0,0,85.7,21288.3,7,0,0
838261,2853,1123,2,4,570.0,36581.9,1,0,0
469950,1601,1771,0,2,4042.0,25873.0,2,2,45886778
548450,1867,1580,2,4,14.6,69740.0,6,0,0
391544,1332,1505,0,3,22335.0,83820.4,1,0,0
1131197,3865,1863,2,1,5947.0,58156.3,5,8,62146550
1128192,3854,2159,2,4,14.6,27005.3,6,0,0
1151063,3936,1753,0,3,1800.0,32095.9,1,0,0
2968972,9833,434,2,1,6531.0,81049.6,5,10,35473787
3606096,2302,1550,0,0,122.1,29401.5,7,0,0
3658847,3891,545,0,0,162.4,24187.7,7,0,0
3616326,2593,1794,0,0,109.1,18759.0,7,0,0
585719,1994,1322,0,3,33935.0,53521.4,1,0,0
3540167,288,1825,0,0,140.9,33705.0,7,0,0
328883,1121,1592,2,4,16100.0,51977.1,1,0,0
1141762,3903,1580,2,4,14.6,29261.4,6,0,0
446654,1516,1915,2,4,14.6,33603.6,6,0,0
2123498,7190,711,2,4,1300.0,34097.9,1,0,0
1781718,6040,1715,2,4,1000.0,49418.8,1,0,0
1040530,3558,887,2,1,152.0,40909.1,0,6,9583253
831304,2830,2077,2,1,6981.0,40308.2,5,1,33658105
3438821,699,1491,0,0,230.5,48093.0,7,0,0
890036,3035,2166,2,1,7524.0,28376.6,5,6,58785599
318137,1086,2073,2,1,1376.0,20217.2,1,11,38448971
1033446,3533,1895,2,4,2900.0,32083.1,1,0,0
685877,2342,1214,2,4,1020.0,22625.7,1,0,0
3513206,9640,180,0,0,244.3,64494.1,7,0,0
937646,3199,1529,2,1,2164.0,49778.8,0,12,75887262
3630471,3026,1550,0,0,170.2,15844.0,7,0,0
3542975,376,941,0,0,314.5,74099.6,7,0,0
454656,1544,674,2,4,7900.0,36649.8,1,0,0
439818,1495,754,2,4,2160.0,61744.1,1,0,0
3661903,3987,2037,0,0,116.4,26225.0,7,0,0
749067,2554,370,2,4,3480.0,64520.9,1,0,0
742257,2534,2141,2,1,1220.0,13461.0,0,7,32907408
2269024,7487,1393,0,3,4800.0,11369.7,1,0,0
1059166,3621,1015,0,3,7979.0,31615.5,1,0,0
430103,1461,2112,0,2,42171.0,104547.7,1,2,43851268
957972,3264,644,0,2,5096.0,29446.2,2,6,65207344
1777815,6030,861,2,1,1177.0,59715.1,8,12,18410075
539889,1835,1672,2,4,14.6,50803.9,6,0,0
975512,3323,340,2,4,16400.0,42649.4,1,0,0
816493,2780,1998,2,5,2300.0,40143.7,1,0,0
3660037,3925,2159,0,0,118.2,31560.4,7,0,0
1899989,6434,1517,2,4,29000.0,54073.8,1,0,0
1082654,3697,961,2,4,5520.0,26630.1,1,0,0
3451490,5213,1460,0,0,149.7,28995.1,7,0,0
1291813,4414,2022,2,4,4800.0,31558.1,1,0,0
893113,3044,2045,2,1,2756.0,17042.9,5,7,65354591
228652,776,1408,2,1,2277.0,47612.9,5,13,44794058
3586501,1701,1550,0,0,253.7,87012.8,7,0,0
771074,2632,1163,0,3,14264.0,32055.0,1,0,0
2906576,9627,909,0,3,18785.0,98121.5,1,0,0
468012,1592,1580,2,4,14.6,56475.5,6,0,0
3676011,6363,1460,0,0,200.8,49275.6,7,0,0
558535,1900,1837,2,4,3360.0,69211.6,1,0,0
789769,2694,66,0,3,700.0,700.0,1,0,0
2841114,9403,210,0,3,9570.0,55238.4,1,0,0
3443131,1634,1094,0,0,193.4,43940.6,7,0,0
3551436,633,2190,0,0,74.6,19094.0,7,0,0
1161534,3977,1818,2,4,350.0,17148.7,1,0,0
1267871,4337,845,0,3,23994.0,125998.9,1,0,0
141252,472,2178,2,4,9000.0,37482.1,1,0,0
1666083,5650,1106,2,4,8700.0,39187.0,1,0,0
2525005,8330,1114,2,4,2880.0,35868.7,1,0,0
226337,770,1915,2,4,14.6,34938.1,6,0,0
3583537,1617,1519,0,0,62.9,15169.4,7,0,0
122844,412,1205,2,4,10700.0,35798.0,1,0,0
3542790,368,1429,0,0,65.1,18099.1,7,0,0
800135,2729,1839,0,3,13100.0,69790.0,1,0,0
900516,3068,1254,2,4,1200.0,16903.9,1,0,0
1150536,3935,1570,2,4,5400.0,36720.0,1,0,0
187996,635,1167,2,4,3600.0,19387.1,1,0,0
284523,977,729,2,4,14.6,35083.9,6,0,0
96438,329,2168,0,3,35763.0,83378.2,1,0,0
631339,2155,1264,2,4,4470.0,19279.7,1,0,0
20949,69,1307,2,4,14.6,21769.0,6,0,0
3651094,3655,1825,0,0,119.4,28434.0,7,0,0
1013469,3465,370,2,4,1400.0,40054.9,1,0,0
3036262,10065,1808,2,4,62900.0,56392.5,1,0,0
1062032,3629,1014,2,1,2645.5,27283.8,8,7,36472505
1766312,5991,864,2,4,6300.0,31660.7,1,0,0
1657172,5622,324,0,3,13695.0,120991.6,1,0,0
636345,2172,1845,2,4,1040.0,21192.4,1,0,0
3094667,10266,1744,2,4,3000.0,82574.6,1,0,0
687207,2346,1532,2,1,1939.0,63917.4,0,9,74352502
894541,3050,1223,0,2,41445.0,90259.0,1,4,69871258
885168,3016,1538,0,3,600.0,29514.5,1,0,0
166847,558,1438,2,4,3360.0,19962.3,1,0,0
266220,910,1861,2,1,1937.0,23846.3,5,13,11557114
21633,71,1096,2,4,2520.0,48632.2,1,0,0
3670819,5423,1733,0,0,131.0,29646.4,7,0,0
248159,853,1416,2,4,2160.0,41706.9,1,0,0
3459341,64,2068,0,0,197.3,20738.2,7,0,0
1140300,3898,2013,0,2,6915.0,68525.1,2,10,49556386
3523862,10728,1460,0,0,226.6,48757.7,7,0,0
1066525,3644,1399,2,4,14.6,15021.4,6,0,0
1167061,3999,741,2,4,4440.0,22296.6,1,0,0
160438,538,1471,2,4,1280.0,13815.3,1,0,0
3602576,2190,2129,0,0,202.4,43654.7,7,0,0
3596010,1978,1764,0,0,180.0,44130.1,7,0,0
367351,1249,1442,0,2,3686.0,34091.8,1,7,18376
1065008,3638,1519,2,4,100.0,30140.3,6,0,0
3542506,361,698,0,0,226.2,48437.2,7,0,0
1897500,6425,1183,2,4,2600.0,25699.1,1,0,0
2789194,9236,1895,0,3,11906.0,105137.9,1,0,0
2382708,7857,1496,2,1,8157.0,14195.9,5,3,68440097
95811,327,2078,0,3,15708.0,70282.7,1,0,0
485068,1652,1368,2,4,14.6,19214.6,6,0,0
678281,2318,1623,2,1,3081.0,47082.5,5,11,58512443
2449106,8073,1355,2,4,17300.0,50667.6,1,0,0
585462,1993,2176,2,4,6400.0,38747.5,1,0,0
375200,1277,707,0,2,6248.0,26265.3,2,5,36786365
3535648,159,1976,0,0,182.5,44703.9,7,0,0
2997012,9928,1402,2,4,1900.0,43317.8,1,0,0
330234,1126,66,0,3,1100.0,1100.0,1,0,0
3414779,11333,1782,2,4,59600.0,39537.1,1,0,0
3548239,529,2068,0,0,92.5,18312.7,7,0,0
778097,2652,1380,0,3,21013.0,52482.5,1,0,0
1649641,5591,2070,2,4,8200.0,45071.8,1,0,0
276869,947,346,2,4,1000.0,23144.0,1,0,0
1055264,3609,589,2,1,2128.0,29523.4,5,4,7829064
1293159,4418,582,2,1,1435.0,38767.2,0,10,76446610
135972,456,693,1,4,4929.0,51152.4,1,0,0
3218362,10679,1820,2,4,8500.0,36593.6,1,0,0
651512,2227,1737,0,3,43547.0,117295.2,1,0,0
886051,3019,2159,2,4,14.6,28341.7,6,0,0
313832,1071,1179,1,4,10689.0,24828.9,1,0,0
3578915,1476,484,0,0,85.7,20049.8,7,0,0
842663,2867,1507,2,4,9000.0,65542.5,1,0,0
488780,1667,1806,0,3,6806.0,28760.2,1,0,0
3590388,1820,1429,0,0,176.1,43731.7,7,0,0
3611669,2470,1429,0,0,120.4,28705.7,7,0,0
69340,231,1138,2,1,2073.0,16749.3,5,12,51732343
896030,3053,2183,2,4,4100.0,86632.3,1,0,0
283818,974,1890,2,4,21400.0,26727.7,1,0,0
1043670,3569,2055,0,3,900.0,20944.9,1,0,0
2439203,8041,1491,2,4,14.6,68198.1,6,0,0
335762,1142,2169,0,2,3116.0,26608.7,1,11,91938298
3622391,2774,1825,0,0,64.9,17789.1,7,0,0
1067074,3646,1324,1,4,4373.0,25257.8,1,0,0
933283,3183,880,2,4,14.6,32673.0,6,0,0
560199,1906,1591,2,1,7355.0,57351.0,5,13,62735038
775145,2645,1589,2,1,389.0,35008.8,5,5,14088654
483037,1644,435,2,1,17.0,41388.1,3,4,66140669
1853221,6273,2151,2,4,18300.0,78155.9,1,0,0
598825,2038,712,2,1,1580.0,29383.2,5,6,62453108
182723,621,1580,2,4,14.6,35214.5,6,0,0
3116929,10343,2142,2,4,9900.0,-9610.3,1,0,0
1493213,5092,1408,0,2,3342.0,10304.3,1,1,10903460
1524069,5194,1399,2,4,100.0,16156.9,6,0,0
1161317,3976,1976,2,4,14.6,17538.5,6,0,0
981547,3350,1559,0,3,8129.0,21030.8,1,0,0
3642520,3391,1125,0,0,163.9,30273.0,7,0,0
967979,3298,635,2,4,6700.0,34400.7,1,0,0
312017,1065,224,0,3,1300.0,26151.8,1,0,0
923149,3146,1437,2,4,570.0,28488.7,1,0,0
840226,2861,1647,0,2,5915.0,23345.8,2,10,10531437
22327,73,1627,2,4,44160.0,24751.4,1,0,0
1324203,4519,883,2,4,2400.0,27500.0,1,0,0
2979322,9869,880,2,4,5280.0,36882.3,1,0,0
3577025,1417,1703,0,0,342.6,82710.9,7,0,0
503795,1719,1161,0,2,4152.0,25407.1,2,5,25589144
785871,2677,1831,2,1,641.0,21712.6,0,6,17019027
729451,2494,1678,0,2,40157.0,63818.5,1,13,64012652
620224,2118,1829,2,4,1200.0,42955.7,1,0,0
897273,3056,1825,2,4,14.6,22789.0,6,0,0
130320,437,1317,2,1,3106.0,74002.3,0,13,18505370
331018,1127,2164,2,4,61100.0,58494.2,1,0,0
3665008,4475,2190,0,0,164.9,32082.3,7,0,0
3438583,596,2098,0,0,343.8,90019.5,7,0,0
2626143,8680,1338,2,4,14.6,34316.0,6,0,0
3613038,2504,395,0,0,192.7,54318.3,7,0,0
3613910,2525,1460,0,0,119.9,29324.8,7,0,0
1045539,3575,490,2,4,2900.0,24806.7,1,0,0
801177,2732,545,2,4,14.6,38062.3,6,0,0
671566,2293,1709,2,1,2332.0,36036.8,5,5,36960655
1766121,5991,1623,2,1,1272.0,47520.9,8,7,49866914
3633230,3112,1429,0,0,290.5,61912.1,7,0,0
3658399,3874,1125,0,0,100.9,17042.1,7,0,0
126815,426,2111,2,1,7497.0,23190.1,5,1,9528249
3463055,2665,2068,0,0,77.5,22593.2,7,0,0
1093027,3737,1468,2,1,29.0,32248.9,0,2,26807791
3588864,1778,2006,0,0,206.2,47280.7,7,0,0
780284,2660,409,0,3,1800.0,22500.0,1,0,0
1159835,3971,2129,2,4,14.6,63494.6,6,0,0
364678,1239,1893,2,1,3744.0,17219.9,5,6,83388852
527047,1799,1807,0,2,5101.0,26304.0,2,12,14614099
3576392,1402,1368,0,0,123.2,30008.1,7,0,0
463807,1578,1830,2,1,1825.0,40428.6,5,11,44909232
341547,1159,1853,2,4,3480.0,20635.6,1,0,0
2698870,8931,2062,0,3,5193.0,62254.9,1,0,0
180196,610,976,1,4,23159.0,30178.4,1,0,0
3667661,4907,668,0,0,165.5,42440.9,7,0,0
1104354,3772,2133,2,4,13900.0,22718.0,1,0,0
248377,854,982,2,1,382.0,26688.5,5,1,21777671
1263799,4321,2003,2,4,63700.0,73711.3,1,0,0
573435,1951,2074,2,1,709.0,47784.5,5,11,67909365
290145,994,2174,0,3,500.0,48293.5,1,0,0
3668237,5001,1125,0,0,105.0,47765.0,7,0,0
467130,1590,2011,2,1,1025.0,32191.8,0,12,79533683
624640,2132,1868,0,3,21526.0,47577.0,1,0,0
3635490,3179,2129,0,0,131.7,32260.1,7,0,0
717494,2457,1934,0,3,500.0,21597.5,1,0,0
3452025,5387,2159,2,4,11.4,1296.0,4,0,0
1104160,3772,2016,0,3,23574.0,41524.2,1,0,0
1747540,5927,941,2,4,14.6,12945.0,6,0,0
2567189,8475,1344,0,3,6492.0,33819.4,1,0,0
2885370,9548,2178,2,4,500.0,91463.6,1,0,0
3453379,6158,1703,0,0,215.7,60244.0,7,0,0
1138929,3892,1735,2,4,1170.0,3917.0,1,0,0
3442610,1518,607,0,0,176.2,44285.8,7,0,0
463719,1578,980,0,2,4128.0,28086.7,2,9,93567275
1958983,6636,1077,2,4,2000.0,85538.6,0,0,0
2797870,9265,1839,0,3,41253.0,99366.3,1,0,0
501831,1710,1809,2,4,450.0,38459.8,1,0,0
3576408,1402,1856,0,0,160.8,31944.7,7,0,0
522027,1781,1641,2,4,14.6,54300.2,6,0,0
3587267,1728,2068,0,0,88.5,21296.1,7,0,0
3622345,2773,1491,0,0,157.2,33116.8,7,0,0
2593566,8566,1540,2,4,3600.0,20105.6,1,0,0
288452,989,712,2,1,2262.0,22592.8,5,2,77140342
1064266,3636,2188,2,4,2400.0,63571.6,1,0,0
2301760,7594,1491,2,4,14.6,22025.0,6,0,0
1038713,3552,1925,2,1,602.0,78904.4,3,9,57125264
3533933,102,2098,2,4,1.5,21924.6,4,0,0
914272,3115,1391,2,4,900.0,23802.3,1,0,0
3566177,1081,1976,0,0,82.7,20725.6,7,0,0
1689431,5726,1441,2,4,3600.0,46108.3,1,0,0
133261,446,1113,2,5,2200.0,50975.7,1,0,0
669679,2285,2114,0,3,1800.0,53144.4,1,0,0
3439284,761,1399,0,0,106.3,29878.5,7,0,0
697812,2386,1864,2,1,1797.0,50174.3,0,6,16295147
756320,2581,1223,2,1,4769.0,40237.9,5,8,81132262
3182554,10558,2098,2,4,14.6,96163.3,6,0,0
179855,609,1317,2,1,732.0,18836.8,1,2,14562350
1165422,3993,1238,2,4,13500.0,38910.2,1,0,0
3446509,1330,2190,0,0,67.0,26159.7,7,0,0
3625480,2872,1733,0,0,47.7,10680.9,7,0,0
1008168,3442,1956,2,1,2230.0,16923.3,5,4,78622638
950467,3240,1772,2,1,298.0,8426.0,3,8,47667419
3589309,1792,698,0,0,116.6,28109.9,7,0,0
919732,3134,1519,2,4,14.6,32233.1,6,0,0
1779083,6034,1831,0,3,21122.0,84687.8,1,0,0
518170,1770,1480,2,4,1000.0,69428.9,1,0,0
73946,244,2068,2,4,14.6,51312.3,6,0,0
29796,96,1758,2,4,10100.0,64868.4,1,0,0
3680693,7184,1246,0,0,164.1,35840.1,7,0,0
195396,662,1375,2,1,3330.0,16468.1,5,11,32952279
1132473,3869,2060,0,3,13200.0,65098.4,1,0,0
792336,2700,1338,2,4,14.6,26821.4,6,0,0
2687729,8896,1575,0,3,48253.0,116959.2,1,0,0
9905,34,1429,1,4,11065.0,48874.7,1,0,0
238942,816,1832,2,1,4514.0,106088.4,5,9,67616367
2968883,9833,2106,0,2,48816.0,101400.3,1,13,57457953
761003,2597,1862,2,1,1957.0,43699.7,0,7,7596224
170757,572,1500,2,4,900.0,35832.9,1,0,0
893889,3047,545,2,4,14.6,17138.4,6,0,0
141289,472,1409,2,4,11200.0,38301.0,1,0,0
156517,523,1825,2,4,14.6,70757.3,6,0,0
1143025,3909,1525,2,1,617.0,37872.4,3,13,73936581
716432,2454,1747,0,3,1700.0,28766.9,1,0,0
871696,2970,1958,0,3,9658.0,29411.7,1,0,0
81930,274,741,2,4,5920.0,33978.0,1,0,0
621906,2122,1622,2,1,7663.0,87682.1,5,11,7883274
2502720,8261,770,2,1,2163.0,31134.6,0,6,89226317
799196,2725,1561,0,3,20250.0,21350.0,1,0,0
2567331,8475,1290,2,1,3833.0,27143.9,0,12,90749495
2412268,7957,2045,2,1,6164.0,76202.8,5,12,45545804
687208,2346,1563,2,1,1939.0,44992.7,0,9,74352502
439377,1493,1058,2,4,1300.0,23774.4,1,0,0
503048,1715,1290,0,3,39836.0,77262.2,1,0,0
534585,1821,1225,0,3,20381.0,51452.8,1,0,0
3574611,1338,1368,0,0,164.1,51206.5,7,0,0
526226,1796,1838,2,1,1809.0,43662.3,5,11,5695713
269749,924,1884,2,4,14.6,16804.7,6,0,0
867451,2953,2045,2,1,2848.0,57556.8,0,11,53719216
1042515,3566,308,2,1,3276.0,27799.6,0,7,22689193
3282323,10906,2088,0,3,19913.0,46140.3,1,0,0
731355,2499,1163,0,3,12200.0,18471.2,1,0,0
76908,255,1672,2,4,23200.0,41143.5,1,0,0
1005092,3430,1587,2,1,2426.0,25862.5,5,4,59314578
1110075,3789,2075,2,4,19500.0,49641.0,1,0,0
1239151,4240,1399,2,4,14.6,23448.1,6,0,0
1148155,3927,1253,2,1,1926.0,24941.2,5,2,14631736
734974,2511,2112,2,1,2696.0,36936.2,5,6,56617802
3628316,2956,1945,0,0,162.0,41245.4,7,0,0
3640860,3337,1945,0,0,205.8,37425.2,7,0,0
502127,1711,1489,0,3,3000.0,24463.9,1,0,0
192961,655,1282,0,3,23625.0,52667.7,1,0,0
36204,116,1835,2,4,19700.0,33331.5,1,0,0
48246,161,1179,2,4,200.0,21057.4,1,0,0
370679,1261,1473,2,1,9222.0,49882.8,5,2,48037660
948077,3231,1865,2,1,2636.0,26461.6,5,11,8378410
32526,104,607,2,4,14.6,16462.6,6,0,0
313907,1071,1847,2,4,4800.0,26055.4,1,0,0
1295517,4424,1641,2,4,14.6,36587.0,6,0,0
3215707,10670,1977,0,3,30649.0,102003.2,1,0,0
3632729,3094,1733,0,0,156.0,42230.1,7,0,0
3682953,10451,1276,0,0,122.5,31993.9,7,0,0
448719,1526,1096,2,4,4560.0,30507.1,1,0,0
2873798,9510,1611,2,4,14.6,41500.6,6,0,0
572521,1948,1623,2,1,6569.0,21646.3,0,8,4367113
23048,75,1404,2,4,9900.0,20489.2,1,0,0
1897693,6425,1287,2,4,5900.0,30360.1,1,0,0
20512,68,1831,2,1,137.0,45813.1,3,10,34692824
758916,2588,1837,0,3,700.0,48560.3,1,0,0
2930064,9703,1185,2,4,14.6,70757.7,6,0,0
991654,3381,1958,2,4,3600.0,33681.0,1,0,0
3469962,4343,1185,0,0,217.0,48289.6,7,0,0
1005290,3431,2048,2,1,8649.0,42979.9,5,9,92135792
303723,1034,2089,2,4,3840.0,16553.1,1,0,0
1863624,6306,1887,0,3,25952.0,72273.3,1,0,0
3601920,2169,1733,0,0,244.8,62238.5,7,0,0
1072409,3664,1505,2,4,22000.0,87598.3,1,0,0
100668,344,1045,2,1,1683.0,43819.6,8,2,77219027
895100,3050,1057,2,5,500.0,30630.9,1,0,0
823327,2804,1827,2,4,1000.0,39740.7,1,0,0
410075,1396,2022,0,3,11600.0,41832.5,1,0,0
986436,3364,1826,2,4,10200.0,62717.8,1,0,0
378054,1286,1063,2,4,100.0,52596.1,6,0,0
31864,102,1672,2,4,14.6,14533.5,6,0,0
3475798,8533,1794,0,0,220.4,54327.0,7,0,0
436204,1482,1894,2,1,2687.0,57328.9,5,6,43270033
864886,2944,1588,2,1,2984.0,13934.5,5,9,674886
3654619,3759,788,0,0,68.2,17987.4,7,0,0
868983,2959,1884,2,4,14.6,5063.5,6,0,0
3535129,143,1641,0,0,98.2,22490.6,7,0,0
1026980,3507,1502,2,1,557.0,46707.1,5,12,42998218
102460,348,1258,2,4,21500.0,44888.0,1,0,0
531981,1812,1808,2,1,1133.0,20279.4,0,3,95304095
3460971,2041,1338,0,0,137.9,30512.0,7,0,0
3515990,9897,1945,0,0,103.6,18987.7,7,0,0
330866,1127,1198,2,5,2300.0,60267.4,1,0,0
3549862,582,1825,0,0,86.4,21188.1,7,0,0
615780,2099,2098,2,4,30.0,34323.8,6,0,0
1067152,3646,2008,2,4,1500.0,53652.2,1,0,0
1130241,3862,2119,2,4,11100.0,50551.8,1,0,0
990976,3378,1915,2,4,14.6,25884.4,6,0,0
1113823,3804,2159,2,4,14.6,34080.8,6,0,0
3136809,10411,1798,0,3,25663.0,85596.8,1,0,0
229258,779,2040,2,4,15400.0,15680.4,1,0,0
343839,1166,498,2,1,4397.0,45888.7,5,3,69850820
3548113,525,2159,0,0,209.7,26752.6,7,0,0
3667137,4803,1368,0,0,129.1,32572.8,7,0,0
1008329,3443,2169,0,2,4133.0,24321.6,2,2,49408882
901568,3072,1833,2,4,2800.0,34290.1,1,0,0
482360,1642,1185,2,4,14.6,16839.0,6,0,0
1028206,3511,2168,0,2,5485.0,26804.4,2,12,12012231
952016,3246,1405,0,3,6932.0,24494.2,1,0,0
1321576,4511,1498,0,3,4800.0,22687.5,1,0,0
143251,479,2159,2,4,14.6,11476.0,6,0,0
998029,3407,2065,2,4,26500.0,34926.1,1,0,0
236141,807,978,0,2,20229.0,53064.2,1,9,19420242
600995,2046,2166,2,1,426.0,28797.4,5,6,85085910
581333,1978,682,2,1,356.0,71134.2,3,6,25988853
151072,504,2091,2,4,630.0,24803.8,1,0,0
335398,1140,1771,0,3,800.0,800.0,1,0,0
7114,27,1086,2,4,2700.0,29564.1,1,0,0
878642,2992,1823,2,4,4920.0,35537.5,1,0,0
3466884,3688,395,0,0,194.5,48278.4,7,0,0
188225,637,2111,0,2,2902.0,13748.4,1,10,94098281
1107400,3782,1989,2,1,10608.0,28908.0,3,1,96572547
3618523,2662,1825,0,0,113.2,27933.6,7,0,0
353811,1201,2049,2,4,2040.0,39039.9,1,0,0
961253,3275,2048,2,1,120.0,12498.8,5,4,91385793
316723,1080,1927,2,1,6185.0,72997.3,5,12,40894991
314454,1073,849,2,4,14.6,24285.1,6,0,0
685569,2341,2141,2,4,1110.0,17404.4,1,0,0
3670913,5442,2006,0,0,222.7,41829.5,7,0,0
3565029,1048,729,0,0,92.0,22124.4,7,0,0
107511,365,1443,2,1,11528.0,31225.7,5,9,34196335
951717,3244,1832,2,4,630.0,16030.9,1,0,0
191900,651,1960,2,4,3000.0,85895.0,1,0,0
467146,1590,1041,2,1,551.0,38784.0,3,10,99553811
651091,2225,1618,2,4,4100.0,14477.8,1,0,0
3344891,11111,587,2,1,4736.0,17456.7,5,2,17909336
3551694,640,1338,0,0,111.8,27768.5,7,0,0
2304896,7606,1190,2,1,5856.0,82537.1,0,2,41400957
389735,1325,2068,2,4,14.6,19084.2,6,0,0
3634032,3134,637,0,0,221.7,43220.2,7,0,0
3454247,7011,1733,0,0,243.6,53900.5,7,0,0
3513332,9645,1733,0,0,158.0,29434.4,7,0,0
2586492,8547,1475,2,4,3300.0,50018.9,1,0,0
539095,1833,2108,0,2,6646.0,44929.3,2,1,29164803
2862304,9472,2058,2,4,3000.0,30954.0,1,0,0
3548216,528,1856,0,0,66.7,12833.4,7,0,0
3445509,417,2006,0,0,182.0,50569.5,7,0,0
604950,2059,1825,2,4,14.6,32904.7,6,0,0
3149652,10451,1860,0,3,3300.0,14843.4,1,0,0
843195,2869,1672,2,4,14.6,22381.5,6,0,0
963403,3283,880,2,4,14.6,26497.9,6,0,0
3453115,6051,364,0,0,106.1,26926.5,7,0,0
644828,2201,1476,2,4,150.0,16808.9,1,0,0
425162,1444,2074,0,2,3037.0,53448.8,1,10,96897166
3537789,220,1063,0,0,59.3,12149.6,7,0,0
655542,2241,1617,2,1,16.0,54559.1,3,11,84126734
174678,588,1321,2,1,3141.0,19251.4,5,1,29001635
22504,73,1001,2,4,11300.0,31511.3,1,0,0
871451,2968,1845,2,4,12700.0,24725.6,1,0,0
809730,2759,2021,2,4,20000.0,45848.0,1,0,0
27308,90,1470,2,1,361.0,33025.5,0,13,2028567
431133,1465,1108,0,2,3183.0,24521.4,1,3,15611237
413876,1406,1976,2,4,14.6,16009.6,6,0,0
543173,1848,2165,0,3,7815.0,35868.4,1,0,0
1265680,4328,1762,2,4,6900.0,28337.1,1,0,0
1211134,4144,1896,2,4,3400.0,32132.4,1,0,0
3463111,2675,972,0,0,175.3,22846.4,7,0,0
206787,702,705,0,2,4220.0,20896.1,2,3,40635764
960961,3273,1992,2,4,57800.0,25387.0,1,0,0
1262870,4318,462,2,4,9200.0,100728.0,1,0,0
149114,497,972,2,4,14.6,55424.5,6,0,0
567309,1931,554,2,1,1302.0,22781.7,3,1,90722965
1268138,4337,1580,2,4,14.6,36523.7,6,0,0
30162,97,1280,2,4,13800.0,36618.2,1,0,0
600669,2044,1921,2,4,15000.0,55142.8,1,0,0
33245,107,2080,2,1,2015.0,42212.9,5,5,67744958
302527,1030,1712,2,1,1050.0,23918.6,0,12,98720079
1223618,4190,2081,2,1,2901.0,26502.7,5,9,51522499
1047441,3582,2173,0,2,2942.0,17749.3,1,3,81702202
426349,1449,250,0,3,4711.0,5511.0,1,0,0
1165513,3994,1525,0,3,48638.0,110219.9,1,0,0
421317,1429,885,0,2,3250.0,22845.2,1,10,70004778
1531055,5215,2168,0,3,23230.5,70679.8,1,0,0
440201,1496,1805,2,1,161.0,52746.1,0,4,36367225
177448,599,1863,2,1,967.0,23533.5,0,7,75048130
391792,1332,2129,2,4,14.6,91612.5,6,0,0
1962845,6649,1720,0,3,20944.0,89076.1,1,0,0
3588470,1770,1063,0,0,255.3,62792.8,7,0,0
1013949,3466,1843,2,4,1800.0,69785.9,1,0,0
726607,2486,1801,0,3,31499.0,49275.0,1,0,0
3449853,4014,1915,0,0,245.3,50925.2,7,0,0
639563,2182,1982,0,3,11841.0,49733.4,1,0,0
611244,2082,1380,2,1,1782.0,21372.5,0,2,92538064
144793,485,582,2,1,1591.0,59193.9,0,12,56978738
3569475,1177,2190,0,0,129.7,39485.6,7,0,0
216176,734,1368,2,4,14.6,18651.2,6,0,0
1083736,3701,641,2,4,3680.0,21704.4,1,0,0
584704,1990,1378,2,1,2168.0,20099.2,1,12,24609065
3534483,118,1856,0,0,139.3,36858.1,7,0,0
2309034,7618,1683,2,4,12900.0,34329.6,1,0,0
725181,2482,618,2,1,55.0,37640.2,0,2,27061575
3602198,2177,1856,0,0,67.6,16205.4,7,0,0
1046772,3580,1106,0,3,14631.0,52376.0,1,0,0
184287,626,1193,0,3,5459.0,42612.0,1,0,0
796680,2713,1429,2,4,14.6,37156.6,6,0,0
778296,2652,2018,0,3,1000.0,17997.0,1,0,0
3619846,2700,2190,0,0,107.6,21162.3,7,0,0
3599076,2072,1063,0,0,329.3,81186.3,7,0,0
195356,662,1981,0,3,7522.0,33267.7,1,0,0
873380,2974,2068,2,4,14.6,43216.7,6,0,0
341414,1159,1162,0,3,10874.0,34549.2,1,0,0
975826,3325,2124,1,4,22528.0,21383.2,1,0,0
299255,1019,1833,2,1,629.0,30443.3,3,10,88047855
260361,892,281,0,2,6177.0,32458.0,2,5,90831237
702981,2409,1503,0,3,10295.0,40559.1,1,0,0
1118130,3820,774,2,1,8054.0,22803.4,5,11,41454017
1037234,3548,1008,0,2,6022.0,24977.7,2,7,66209596
594983,2025,1566,2,4,2520.0,25805.4,1,0,0
965634,3290,1438,0,3,200.0,200.0,1,0,0
607520,2068,286,2,1,1405.0,25733.4,0,12,6661606
1046096,3577,1946,2,4,3600.0,36781.8,1,0,0
964620,3287,740,2,4,1800.0,29630.9,1,0,0
737263,2519,126,0,2,5544.0,22676.0,2,4,5454445
2539508,8381,2027,0,3,27033.0,45732.8,1,0,0
481826,1641,1502,0,3,33593.0,48022.9,1,0,0
741465,2531,1891,2,1,1614.0,21336.5,5,6,74343323
494915,1687,2068,2,4,14.6,9383.2,6,0,0
865048,2944,2095,2,4,500.0,46690.8,1,0,0
3633103,3108,333,0,0,73.2,18259.0,7,0,0
3564813,1040,1825,0,0,178.8,36974.6,7,0,0
541741,1843,1801,0,2,26448.0,66237.4,1,9,76294219
90185,304,1899,2,4,8600.0,37095.0,1,0,0
101070,345,1226,2,1,8819.0,32355.1,5,9,68522327
102827,350,1884,2,4,14.6,17152.0,6,0,0
2438540,8039,1568,2,4,9300.0,89495.7,1,0,0
2044922,6930,1510,2,4,19200.0,42330.7,1,0,0
846283,2881,1399,2,4,14.6,41868.7,6,0,0
601335,2047,1711,2,4,1600.0,42522.5,1,0,0
2735986,9051,1921,0,3,3600.0,14645.9,1,0,0
12842,43,2050,0,3,23908.0,63112.4,1,0,0
897504,3058,1563,0,3,19513.0,61337.0,1,0,0
340945,1157,1195,2,4,6000.0,28658.2,1,0,0
1135406,3880,1468,2,4,2320.0,25879.9,1,0,0
3631790,3064,1368,0,0,133.9,29533.2,7,0,0
237118,810,1867,2,1,2076.0,11863.2,5,11,99310320
938179,3201,2077,2,1,3352.0,44828.6,5,13,11025113
1035860,3542,1550,2,4,14.6,26247.9,6,0,0
3080923,10215,1895,0,3,14311.0,69768.6,1,0,0
646837,2210,2006,2,4,14.6,39516.4,6,0,0
678472,2318,859,2,1,251.0,68140.8,0,5,71377277
433515,1473,1831,2,1,1984.0,17006.1,5,9,28500956
1156453,3956,1839,2,1,892.0,46464.1,0,5,23786348
876804,2987,1800,0,3,35323.5,58108.7,1,0,0
3580661,1526,1460,0,0,177.2,46319.8,7,0,0
101510,346,1561,2,1,7875.0,64000.1,5,6,13685655
3412019,11325,1488,0,3,9801.0,46729.6,1,0,0
1531430,5215,1085,2,4,2560.0,34103.4,1,0,0
535556,1824,1950,2,1,9515.0,41659.5,0,2,62974762
564120,1919,1338,2,4,14.6,67894.4,6,0,0
1144558,3915,1441,2,1,9510.0,52338.2,5,4,25808733
533331,1816,827,2,1,2824.0,10495.5,5,7,50690215
121601,408,734,2,4,1560.0,30625.2,1,0,0
231265,787,1803,2,1,122.0,23108.2,0,8,81038975
510175,1747,1921,2,1,871.0,12413.5,5,7,87503873
616629,2102,1652,2,1,5662.0,34314.1,5,6,57302659
408238,1390,2078,2,1,1011.0,29595.3,5,1,35191500
3517894,10093,2129,0,0,106.7,24165.6,7,0,0
3538313,234,760,0,0,76.0,13463.0,7,0,0
720917,2469,1867,2,1,2220.0,16478.0,5,5,48410499
252003,863,1679,1,4,9380.0,101337.8,1,0,0
395645,1345,1135,2,1,848.0,41947.3,0,1,89492493
706181,2419,544,0,3,41694.0,85893.0,1,0,0
848701,2890,1402,2,4,16100.0,24751.6,1,0,0
503635,1718,2048,2,4,5400.0,46335.9,1,0,0
513559,1757,1002,2,4,14.6,64209.9,6,0,0
1022777,3491,1804,2,1,776.0,52058.1,0,9,61091714
54025,180,1116,2,4,2100.0,34154.4,1,0,0
2357146,7774,556,0,3,800.0,25491.6,1,0,0
689873,2357,1380,0,2,6434.0,26173.3,2,8,34144538
918071,3129,1928,2,4,2400.0,16147.0,1,0,0
774158,2642,2019,2,1,792.0,15015.0,5,5,2104819
617773,2107,2098,2,4,14.6,38691.2,6,0,0
816554,2780,1482,2,4,7200.0,32207.5,1,0,0
1838588,6226,476,2,4,33600.0,65942.0,1,0,0
485442,1653,1736,2,4,17600.0,59989.9,1,0,0
722610,2473,1563,2,4,150.0,16749.0,1,0,0
3605633,2287,2037,0,0,144.5,38691.9,7,0,0
1018064,3478,1703,2,4,14.6,32014.5,6,0,0
2108132,7136,1225,2,1,1080.0,47231.8,5,10,35699868
3506835,9041,515,0,0,145.2,41138.4,7,0,0
427544,1452,1154,2,4,14.6,45577.0,6,0,0
343558,1165,2173,0,3,20138.0,28552.6,1,0,0
703547,2411,795,0,3,22183.0,65511.1,1,0,0
712128,2434,1429,2,4,14.6,13327.2,6,0,0
2521935,8321,1441,2,1,1484.0,36496.9,8,1,48114669
81283,273,1014,2,1,5965.0,23894.8,5,8,80156594
2768164,9159,1579,2,4,4900.0,32457.5,1,0,0
83799,280,2081,2,1,3334.0,46451.6,5,6,10603589
508721,1740,1686,2,4,2400.0,18250.0,1,0,0
998133,3408,738,0,3,20521.0,64598.2,1,0,0
3578709,1469,1641,0,0,96.3,24042.1,7,0,0
3353850,11138,2165,2,4,5400.0,35211.7,1,0,0
3607703,2350,2098,0,0,157.8,63343.2,7,0,0
210687,716,1594,0,3,19652.0,56827.3,1,0,0
203251,689,2169,2,1,16.0,29081.7,0,5,93874132
323979,1106,1976,2,4,30.0,10210.3,6,0,0
470671,1603,799,0,3,7611.0,33939.3,1,0,0
776947,2649,1100,2,1,177.0,37926.4,3,10,86506151
2571790,8489,1246,2,4,14.6,29491.1,6,0,0
1754795,5952,999,2,4,5100.0,47311.9,1,0,0
897494,3058,1259,0,3,29269.5,68424.2,1,0,0
1165714,3995,1077,0,3,14710.0,39713.5,1,0,0
843283,2870,2051,0,3,8777.0,51384.6,1,0,0
1013905,3466,1800,2,1,742.0,51681.6,3,6,32844662
614575,2095,1338,2,4,14.6,34900.7,6,0,0
976432,3327,583,2,1,4270.0,32758.9,0,3,12969375
593180,2019,2079,2,4,780.0,13658.3,1,0,0
3170413,10520,1866,2,4,8800.0,47397.7,1,0,0
1504410,5129,1563,2,4,17500.0,87634.9,5,0,0
198474,673,2045,2,1,4586.0,27133.2,5,6,71669763
985220,3361,1740,0,3,9231.0,63657.0,1,0,0
3641091,3348,941,0,0,184.5,48875.6,7,0,0
1322279,4514,898,1,4,17985.0,43884.6,1,0,0
1049082,3588,2077,0,2,6679.0,24557.2,2,1,71433156
3284282,10911,1200,1,4,14546.0,25419.1,1,0,0
3639357,3286,1945,0,0,325.2,82131.7,7,0,0
22498,73,821,2,4,6500.0,29693.0,1,0,0
408796,1392,1526,2,1,4216.0,82057.2,0,10,15265077
711741,2433,1399,2,4,14.6,30889.7,6,0,0
939066,3205,1380,0,2,4366.0,22918.8,2,2,86882507
609807,2076,1655,2,1,382.0,15698.3,5,8,71402716
950917,3241,1491,2,4,14.6,35949.0,6,0,0
1958975,6636,823,2,4,2300.0,25176.5,0,0,0
224775,765,2171,2,4,2500.0,52529.2,1,0,0
3459971,256,1002,0,0,228.6,57486.5,7,0,0
1014879,3469,649,2,1,2554.0,19448.5,5,7,92487829
436362,1482,2129,2,4,14.6,49522.1,6,0,0
356924,1210,1801,0,3,30388.0,72651.6,1,0,0
1086238,3711,2006,2,4,14.6,-6176.6,6,0,0
3658880,3891,1550,0,0,196.2,43634.0,7,0,0
3611975,2479,303,0,0,21.0,7107.9,7,0,0
756463,2581,819,2,4,14.6,49414.1,6,0,0
248008,852,2086,2,4,1200.0,17801.4,1,0,0
3524481,10788,1368,2,4,12.1,596.5,4,0,0
164451,550,2137,0,2,5880.0,17766.6,2,10,55781102
3439611,904,1641,0,0,363.5,91934.6,7,0,0
3447984,2305,1945,2,4,80.0,-5776.5,4,0,0
3662974,4131,1276,0,0,151.0,35068.0,7,0,0
729157,2493,1090,2,4,2720.0,46170.8,1,0,0
3611499,2466,1580,0,0,52.9,21195.8,7,0,0
1267849,4337,613,0,3,30241.0,85394.3,1,0,0
633427,2163,1893,2,1,2791.0,35014.2,0,10,64506924
166858,558,1481,2,4,1200.0,19540.2,1,0,0
2572347,8492,768,2,1,4403.0,16467.9,5,10,72004610
162211,542,988,2,4,720.0,14236.5,1,0,0
102446,348,1945,2,4,14.6,60248.4,6,0,0
1009657,3449,1542,0,3,28514.0,66809.7,1,0,0
3620827,2733,2006,0,0,147.2,28857.9,7,0,0
430930,1464,1502,0,3,14427.0,79165.5,1,0,0
3664302,4408,1794,0,0,256.2,55363.4,7,0,0
763786,2608,1070,2,4,7700.0,28568.3,1,0,0
453409,1540,1320,2,1,3057.0,34399.4,0,11,76470201
557310,1896,545,2,4,14.6,5542.7,6,0,0
1611072,5472,1580,2,4,14.6,17886.9,6,0,0
3504871,8896,1856,0,0,141.1,25762.7,7,0,0
230300,784,1472,2,1,701.0,23578.3,0,1,51943343
1307117,4463,1641,2,4,14.6,20006.8,6,0,0
517027,1767,955,2,1,2266.0,39060.1,5,10,54714965
676505,2310,1919,2,4,500.0,44623.9,1,0,0
1563202,5313,1368,2,4,14.6,24889.6,6,0,0
883870,3011,1958,2,1,2042.0,15581.4,5,4,88863443
650513,2222,1672,2,4,14.6,30472.2,6,0,0
943310,3218,1529,2,1,1449.0,13889.9,5,1,79115420
1112557,3799,1641,2,4,14.6,19163.2,6,0,0
527220,1800,1557,0,3,19373.0,41426.7,1,0,0
341640,1159,524,2,4,11000.0,36295.7,1,0,0
468841,1596,2164,2,1,1997.0,26179.9,0,8,20661324
507773,1734,1976,2,4,14.6,58445.2,6,0,0
3245145,10774,1916,0,3,6400.0,33212.8,1,0,0
716305,2453,2159,2,4,14.6,28111.1,6,0,0
515148,1762,648,0,3,18908.0,44137.8,1,0,0
498940,1700,2044,2,1,6765.0,49946.4,5,1,93968033
17,1,1198,0,2,3679.0,17656.8,1,1,41403269
1127666,3852,1717,0,3,200.0,200.0,1,0,0
212276,720,2182,2,4,3480.0,14850.1,1,0,0
1050298,3593,1319,0,3,15787.0,45740.0,1,0,0
996880,3402,894,2,4,13300.0,50356.3,1,0,0
372772,1269,1730,2,4,3840.0,21647.9,1,0,0
3583593,1619,1825,0,0,121.2,31243.1,7,0,0
965443,3289,928,2,4,4680.0,31094.5,1,0,0
3651583,3674,1519,0,0,234.2,49143.2,7,0,0
1304920,4456,2049,2,1,5353.5,62698.5,8,5,41103047
394832,1342,2151,2,4,2100.0,34800.6,1,0,0
4360,18,1246,2,4,30.0,17734.6,6,0,0
3444417,3223,1915,0,0,234.5,30279.5,7,0,0
16897,57,1324,2,4,4600.0,23637.9,1,0,0
181881,617,1930,2,4,6300.0,32026.3,1,0,0
1505808,5133,2110,2,1,4755.0,25891.8,8,7,16182625
671572,2293,1890,2,1,2332.0,19068.9,5,5,36960655
1208810,4134,1580,2,4,14.6,51812.9,6,0,0
818781,2788,1166,2,1,3803.0,28715.3,5,8,74001586
3633752,3128,941,0,0,150.6,37546.8,7,0,0
2382831,7857,860,2,1,137.0,79605.0,3,6,92092263
1493512,5092,1276,2,4,14.6,14114.8,6,0,0
188156,636,1764,2,4,14.6,14443.2,6,0,0
3663793,4330,1063,0,0,196.9,27383.1,7,0,0
598340,2037,435,2,1,762.0,38797.5,5,4,62236136
106284,362,1505,0,3,9542.0,31717.8,1,0,0
1073102,3667,1012,2,1,2975.0,20308.7,5,4,41246616
3018252,10001,2077,2,4,9900.0,72149.5,1,0,0
3459766,150,1703,0,0,169.5,42262.3,7,0,0
473890,1613,1429,2,4,14.6,10084.8,6,0,0
861009,2932,993,2,4,27100.0,54680.2,1,0,0
1060251,3624,2012,0,3,15439.0,48455.1,1,0,0
36504,117,760,2,4,14.6,15889.8,6,0,0
1134982,3878,1215,2,4,14.6,18881.1,6,0,0
561543,1910,2136,2,1,2336.0,89813.5,0,3,95706283
730538,2497,1957,2,1,3970.0,23104.3,5,5,38673484
3564474,1027,1884,0,0,76.9,15258.1,7,0,0
652714,2230,1945,2,4,14.6,33929.0,6,0,0
466452,1588,651,2,1,2443.0,24509.5,5,6,66344201
259303,887,972,2,4,14.6,15055.6,6,0,0
3536380,183,698,0,0,100.5,21135.0,7,0,0
508797,1741,1406,0,2,4785.0,28088.6,2,6,25180655
830001,2826,1829,2,4,3480.0,34095.0,1,0,0
594681,2024,1986,0,3,15804.0,37016.2,1,0,0
1053492,3604,524,2,1,3893.0,30023.3,5,10,88427799
1091903,3733,2078,2,4,12200.0,67784.6,1,0,0
3642482,3390,2068,0,0,227.5,49250.5,7,0,0
697407,2384,1945,2,4,14.6,73924.3,6,0,0
3546811,489,729,0,0,156.5,35266.2,7,0,0
116416,393,1317,0,3,24766.0,55592.6,1,0,0
929339,3167,1069,0,3,31886.0,79872.3,1,0,0
46468,154,2006,2,4,4400.0,73208.0,1,0,0
686199,2343,1758,2,4,3600.0,40810.9,1,0,0
2733043,9041,1727,0,3,26089.0,118879.4,1,0,0
78414,261,1623,0,2,3851.0,16983.6,1,3,65610498
725884,2484,1833,2,1,2343.0,27711.8,5,8,3728384
335314,1139,2068,2,4,100.0,53617.5,6,0,0
2910429,9640,1259,0,2,28659.0,51484.8,1,11,13876933
978493,3337,1887,0,3,49691.0,103006.4,1,0,0
470785,1603,2076,2,1,2359.0,33256.0,5,12,92258166
716275,2453,1246,2,4,14.6,26926.3,6,0,0
1111558,3796,1072,0,3,23362.0,57853.4,1,0,0
203996,692,1587,2,4,4920.0,27668.5,1,0,0
245733,843,1739,0,3,100.0,21100.0,1,0,0
911792,3108,740,2,4,1080.0,14613.1,1,0,0
3628630,2965,1611,0,0,74.5,17243.0,7,0,0
743893,2540,1030,2,4,2600.0,31008.5,1,0,0
969046,3302,1764,2,4,14.6,48234.6,6,0,0
1075415,3674,1915,2,4,14.6,69584.8,6,0,0
925310,3153,1861,2,1,2001.0,43324.2,0,8,43252468
2730996,9034,1399,2,4,14.6,30974.5,6,0,0
1005442,3432,1560,0,3,4102.0,20791.4,1,0,0
2257602,7449,2129,2,4,5160.0,38106.2,1,0,0
137681,461,1632,2,4,3760.0,40747.5,1,0,0
849119,2893,1807,2,4,450.0,22370.9,1,0,0
3470311,4379,1550,0,0,75.7,19857.7,7,0,0
195350,662,1799,0,3,7522.0,28771.0,1,0,0
3039811,10079,1033,2,4,14.6,51613.7,6,0,0
2850522,9433,1839,2,4,4800.0,37563.8,1,0,0
458301,1558,1550,2,4,14.6,23164.8,6,0,0
867685,2954,1844,2,4,1600.0,54233.4,1,0,0
402290,1370,1863,0,2,5800.0,30512.9,2,8,22142768
351437,1194,1623,0,3,33198.0,67917.7,1,0,0
1107808,3784,1407,2,1,1583.0,21398.7,5,5,70703857
1265690,4328,2062,2,4,7200.0,15565.3,1,0,0
562669,1914,1740,2,1,2046.0,61026.8,0,11,9548128
16577,56,1848,2,4,1680.0,32666.4,1,0,0
828964,2823,1135,2,1,2210.0,16134.7,1,4,22294932
3635598,3183,2037,0,0,116.5,29878.2,7,0,0
363250,1235,2042,2,1,1843.0,16798.4,5,9,36736953
720230,2466,1741,2,4,14300.0,54278.4,1,0,0
1166591,3998,1622,2,1,1519.0,24491.4,0,6,25096166
1579190,5369,1276,2,4,14.6,-669.5,6,0,0
229653,781,1737,2,4,180.0,14850.5,1,0,0
3657559,3846,2037,0,0,62.2,12522.3,7,0,0
1161390,3977,489,0,2,4636.0,22921.7,2,11,15336639
909002,3096,854,2,1,1619.0,29905.1,0,6,85654091
2505196,8268,1669,2,4,2760.0,24496.0,1,0,0
1041951,3563,1760,2,4,20000.0,38277.4,1,0,0
1650433,5593,1602,2,4,17000.0,57135.5,1,0,0
274571,941,2112,0,3,5807.0,21380.9,1,0,0
923119,3146,1744,2,1,2122.0,16825.4,5,8,91693257
3621182,2741,1580,0,0,346.4,107525.1,7,0,0
678641,2318,1215,2,4,14.6,48782.6,6,0,0
816569,2780,1932,2,4,18000.0,40932.1,1,0,0
3652165,3687,2006,0,0,205.5,48791.2,7,0,0
358387,1217,2169,2,1,151.0,27096.1,5,1,9696394
1013208,3464,2129,2,4,14.6,52915.0,6,0,0
1099556,3756,2107,0,3,38180.0,104725.7,1,0,0
756707,2582,1772,0,3,21884.0,78951.3,1,0,0
130167,437,1045,0,3,21652.0,80634.7,1,0,0
990833,3378,1407,2,1,6387.0,45990.6,5,6,76775717
657640,2247,1684,2,1,3021.0,14576.7,8,11,52448576
647446,2213,576,2,4,14.6,31644.5,6,0,0
148630,496,976,2,4,2640.0,20665.1,1,0,0
722134,2472,1229,2,1,4109.0,63341.3,5,2,61095434
1164814,3990,1499,0,3,36246.0,36546.0,1,0,0
463600,1577,1803,2,4,1410.0,24785.1,1,0,0
1474153,5024,961,0,3,1000.0,1000.0,1,0,0
3633489,3119,1641,0,0,17.8,7469.6,7,0,0
753495,2570,2075,2,4,1050.0,14758.9,1,0,0
165516,553,1096,2,4,2400.0,28935.3,1,0,0
3110638,10320,1033,2,4,14.6,34094.8,6,0,0
2412258,7957,1741,2,1,6164.0,68591.4,5,12,45545804
491052,1675,1368,2,4,14.6,25117.2,6,0,0
1125503,3844,1827,2,4,630.0,20048.0,1,0,0
3537274,206,941,0,0,129.7,32309.7,7,0,0
729598,2494,673,2,1,2247.0,47925.8,3,5,88460433
167111,559,1739,2,1,2175.0,19022.6,5,2,77164244
950167,3239,1926,2,1,8838.0,24444.1,5,9,42712515
251818,863,1901,0,3,9815.0,87470.4,1,0,0
50614,169,1276,2,4,14.6,47631.1,6,0,0
1225316,4195,1658,0,3,39255.0,78516.6,1,0,0
1105534,3777,1869,2,1,1007.0,26272.3,1,1,91688686
439694,1495,1229,2,1,3059.0,73346.3,5,5,9478509
482929,1644,1529,2,1,2534.0,44811.4,5,3,89781009
3249395,10789,1896,2,1,3813.7,31030.2,8,5,33691179
821149,2797,1951,0,3,18523.0,37752.1,1,0,0
490978,1675,317,2,4,720.0,25708.8,1,0,0
3608974,2387,1856,0,0,56.2,13558.2,7,0,0
1504317,5129,1491,0,3,20954.0,68001.2,1,0,0
594138,2023,1564,2,1,1687.0,63296.2,5,2,12073362
3612822,2498,1399,0,0,106.7,24972.6,7,0,0
242575,830,608,2,4,10400.0,42822.6,1,0,0
3134899,10404,2164,2,1,100.0,27199.1,3,1,21209323
531444,1811,1592,2,1,3990.8,19036.8,8,3,84066038
1853222,6273,2181,0,3,1400.0,48884.6,1,0,0
98357,336,1472,2,4,2000.0,33149.8,1,0,0
3616695,2608,1856,0,0,102.6,19494.4,7,0,0
598480,2037,1479,2,4,7040.0,31123.9,1,0,0
257942,884,2042,2,1,2259.0,23947.0,1,1,15814888
653226,2233,1399,2,4,14.6,25071.6,6,0,0
554681,1888,1740,2,1,510.0,46990.2,5,8,88992631
1271293,4347,752,2,4,450.0,18471.4,1,0,0
689122,2353,1513,2,4,1500.0,34391.3,1,0,0
2477497,8173,910,2,4,14.6,21992.6,6,0,0
212320,720,2037,2,4,14.6,15284.6,6,0,0
3624359,2841,395,0,0,109.6,15464.6,7,0,0
977423,3330,1818,2,4,5100.0,28533.9,1,0,0
683053,2331,1717,2,1,667.0,19409.7,5,4,30773931
158042,528,2140,2,1,2916.0,18821.5,5,5,11964172
3577890,1443,1945,0,0,185.7,39508.0,7,0,0
236215,807,1772,2,1,12579.0,43708.5,5,5,21882123
781365,2664,1968,2,4,600.0,68322.5,1,0,0
3600376,2121,1399,0,0,200.2,39017.9,7,0,0
19713,66,1356,2,4,30200.0,60915.2,1,0,0
3659854,3920,1094,0,0,366.7,57647.8,7,0,0
810316,2762,1809,2,4,3100.0,49374.0,1,0,0
1121928,3833,1744,2,4,13500.0,42559.7,1,0,0
940993,3212,1957,2,1,68.0,65817.2,0,7,77462422
3466009,3503,1825,0,0,287.9,61737.8,7,0,0
1113248,3803,1624,0,3,11674.0,30832.2,1,0,0
2610910,8625,851,2,4,11400.0,41404.4,1,0,0
100846,344,694,2,4,5400.0,32307.8,1,0,0
1974269,6688,1771,2,4,2500.0,40207.2,1,0,0
1113703,3804,755,2,4,4800.0,19956.1,1,0,0
712145,2434,1945,2,4,14.6,18896.0,6,0,0
3628228,2952,2006,0,0,57.8,13646.0,7,0,0
1133310,3872,2129,2,4,14.6,34212.6,6,0,0
3437833,486,1794,0,0,218.9,51587.2,7,0,0
262640,899,401,0,2,16266.0,35547.7,1,9,61017179
3586043,1689,637,0,0,98.7,21902.4,7,0,0
2912613,9645,1868,2,1,4893.0,23242.9,8,3,71165287
615599,2099,1773,0,3,20219.0,65184.7,1,0,0
986149,3364,1706,0,3,28658.0,95135.1,1,0,0
235677,804,1581,2,4,6200.0,32056.5,1,0,0
3619422,2689,1825,0,0,253.6,53989.6,7,0,0
1602553,5442,1445,0,3,43991.0,67925.3,1,0,0
682135,2328,1989,0,2,6765.0,68032.3,2,9,59922486
578853,1970,1471,2,5,3500.0,57784.0,1,0,0
899920,3066,1619,2,1,3241.0,45711.1,5,2,50533449
847860,2887,2143,2,1,5645.0,53219.1,5,6,73852997
1523899,5194,1702,2,4,5900.0,49066.0,5,0,0
637112,2176,252,0,3,31683.0,104380.2,1,0,0
1908165,6463,1948,2,4,40700.0,117280.7,1,0,0
515767,1763,1500,0,3,22782.0,56847.0,1,0,0
1857764,6289,2095,0,3,48656.0,76663.3,1,0,0
46252,154,1007,2,1,3891.0,33963.0,5,7,1314569
602942,2052,1440,2,1,263.0,51040.0,3,8,20428276
3568378,1144,1460,0,0,74.9,16762.9,7,0,0
461979,1570,1069,0,2,4298.0,27039.6,2,6,59994321
1195358,4093,2054,0,3,700.0,20789.4,1,0,0
978654,3338,1319,0,3,13996.0,31986.7,1,0,0
2592519,8564,494,2,4,11500.0,33099.9,1,0,0
3602413,2186,1185,0,0,89.1,22205.5,7,0,0
858606,2926,159,2,1,868.0,48138.3,3,4,88491463
101626,346,423,2,4,14.6,22360.1,6,0,0
2107050,7133,910,2,4,14.6,27985.8,6,0,0
1126332,3847,1063,2,4,14.6,34035.6,6,0,0
83811,280,252,2,1,4694.0,19992.1,0,11,1495051
48164,161,856,2,4,3680.0,22184.4,1,0,0
3438190,553,1733,0,0,100.0,25061.0,7,0,0
648714,2218,1465,0,2,41038.0,76748.7,1,1,41058838
863517,2940,2073,2,1,7156.0,22963.1,5,10,12957185
188739,639,1767,0,3,500.0,500.0,1,0,0
958211,3264,1125,2,4,14.6,14174.8,6,0,0
988482,3370,1108,2,4,1800.0,46189.3,1,0,0
883051,3008,1435,0,2,6934.0,44227.5,2,9,33148783
465685,1584,384,2,4,150.0,15502.8,1,0,0
76065,253,1398,2,4,21400.0,45269.9,1,0,0
43249,145,1952,0,3,7223.0,63417.0,1,0,0
764051,2609,2026,1,4,5614.0,45780.9,1,0,0
107887,365,729,2,4,14.6,18723.6,6,0,0
748803,2553,1733,2,4,14.6,16322.7,6,0,0
479514,1634,1154,2,4,14.6,39245.5,6,0,0
3414442,11333,523,0,3,28027.0,28527.0,1,0,0
1850563,6265,1884,2,4,14.6,19153.4,6,0,0
356414,1207,314,2,4,2760.0,56696.5,1,0,0
2644109,8742,1608,2,4,14700.0,40394.4,1,0,0
22041,72,1954,1,4,2074.0,60130.2,1,0,0
453544,1540,972,2,4,14.6,47670.2,6,0,0
45559,152,2169,2,1,2993.0,18988.4,0,8,16610890
728136,2489,637,2,4,14.6,27384.4,6,0,0
680014,2321,1512,2,4,27200.0,65352.8,1,0,0
738779,2523,413,2,4,390.0,24685.6,1,0,0
196358,666,1682,0,3,14658.0,55005.3,1,0,0
2382557,7857,1286,0,2,38109.0,87404.2,1,9,77844226
415114,1410,788,2,4,14.6,59666.2,6,0,0
3592982,1895,1460,0,0,171.3,44233.5,7,0,0
604870,2059,1484,2,5,1400.0,28212.1,1,0,0
357734,1213,1764,2,4,14.6,24260.3,6,0,0
373644,1272,668,2,4,30.0,-461.7,6,0,0
3634063,3134,1580,0,0,161.3,38981.5,7,0,0
655525,2241,1100,2,1,16.0,39493.1,3,11,84126734
381782,1297,1586,2,1,2878.0,55308.4,5,5,23392784
3615308,2562,1703,0,0,64.6,15932.6,7,0,0
1138572,3891,1915,2,4,14.6,56765.8,6,0,0
3493942,7907,1368,0,0,91.8,31972.2,7,0,0
715839,2451,1986,2,1,6944.0,30246.0,5,5,55826187
1064780,3637,2037,2,4,14.6,57977.7,6,0,0
378701,1288,1499,0,2,6059.0,19951.6,2,6,7797551
310855,1059,1655,2,1,232.0,15061.5,5,2,2758771
835753,2843,1856,2,4,14.6,21260.0,6,0,0
238493,815,382,2,4,720.0,14050.0,1,0,0
2135523,7231,1429,2,4,14.6,72684.5,6,0,0
27265,90,1982,2,1,4372.0,22308.5,3,7,89044069
3457183,9814,1460,0,0,32.0,12158.6,7,0,0
367509,1249,1869,2,1,1361.0,41598.1,3,9,4520500
1166268,3997,750,2,4,1700.0,38499.9,1,0,0
1530613,5213,1259,2,4,23800.0,50253.4,1,0,0
1069619,3654,1713,0,3,19930.0,91565.8,1,0,0
1562682,5313,690,0,3,19553.0,65949.0,1,0,0
330668,1127,247,0,3,23330.0,61464.1,1,0,0
1035956,3543,1314,0,2,3141.0,4041.0,1,5,69468414
35527,114,2081,2,1,533.0,22739.6,0,7,90660798
3652534,3699,364,0,0,249.1,56765.6,7,0,0
420864,1427,2014,2,1,6046.0,50130.2,5,1,54532253
151667,506,1519,2,4,14.6,46198.3,6,0,0
3453873,6715,1641,0,0,167.1,23524.7,7,0,0
3134791,10404,2165,0,3,36932.0,64131.1,1,0,0
734005,2508,1272,2,4,2700.0,14439.6,1,0,0
906446,3089,1869,2,4,5100.0,76129.6,1,0,0
293976,1005,493,0,2,34483.0,75155.6,1,9,48252707
1068701,3651,1832,0,2,5081.0,44888.2,2,12,38447165
846111,2881,981,2,1,4639.0,35747.8,5,13,90429490
771643,2633,1252,0,3,37216.0,81779.7,1,0,0
255639,878,1545,2,4,14400.0,35558.3,1,0,0
1096401,3747,1746,2,1,1500.0,18574.5,3,11,1665688
1596225,5422,1338,2,4,14.6,57115.7,6,0,0
331873,1130,1962,2,4,2000.0,33941.0,1,0,0
3623335,2810,1856,0,0,113.2,27033.7,7,0,0
963317,3283,1837,2,1,8720.0,9221.3,5,6,5958080
245402,842,1715,2,1,3278.0,17575.2,5,5,84613001
185030,627,1246,2,4,14.6,54904.2,6,0,0
179626,608,1491,2,4,14.6,13681.9,6,0,0
1577102,5362,1483,2,4,5100.0,61702.9,1,0,0
3622782,2790,1033,0,0,167.2,39403.4,7,0,0
393833,1338,898,1,4,18119.0,25972.8,1,0,0
410351,1397,333,2,4,14.6,31932.4,6,0,0
51415,172,931,2,4,14300.0,44564.4,1,0,0
336879,1144,364,2,4,14.6,14465.1,6,0,0
175959,594,982,0,2,3081.0,18119.6,1,12,51931703
3555110,748,637,0,0,120.6,27477.6,7,0,0
754284,2574,1562,0,3,14319.0,64971.7,1,0,0
1089526,3723,2006,2,4,14.6,46496.3,6,0,0
469721,1600,1677,0,2,6757.0,24862.7,2,13,17338306
652487,2229,1647,2,4,700.0,20184.8,1,0,0
232595,791,2108,0,2,4854.0,26100.4,2,5,2288568
760022,2592,1863,2,4,800.0,77307.9,1,0,0
222845,757,2149,2,5,3100.0,71196.2,1,0,0
3465869,3480,545,0,0,222.4,54090.3,7,0,0
3601614,2159,1460,0,0,211.8,39787.4,7,0,0
810337,2762,255,2,1,6892.0,70748.1,5,11,85078340
596429,2030,1610,2,4,20300.0,63642.6,1,0,0
2699931,8934,2026,2,4,7800.0,12994.2,1,0,0
550225,1874,2042,2,1,2100.0,25602.8,1,10,15775823
1963042,6649,1128,2,4,11500.0,33152.7,1,0,0
103153,352,1985,2,4,8500.0,15747.4,1,0,0
753869,2572,1983,1,4,7116.0,113348.2,1,0,0
362849,1234,1625,2,1,2236.0,25595.5,5,12,71036088
325006,1109,934,2,4,14100.0,40100.4,1,0,0
414099,1407,1733,2,4,100.0,89965.9,6,0,0
563158,1916,1641,2,4,14.6,18999.3,6,0,0
446858,1517,1733,2,4,14.6,20943.5,6,0,0
3552995,685,1246,0,0,256.1,53518.0,7,0,0
1838351,6226,2075,0,2,39862.0,107528.5,1,11,68360191
3453952,6806,2129,0,0,141.5,33631.7,7,0,0
698781,2390,1586,2,1,2206.0,69471.0,5,6,62916707
3455068,7944,545,0,0,150.1,-1768.0,7,0,0
1531626,5215,1861,2,4,4700.0,57055.8,1,0,0
703392,2410,545,2,4,14.6,21923.2,6,0,0
2347310,7745,2025,2,4,46200.0,75272.7,1,0,0
673712,2302,1436,2,1,1989.0,27326.3,5,13,4605699
497243,1695,758,0,3,36833.0,58778.3,1,0,0
3566290,1086,1641,0,0,67.9,16556.0,7,0,0
626321,2139,1345,2,1,6275.0,29656.4,3,7,30308371
3623236,2806,1703,0,0,71.8,26419.5,7,0,0
3585835,1684,1063,0,0,185.5,53915.8,7,0,0
945439,3223,668,2,4,14.6,53592.6,6,0,0
3395331,11271,1712,2,1,2364.0,23571.4,0,1,31909245
3412481,11327,2106,2,1,3693.0,58664.5,5,13,5815422
663505,2265,1064,2,4,27700.0,47698.9,1,0,0
230647,785,1917,1,4,11314.0,38172.6,1,0,0
3215945,10670,729,2,4,14.6,28668.3,6,0,0
740644,2528,256,2,4,880.0,22744.2,1,0,0
127661,428,646,2,1,3987.0,19260.6,5,7,64758032
1157873,3964,1910,2,4,720.0,14864.4,1,0,0
1272150,4350,1533,2,4,13900.0,94380.5,1,0,0
3553468,697,1094,0,0,291.9,75927.5,7,0,0
1291915,4415,1741,0,3,24324.0,72203.1,1,0,0
2920894,9673,1926,2,1,3684.0,39289.3,5,4,96695422
3495775,8051,180,0,0,214.1,53495.9,7,0,0
2720133,8998,1466,0,3,29792.0,82098.6,1,0,0
286338,982,1505,2,1,148.0,20572.2,3,2,44355207
274923,942,1779,0,3,800.0,32047.0,1,0,0
3646790,3536,607,0,0,17.5,6880.5,7,0,0
781640,2665,321,0,3,1600.0,42870.0,1,0,0
406729,1384,1332,2,4,30100.0,65016.9,1,0,0
662317,2260,1452,2,4,700.0,3269.4,1,0,0
1440997,4907,1738,2,1,1253.0,20757.8,0,1,5604631
3574047,1322,484,0,0,59.9,14608.3,7,0,0
3570526,1211,1460,0,0,188.8,46693.9,7,0,0
415603,1411,519,2,4,5800.0,31824.3,1,0,0
589814,2008,759,2,4,2760.0,23728.9,1,0,0
3458297,10710,1825,0,0,70.1,11731.7,7,0,0
748303,2552,1165,2,1,7035.0,48961.9,5,4,17411059
495790,1690,1320,2,1,3311.0,26190.5,5,13,11582345
3444312,2099,607,0,0,77.3,10832.0,7,0,0
1855459,6281,380,2,4,7500.0,20472.1,1,0,0
1191472,4079,1715,2,1,321.0,19787.8,3,10,81205659
3613090,2504,1976,0,0,208.1,58705.1,7,0,0
819039,2789,644,0,3,12750.0,48576.8,1,0,0
1131749,3868,2103,0,2,5362.0,30218.0,2,6,47036463
408963,1392,927,2,4,17700.0,40393.2,1,0,0
2075074,7033,1580,2,4,14.6,24514.3,6,0,0
183658,624,388,2,4,13500.0,29613.1,1,0,0
713786,2439,2010,2,4,3800.0,15445.6,1,0,0
396880,1350,1940,1,4,8290.0,33251.6,1,0,0
16683,56,1790,2,4,4200.0,31166.3,1,0,0
826918,2817,742,2,4,2900.0,56743.5,1,0,0
85578,287,739,2,1,1572.0,21023.8,0,3,36382317
592586,2017,1712,2,1,816.0,22484.3,0,5,86340266
549135,1871,498,0,2,23035.0,23235.0,1,4,39485311
778987,2655,1683,2,1,1339.0,29068.3,3,6,9168452
1295044,4423,1258,2,1,2051.0,53689.7,8,4,47825217
3654926,3769,2098,0,0,70.2,16304.1,7,0,0
646768,2210,1651,2,1,2553.0,31715.0,5,13,10651153
728665,2491,1775,2,1,1.0,24119.8,5,10,7648384
1145436,3918,1166,0,3,9282.0,22735.1,1,0,0
435291,1479,1770,0,2,3244.0,21872.7,1,4,79756843
3573978,1319,1794,0,0,138.8,50927.8,7,0,0
3620981,2736,2098,0,0,74.7,18531.8,7,0,0
514661,1761,650,2,1,3407.0,25410.9,0,3,69640517
671664,2293,2056,2,4,2560.0,32046.9,1,0,0
2470450,8149,1864,0,3,16700.0,20613.8,1,0,0
912033,3109,1349,1,4,9494.0,21142.2,1,0,0
352428,1197,1029,2,4,270.0,31844.7,1,0,0
754969,2576,1374,2,1,8106.0,40678.4,5,5,24689656
742885,2536,1734,2,4,2880.0,20474.8,1,0,0
151068,504,1512,2,4,300.0,27504.0,1,0,0
3452090,5428,2006,0,0,216.0,27732.0,7,0,0
568338,1934,1134,2,4,3840.0,19318.4,1,0,0
1068517,3650,1794,2,4,14.6,45955.1,6,0,0
702021,2403,2006,2,4,14.6,36499.4,6,0,0
333221,1133,2129,2,4,14.6,17519.3,6,0,0
351180,1193,753,2,4,14240.0,28074.0,1,0,0
63809,212,734,2,1,13841.0,16959.5,5,3,58462047
163970,548,2080,2,1,528.0,19279.0,0,1,56284767
565261,1924,1429,2,4,14.6,27633.1,6,0,0
627163,2142,2014,0,3,18190.0,32157.2,1,0,0
68318,227,1716,2,4,30900.0,28843.5,1,0,0
3123487,10365,1899,0,3,11990.0,72033.7,1,0,0
540463,1837,582,2,4,3480.0,39488.7,1,0,0
1157189,3960,2160,2,4,1400.0,23721.1,1,0,0
190573,648,1525,0,3,17696.0,80579.6,1,0,0
887206,3026,952,0,3,20740.0,46153.2,1,0,0
3628748,2970,180,0,0,124.8,26125.9,7,0,0
495227,1688,987,2,4,400.0,22140.6,1,0,0
3585095,1666,698,0,0,121.3,29743.1,7,0,0
2648641,8759,1462,2,4,7500.0,36945.9,1,0,0
19896,67,1164,2,4,8000.0,57903.2,1,0,0
463030,1575,1355,2,4,2880.0,16823.3,1,0,0
3022610,10022,2047,2,1,4104.0,38909.8,0,7,82763254
842887,2868,1430,2,4,450.0,24407.7,1,0,0
3077904,10202,1682,2,1,4880.0,47170.3,0,2,86462396
285601,980,1799,2,1,2889.0,38525.3,0,3,4869163
970467,3307,1812,0,3,1400.0,63494.8,1,0,0
290728,996,1908,2,4,2000.0,18990.8,1,0,0
908931,3096,891,2,1,8.0,57901.3,3,3,74155062
1218871,4171,1932,2,4,1800.0,60097.3,1,0,0
562707,1914,1118,2,4,1920.0,17395.4,1,0,0
1071220,3660,1382,0,3,200.0,15615.1,1,0,0
390298,1327,1140,2,4,22700.0,38720.7,1,0,0
2789386,9236,1172,2,4,8700.0,37233.5,1,0,0
887264,3026,528,2,1,8024.0,40482.1,5,8,60199838
1068151,3649,223,2,4,12000.0,40167.8,1,0,0
799382,2725,2122,2,4,11500.0,49648.4,1,0,0
313084,1069,346,0,2,4621.0,23805.0,2,1,64733224
3566506,1094,1429,0,0,78.3,23570.3,7,0,0
109053,368,1672,2,4,14.6,16210.0,6,0,0
3664839,4448,849,0,0,261.5,47115.7,7,0,0
165777,554,1960,2,4,7800.0,46311.6,1,0,0
454628,1544,1794,2,4,14.6,37802.4,6,0,0
3649217,3606,1368,0,0,126.0,28134.5,7,0,0
570145,1940,1253,2,1,3106.0,15190.1,5,4,89983695
1005280,3431,1744,2,1,8649.0,48757.0,5,9,92135792
1596116,5422,1528,1,4,7116.0,65300.5,1,0,0
3547036,496,1215,0,0,65.7,14732.3,7,0,0
11156,37,1922,2,1,97.0,49774.9,3,13,89609831
3565632,1067,2068,0,0,182.4,45284.3,7,0,0
516938,1767,429,0,3,19285.0,59643.8,1,0,0
311634,1062,1961,2,4,17300.0,51239.2,1,0,0
592824,2018,1564,2,1,3115.0,14621.0,5,12,36951273
790986,2697,590,2,1,3142.0,20556.3,0,4,34090870
210718,716,1092,2,4,3840.0,37097.7,1,0,0
149319,498,863,0,3,20902.0,65278.2,1,0,0
577158,1965,1028,0,3,5400.0,14467.5,1,0,0
3577566,1435,1794,0,0,158.0,28084.7,7,0,0
1787145,6061,2097,2,4,16300.0,28179.1,1,0,0
561174,1909,1808,2,1,928.0,18678.8,3,6,81369602
165916,555,706,2,1,7218.0,19708.3,5,10,6209928
1051055,3594,1825,2,4,14.6,14595.5,6,0,0
969224,3303,1474,0,3,20405.0,62905.1,1,0,0
735655,2513,1380,0,2,3983.0,20015.8,1,5,20867938
902461,3074,1246,2,4,30.0,35902.7,6,0,0
300239,1022,1825,2,4,30.0,53795.4,6,0,0
1008900,3446,2013,0,3,19615.0,142895.0,1,0,0
850747,2897,1827,2,4,25700.0,103119.4,1,0,0
12347,40,1377,2,4,6100.0,14998.9,1,0,0
375403,1277,1912,2,4,880.0,17930.9,1,0,0
250167,859,2104,2,1,855.0,35200.9,0,7,97751479
609784,2076,2049,0,2,6179.0,24435.6,2,9,82176673
1121748,3832,2068,2,4,14.6,21329.8,6,0,0
440492,1497,1864,0,3,8587.0,21993.4,1,0,0
2088920,7082,2048,2,1,6359.0,22431.6,5,2,91626292
3464793,3138,1399,0,0,141.8,32820.8,7,0,0
3557839,840,2037,0,0,119.4,22303.5,7,0,0
3546386,474,1825,0,0,97.3,26861.3,7,0,0
1598962,5428,1034,2,4,4600.0,17524.5,5,0,0
3564227,1018,1399,0,0,63.6,16009.3,7,0,0
1078630,3684,1924,0,2,6710.0,30293.9,2,9,60549932
961173,3275,1435,0,3,10380.0,33911.2,1,0,0
583855,1987,2165,2,4,1120.0,19412.1,1,0,0
657087,2245,550,2,4,14100.0,31288.2,1,0,0
594518,2023,2098,2,4,14.6,75569.8,6,0,0
2340284,7721,1894,0,2,22730.0,54012.8,1,12,18930614
1045189,3574,1825,2,4,14.6,26077.1,6,0,0
948685,3233,1901,0,3,15500.0,38439.8,1,0,0
192276,652,854,2,4,2160.0,36668.3,1,0,0
971393,3309,1493,2,4,1900.0,13368.1,1,0,0
1035880,3542,2159,2,4,14.6,33026.1,6,0,0
2035177,6897,652,2,4,8300.0,46563.8,1,0,0
3668992,5126,1368,0,0,105.0,24170.4,7,0,0
493906,1684,1611,2,4,30.0,44092.5,6,0,0
86389,289,1181,2,4,3800.0,42768.5,1,0,0
1146076,3920,1883,2,4,5400.0,53766.6,1,0,0
779852,2660,1417,0,3,30524.0,95355.5,1,0,0
111911,378,1868,2,1,3840.2,43861.0,8,7,28203147
602734,2052,1683,0,3,9885.0,44091.4,1,0,0
159959,536,1709,0,2,5012.0,29806.4,2,13,41714489
2893204,9583,888,2,4,3300.0,52205.8,1,0,0
3444434,4995,819,0,0,208.0,48912.8,7,0,0
598602,2037,425,2,4,6700.0,31518.5,1,0,0
1114726,3807,1246,2,4,14.6,64784.4,6,0,0
824711,2810,1832,2,1,977.0,24728.6,3,12,18647271
1123905,3838,1051,2,4,4500.0,35223.1,1,0,0
3620027,2707,880,0,0,153.5,26538.9,7,0,0
786316,2679,1915,2,4,14.6,18444.0,6,0,0
528873,1804,1643,0,3,33130.0,72363.0,1,0,0
1158040,3965,1104,2,4,13200.0,7056.1,1,0,0
3676797,6510,1794,0,0,183.5,31331.5,7,0,0
613086,2088,2066,2,4,4800.0,15926.5,1,0,0
508520,1739,1830,2,1,9979.0,26243.3,5,4,76534843
879611,2996,892,2,1,99.0,40312.1,3,7,47044444
3629504,2989,1429,0,0,106.3,26085.7,7,0,0
2355458,7769,1628,0,3,5775.0,60820.3,1,0,0
162598,543,1956,2,1,655.0,15569.0,3,2,41006070
2023278,6856,1316,2,1,6965.0,4802.7,3,12,70674234
3463456,2752,1246,0,0,1.1,1001.1,7,0,0
3619910,2701,2159,0,0,203.2,46801.2,7,0,0
189042,640,333,2,4,14.6,19295.5,6,0,0
900044,3066,2159,2,4,8100.0,31658.8,1,0,0
1450471,4937,760,2,4,14.6,32630.8,6,0,0
192947,655,855,0,3,23625.0,75128.6,1,0,0
759421,2590,1794,2,4,14.6,14289.3,6,0,0
909187,3096,2098,2,4,14.6,32431.1,6,0,0
1576954,5362,1985,0,2,38037.0,42506.1,1,9,18163389
113836,384,1747,0,3,1900.0,20521.8,1,0,0
892747,3042,1672,2,4,14.6,17533.5,6,0,0
3464324,3000,303,0,0,112.6,29627.5,7,0,0
905560,3086,1955,2,4,13600.0,70347.7,1,0,0
3648789,3593,2098,0,0,144.9,34813.1,7,0,0
1781790,6040,1976,2,4,14.6,20605.6,6,0,0
1162742,3980,1982,0,3,12200.0,62249.0,1,0,0
1162554,3980,378,2,4,1560.0,32967.0,1,0,0
3611505,2466,1764,0,0,293.2,71544.6,7,0,0
430692,1463,1988,0,2,3336.0,29241.3,1,4,47576242
1308080,4467,2066,1,4,6831.0,29389.6,1,0,0
3584808,1656,1611,0,0,254.7,62422.8,7,0,0
3104153,10297,1318,2,1,9902.0,33925.9,5,2,53796619
580378,1975,2109,2,1,1711.0,30329.6,3,10,98307567
3539330,267,1519,0,0,73.3,18273.0,7,0,0
70675,235,484,2,4,14.6,17839.4,6,0,0
701585,2401,884,2,4,3850.0,27162.5,1,0,0
3638433,3260,607,0,0,261.7,87101.3,7,0,0
3554625,736,2129,0,0,89.8,21568.6,7,0,0
592898,2018,1430,2,4,1440.0,17642.4,1,0,0
106262,362,833,0,3,9542.0,24225.3,1,0,0
2464349,8127,1276,2,4,14.6,68369.6,6,0,0
10903,36,1915,2,4,14.6,42746.5,6,0,0
756708,2582,1802,0,3,32826.0,89182.3,1,0,0
800644,2731,1320,2,1,5044.0,68118.3,5,2,94928621
114754,388,1463,2,4,2300.0,21206.7,1,0,0
456705,1552,2138,0,3,24563.0,64553.5,1,0,0
2354030,7765,1926,2,4,1900.0,73717.3,1,0,0
373121,1270,1517,2,4,4500.0,24221.5,1,0,0
160469,538,1932,2,4,1120.0,17846.3,1,0,0
1485607,5063,1493,0,3,16500.0,15511.8,1,0,0
584024,1987,2000,2,4,21900.0,26800.3,1,0,0
408894,1392,880,2,4,14.6,41751.8,6,0,0
316888,1080,480,2,4,19700.0,47331.2,1,0,0
2715850,8982,1828,2,4,8400.0,82267.0,1,0,0
2688840,8899,690,2,4,38900.0,70254.7,1,0,0
278818,954,1641,2,4,14.6,41549.2,6,0,0
651867,2227,1586,2,4,9300.0,71626.9,1,0,0
1453647,4948,1479,2,4,3600.0,27246.6,1,0,0
914677,3117,1082,2,4,950.0,20212.4,1,0,0
3458273,10710,1154,0,0,17.1,39644.1,7,0,0
846453,2882,1296,0,3,600.0,600.0,1,0,0
1516,6,1845,2,4,1600.0,37173.4,1,0,0
2123443,7190,1228,2,1,5394.0,29771.4,5,12,11074567
334766,1137,1802,2,4,390.0,13892.0,1,0,0
3661692,3980,819,0,0,134.8,33493.4,7,0,0
952835,3248,2129,2,4,14.6,18852.0,6,0,0
971568,3310,773,2,1,3277.0,17474.4,5,12,15485203
757680,2584,1374,2,1,582.0,13159.0,0,10,98448490
186494,631,2139,0,3,4100.0,41946.4,1,0,0
3344885,11111,406,2,1,4736.0,17271.7,5,2,17909336
555397,1891,742,2,1,2039.0,26156.5,5,8,32430213
224007,762,1830,2,4,200.0,20058.9,1,0,0
219470,746,1413,2,1,3452.0,25467.6,5,13,78167122
3659554,3912,1764,0,0,139.8,34016.2,7,0,0
1020836,3485,1655,0,3,5900.0,28831.3,1,0,0
1652628,5602,2156,2,4,8900.0,48928.4,1,0,0
533342,1816,1162,2,1,2824.0,12253.6,5,7,50690215
508843,1741,1347,2,1,2366.0,20736.1,5,5,79026174
3585733,1680,1185,0,0,183.6,39556.7,7,0,0
2546753,8405,1514,2,4,4320.0,23892.3,1,0,0
826683,2816,1870,2,1,3933.0,35903.6,5,5,98916184
480246,1637,954,0,2,5718.0,25676.9,2,11,45134812
788854,2689,2170,2,1,2121.0,73658.6,0,11,36906784
3563376,992,1641,0,0,71.5,14645.7,7,0,0
406802,1385,1683,0,3,17348.0,66107.8,1,0,0
970660,3307,1756,2,4,1600.0,62310.2,1,0,0
3579208,1482,1519,0,0,139.1,35374.7,7,0,0
302480,1030,1743,2,1,664.0,31199.0,5,5,30616259
367491,1249,1320,2,1,1361.0,24012.4,3,9,4520500
1265996,4329,1733,2,4,14.6,15038.0,6,0,0
576088,1962,2165,2,1,770.0,95254.9,5,7,10131866
2967225,9828,834,2,4,6200.0,42520.6,1,0,0
3458906,11320,180,0,0,23.2,27860.5,7,0,0
591108,2011,1738,2,1,12.0,22684.4,3,7,36082929
2910719,9640,1848,2,4,12900.0,30593.4,1,0,0
971724,3310,2068,2,4,14.6,18168.7,6,0,0
1493340,5092,885,2,4,200.0,31069.2,0,0,0
995952,3399,1771,2,1,1753.0,27121.4,0,8,58814012
108535,368,1443,0,3,12621.0,25096.5,1,0,0
3468462,4093,788,0,0,76.6,18612.3,7,0,0
1269909,4342,1352,2,4,4800.0,26903.8,1,0,0
3630217,3016,1550,0,0,102.8,23317.3,7,0,0
1108288,3785,1276,2,4,14.6,39307.7,6,0,0
957720,3262,1770,2,1,8340.0,65252.8,5,5,79490107
629507,2149,1743,0,2,5523.0,21351.2,2,7,95951663
212548,721,2170,2,1,2194.0,20543.9,1,11,92811554
692191,2365,1714,2,1,3061.0,23269.4,5,6,22873586
1754262,5952,831,2,1,5885.3,68052.1,8,3,22068012
494372,1686,1164,0,3,4136.0,32777.8,1,0,0
501329,1708,1470,2,1,3339.0,24672.1,0,12,62805408
1150479,3935,2180,2,4,6900.0,43590.6,1,0,0
2035194,6897,1042,2,4,61500.0,75936.0,1,0,0
1660591,5632,1622,2,4,3900.0,33262.1,1,0,0
605579,2061,1915,2,4,14.6,19694.9,6,0,0
1086838,3713,1794,2,4,30.0,73990.2,6,0,0
500390,1705,1649,0,3,15037.0,30984.5,1,0,0
513370,1756,1688,2,4,13100.0,55498.4,1,0,0
606569,2064,1678,2,4,6000.0,20978.7,1,0,0
638722,2179,1739,1,4,15601.0,25195.5,1,0,0
245924,844,1621,2,1,12531.0,59826.1,0,4,24649799
956288,3259,793,2,1,1350.0,23683.9,0,13,45163714
304966,1039,159,2,4,6100.0,26377.2,1,0,0
3123831,10365,2154,2,4,2700.0,60813.1,1,0,0
3534104,107,1491,0,0,122.8,22933.3,7,0,0
3540549,302,1611,0,0,126.9,28477.1,7,0,0
773020,2639,1075,0,3,36399.0,53660.6,1,0,0
3661587,3977,2159,0,0,78.8,19728.9,7,0,0
722253,2472,1109,2,5,1200.0,51544.5,1,0,0
3582311,1580,1460,0,0,133.5,27763.1,7,0,0
2990,11,1764,2,4,14.6,35363.5,6,0,0
3606665,2322,941,0,0,233.9,55303.5,7,0,0
3149470,10451,374,2,4,720.0,55534.4,1,0,0
2340309,7721,1926,2,4,3800.0,49408.9,1,0,0
204763,695,1945,2,4,14.6,10491.9,6,0,0
130832,439,1230,0,3,12000.0,12300.0,1,0,0
3039537,10079,1301,0,3,41639.0,90641.5,1,0,0
168628,563,507,2,4,700.0,26289.9,1,0,0
218800,743,1733,2,4,14.6,25593.4,6,0,0
3529486,11325,1764,0,0,231.3,61231.6,7,0,0
1166859,3999,1133,2,1,4806.0,31533.2,5,5,35235697
59016,197,2165,0,3,32577.0,68072.6,1,0,0
240370,820,1681,2,1,5367.0,41487.6,0,1,81232100
392992,1336,1851,2,4,2400.0,22516.4,1,0,0
670139,2287,1344,2,4,5040.0,67991.7,1,0,0
854806,2913,1224,2,1,499.0,11652.2,5,8,76905709
399460,1360,1790,0,3,6100.0,54584.6,1,0,0
775923,2646,2037,2,4,14.6,72272.1,6,0,0
3645550,3491,2190,0,0,115.3,24093.6,7,0,0
1009575,3448,1703,2,4,30.0,42444.5,6,0,0
323009,1104,1496,0,3,16085.0,47026.7,1,0,0
927626,3162,1376,2,1,9350.0,31973.8,5,5,32623553
193667,656,1476,2,4,1200.0,38698.0,1,0,0
3450705,4589,941,0,0,84.3,22843.5,7,0,0
1416,6,2170,0,2,6669.0,51878.9,2,8,150186
62399,207,1807,2,1,10.0,19029.6,0,4,4786676
741328,2530,1764,2,4,14.6,26358.5,6,0,0
299654,1020,1382,2,1,105.0,26756.9,0,10,49670916
230353,784,1122,2,4,1560.0,47735.1,1,0,0
1733163,5878,1681,0,3,10807.0,29606.7,1,0,0
1225363,4195,1092,2,4,4200.0,51039.9,1,0,0
56817,189,1866,2,4,2400.0,32900.1,1,0,0
571446,1944,1465,2,5,1000.0,23348.7,1,0,0
2652436,8772,1777,2,1,7357.0,9007.3,5,2,19611203
3651151,3661,1550,0,0,62.5,14813.8,7,0,0
3549775,580,1460,0,0,92.0,19587.9,7,0,0
1099064,3754,1343,2,4,11700.0,24985.6,1,0,0
583826,1987,1745,0,3,19052.0,36811.7,1,0,0
687217,2346,1838,2,1,1939.0,-2541.4,0,9,74352502
1798356,6097,1865,0,3,8014.0,34803.7,1,0,0
2267899,7485,2142,0,2,22799.0,38328.5,1,6,17457235
440194,1496,1591,2,1,161.0,42440.6,0,4,36367225
31367,101,1825,2,4,14.6,55294.8,6,0,0
1153335,3944,1880,2,4,5600.0,33453.9,1,0,0
2586535,8547,1125,2,4,30.0,49955.2,6,0,0
1373,6,860,0,2,6669.0,36161.5,2,8,150186
16840,57,1925,2,1,4107.0,49060.1,5,13,55066728
2715965,8982,507,0,3,7600.0,23120.5,1,0,0
856262,2917,1884,2,4,14.6,26660.6,6,0,0
237114,810,1744,2,1,2076.0,15747.3,5,11,99310320
3660373,3937,1154,0,0,25.2,11355.9,7,0,0
628702,2146,1473,2,1,3230.0,49056.6,0,1,64262807
269453,923,1491,2,4,14.6,20350.6,6,0,0
238714,816,713,0,3,38607.0,111129.4,1,0,0
3646416,3524,1915,0,0,59.5,14806.0,7,0,0
986502,3364,1429,2,4,30.0,15835.7,6,0,0
3666267,4660,2159,0,0,99.1,7018.9,7,0,0
528683,1803,1094,2,4,14.6,30135.5,6,0,0
3607696,2350,1884,0,0,206.4,31517.8,7,0,0
1032189,3528,753,2,4,6720.0,33400.4,1,0,0
141938,474,1969,0,3,2900.0,27603.8,1,0,0
656363,2243,2136,0,3,14253.0,44210.7,1,0,0
1524044,5194,1898,2,4,3000.0,30925.7,1,0,0
3628178,2951,972,0,0,176.0,38956.1,7,0,0
1032319,3528,728,2,4,18300.0,44524.0,1,0,0
542299,1844,342,2,1,2161.0,18913.5,1,3,32871842
2944232,9750,1495,0,3,12499.0,46858.4,1,0,0
612422,2087,384,0,3,14978.0,62796.1,1,0,0
774381,2642,1455,2,4,8000.0,40321.9,1,0,0
1092615,3735,1915,2,4,14.6,12787.0,6,0,0
3593696,1913,1856,0,0,209.1,52026.5,7,0,0
343759,1166,258,2,4,4200.0,50845.6,1,0,0
3670467,5362,1550,0,0,167.5,40469.8,7,0,0
925748,3155,1826,2,4,2040.0,16316.8,1,0,0
3441292,1184,1460,0,0,294.9,59684.1,7,0,0
547260,1862,1254,2,4,32100.0,62558.3,1,0,0
1201036,4109,1215,2,4,14.6,76747.2,6,0,0
3554916,744,423,0,0,77.4,20186.3,7,0,0
3452762,5767,698,0,0,125.9,31401.4,7,0,0
220356,748,427,2,4,900.0,24045.4,1,0,0
2102627,7123,1408,0,3,48317.0,96207.9,1,0,0
1308129,4467,2037,2,4,30.0,28804.1,6,0,0
881932,3005,1922,0,3,28342.0,95979.8,1,0,0
487899,1664,1589,0,3,21993.0,32232.8,1,0,0
576807,1965,1725,0,3,42618.0,98164.5,1,0,0
353580,1201,1959,0,3,15080.0,57906.2,1,0,0
369930,1257,2153,2,4,12200.0,43526.9,1,0,0
3566784,1102,2068,0,0,161.9,40254.1,7,0,0
25795,84,1856,2,4,100.0,21783.3,6,0,0
1143716,3912,918,2,1,1551.0,25855.4,0,6,95519256
3386979,11244,1830,2,4,11100.0,86020.4,1,0,0
2106758,7133,984,2,1,115.0,29306.6,3,5,89750158
574619,1956,1873,0,3,10900.0,39572.6,1,0,0
154921,519,2170,0,2,6987.0,26345.5,2,13,96366220
115122,389,1586,2,1,3280.0,19152.0,0,12,25948596
1486291,5065,620,2,4,13200.0,58141.5,1,0,0
629428,2148,1174,2,4,2200.0,21919.9,1,0,0
749198,2554,348,2,4,25600.0,45990.1,1,0,0
893005,3043,1703,2,4,14.6,13592.0,6,0,0
850466,2896,1967,2,4,360.0,25341.1,1,0,0
49689,166,2168,0,2,4566.0,30208.1,2,12,30663150
3668154,4981,1764,0,0,134.7,29701.0,7,0,0
987053,3367,436,0,3,22608.0,64186.4,1,0,0
2730104,9031,1641,2,4,14.6,29635.5,6,0,0
736101,2514,1684,2,1,4001.0,67786.4,5,4,46998095
83147,278,1641,2,4,14.6,55463.0,6,0,0
1781632,6040,1876,2,4,400.0,38924.1,1,0,0
215777,733,1254,0,3,19033.0,67169.2,1,0,0
504931,1724,2068,2,4,800.0,23469.2,1,0,0
1115176,3808,1033,2,4,14.6,28239.7,6,0,0
870784,2966,2081,2,1,4560.0,73770.0,5,3,86442154
1117507,3818,1316,2,1,4065.0,52239.3,3,2,34760767
2938464,9731,1467,2,1,1320.0,42675.7,0,8,14137328
24524,81,1471,2,4,870.0,28781.1,1,0,0
395815,1345,1580,2,4,14.6,73893.5,6,0,0
2123652,7190,1703,2,4,14.6,32203.2,6,0,0
549388,1871,1334,2,4,19100.0,33734.5,1,0,0
3510232,9337,2006,0,0,255.3,29196.3,7,0,0
373662,1272,1215,2,4,30.0,27891.1,6,0,0
14344,47,714,2,4,6900.0,72493.5,1,0,0
921628,3141,1113,2,4,4200.0,27258.5,1,0,0
700935,2399,1022,0,3,40498.0,64413.9,1,0,0
1901583,6440,1519,2,4,14.6,76952.5,6,0,0
823588,2805,1976,2,4,14.6,16798.3,6,0,0
3437758,433,1945,0,0,129.2,49699.8,7,0,0
724257,2479,1192,2,1,765.0,16349.3,0,10,56431281
258421,885,1489,2,5,800.0,68512.3,1,0,0
3527337,11065,1429,0,0,147.9,31167.5,7,0,0
809388,2758,198,2,4,1400.0,22727.8,1,0,0
3595833,1972,1550,0,0,85.8,20775.6,7,0,0
104166,355,1738,1,4,2382.0,33846.3,1,0,0
961891,3277,729,2,4,14.6,58329.0,6,0,0
463096,1575,1672,2,4,14.6,17138.4,6,0,0
1404498,4784,2100,2,4,23600.0,38749.3,1,0,0
382075,1297,1647,2,4,16400.0,49074.7,1,0,0
1073731,3669,1135,2,1,2087.0,13521.3,3,2,75799655
3587077,1719,2190,0,0,96.0,24182.6,7,0,0
536759,1827,728,2,4,600.0,27309.7,1,0,0
2729968,9031,1715,2,1,2088.0,65894.4,8,11,95826726
341191,1158,758,2,4,960.0,23097.6,1,0,0
1308100,4467,1829,2,4,6300.0,20397.9,1,0,0
1116071,3812,824,0,2,4980.0,15340.0,2,9,2473032
132488,444,1454,2,4,500.0,28008.6,1,0,0
620321,2119,1312,0,3,8533.0,30377.1,1,0,0
2722028,9006,760,2,4,30.0,40203.6,6,0,0
1300037,4438,1771,2,4,4080.0,25590.6,1,0,0
3632323,3080,1825,0,0,70.3,17671.4,7,0,0
3614289,2536,1519,0,0,98.2,24774.6,7,0,0
851755,2902,1887,2,4,8300.0,21523.6,1,0,0
749358,2555,951,0,3,19022.0,56842.9,1,0,0
346361,1174,1920,2,1,829.0,63103.0,0,5,14356726
393379,1337,333,2,4,1200.0,23359.0,1,0,0
229434,780,2006,2,4,14.6,23032.0,6,0,0
2120209,7181,1517,0,3,32577.0,64138.3,1,0,0
689351,2354,2016,2,4,14200.0,50689.4,1,0,0
1013193,3464,1672,2,4,14.6,31898.1,6,0,0
265465,907,435,2,1,2118.0,26869.2,5,11,56898051
1013522,3465,2022,2,4,4900.0,52404.0,1,0,0
1035140,3539,868,2,4,300.0,29484.2,1,0,0
3626644,2907,1002,0,0,91.6,23199.6,7,0,0
1296188,4427,765,0,3,9924.0,28782.7,1,0,0
820313,2793,1855,2,4,2820.0,19360.6,1,0,0
1280375,4379,1794,2,4,14.6,17257.4,6,0,0
73568,244,1769,0,2,3972.0,51682.8,1,5,12078875
377595,1285,1264,2,4,14400.0,33532.1,1,0,0
987358,3367,2037,2,4,14.6,99672.4,6,0,0
550631,1875,376,2,4,640.0,21245.0,1,0,0
1124239,3839,1112,2,5,1800.0,29327.3,1,0,0
576759,1965,140,0,3,19471.0,122772.5,1,0,0
641673,2190,1655,2,1,2782.0,71621.2,3,3,37804508
1127607,3851,1764,2,4,14.6,30327.2,6,0,0
248943,855,1865,0,3,13766.0,48911.4,1,0,0
3122310,10361,2047,2,4,44200.0,19349.9,1,0,0
3458120,10656,1884,2,4,4.3,4.2,4,0,0
882225,3006,1830,2,4,2320.0,19924.7,1,0,0
448083,1522,2068,2,4,14.6,51433.0,6,0,0
3673077,5794,1185,0,0,58.8,13078.8,7,0,0
696436,2381,2012,0,3,17578.0,49590.6,1,0,0
653407,2234,2049,2,1,59.0,26758.9,0,1,54483455
1040802,3558,515,2,4,14.6,38909.5,6,0,0
582928,1983,2037,2,4,14.6,38677.5,6,0,0
447344,1519,1470,2,1,3443.0,55612.0,5,11,68640708
1143802,3912,1851,2,4,560.0,20289.5,1,0,0
94067,319,2099,2,4,17600.0,105164.9,1,0,0
859646,2929,1351,2,1,11789.0,76766.0,0,9,86361235
23472,77,2037,2,4,14.6,20328.3,6,0,0
244722,840,1229,0,3,24420.0,60581.2,1,0,0
524203,1788,411,0,3,1500.0,14205.9,1,0,0
397868,1353,1799,2,1,6646.0,15405.7,0,9,98736470
1022289,3489,2170,2,1,3373.0,46202.4,5,13,33276313
3282483,10906,1429,2,4,14.6,27745.1,6,0,0
1156606,3957,1469,0,2,30463.0,77770.1,1,12,15323031
3451623,5267,1580,2,4,11.2,8265.7,4,0,0
1271387,4347,1246,2,4,14.6,14995.5,6,0,0
1302132,4447,1507,1,4,14880.0,35778.3,1,0,0
780307,2660,1120,2,4,48200.0,54049.7,1,0,0
3622119,2767,2159,0,0,280.7,70169.4,7,0,0
1071740,3661,2068,2,4,14.6,22514.1,6,0,0
174922,588,1761,2,4,1200.0,20683.5,1,0,0
134053,449,1652,2,1,1789.0,11258.0,0,12,77323555
604318,2057,1958,2,1,3573.0,66680.1,5,8,70669543
1052605,3600,885,2,4,3280.0,42190.1,1,0,0
269752,924,1976,2,4,14.6,20315.8,6,0,0
232142,790,348,2,4,5800.0,42867.4,1,0,0
124288,418,1484,2,4,720.0,35328.3,1,0,0
454510,1544,377,2,4,3480.0,31171.5,1,0,0
2648700,8759,788,2,4,14.6,63368.7,6,0,0
1031847,3526,1538,2,4,12200.0,50025.5,1,0,0
612208,2086,1772,0,2,46199.0,83994.4,1,6,39209967
3624689,2849,1672,0,0,111.4,25522.9,7,0,0
342284,1161,1550,2,4,14.6,13133.9,6,0,0
676901,2313,708,2,1,5426.0,40681.6,5,7,33568215
213710,725,1442,0,2,3919.0,28128.1,1,12,36282843
188428,638,1956,0,3,17314.0,35539.8,1,0,0
928148,3164,1648,2,1,2971.0,21393.8,5,11,53459769
963305,3283,1472,2,1,8720.0,19170.8,5,6,5958080
482867,1644,1831,0,3,15306.0,45050.2,1,0,0
3624675,2849,1246,0,0,90.3,22457.6,7,0,0
924222,3149,2173,2,4,11900.0,46767.9,1,0,0
655884,2242,947,0,2,43493.0,73655.9,1,2,7862908
3580395,1516,729,0,0,92.4,22601.1,7,0,0
161240,540,849,2,4,1150.0,36525.1,1,0,0
692125,2365,1524,0,2,5113.0,26279.2,2,5,60613775
260195,891,1777,0,2,5997.0,27147.7,2,5,18260264
3537882,222,1002,0,0,340.3,84705.0,7,0,0
3609052,2389,1399,0,0,223.9,43165.6,7,0,0
529415,1805,1498,2,1,3110.0,59099.2,5,8,38994044
1240967,4245,2001,2,4,27520.0,33432.8,1,0,0
1486642,5066,1905,2,4,2700.0,19716.0,1,0,0
3496846,8129,1338,0,0,226.3,57413.6,7,0,0
156837,524,1135,2,4,1500.0,23861.4,1,0,0
3600228,2115,2037,0,0,57.5,14217.1,7,0,0
464990,1582,2129,2,4,2000.0,13966.6,1,0,0
471685,1605,1181,0,3,39104.0,125552.4,1,0,0
418855,1420,1611,2,4,14.6,27864.1,6,0,0
602698,2052,587,0,3,9885.0,40313.8,1,0,0
840951,2862,307,2,4,19800.0,40989.8,1,0,0
528103,1801,2173,2,4,6200.0,65138.7,1,0,0
156322,523,707,0,3,17762.0,55523.9,1,0,0
3636803,3220,941,0,0,178.2,44920.8,7,0,0
3565176,1051,788,0,0,100.5,31596.3,7,0,0
671497,2293,1806,0,2,6745.0,56541.9,2,3,62203752
1085704,3709,1850,2,5,2700.0,39333.3,1,0,0
188516,638,1713,2,1,4668.0,12844.4,0,1,77634972
3091853,10257,1935,2,4,2400.0,64437.6,1,0,0
782170,2666,830,2,1,1287.0,20249.9,0,3,41393333
3634829,3157,607,0,0,104.1,24615.1,7,0,0
1061818,3628,1276,2,4,14.6,42227.8,6,0,0
624691,2132,1108,2,4,1080.0,61170.0,1,0,0
1115206,3808,1945,2,4,14.6,41597.4,6,0,0
3548434,537,1915,0,0,168.4,40114.9,7,0,0
536310,1826,1063,2,4,14.6,37913.4,6,0,0
1033422,3533,1175,0,3,1700.0,28844.3,1,0,0
446093,1515,1687,1,4,9933.0,50491.6,1,0,0
3561721,943,1125,0,0,71.3,15913.7,7,0,0
3533574,90,2129,0,0,69.2,16226.7,7,0,0
3227618,10711,1771,0,3,22044.0,89321.4,1,0,0
1067010,3646,1868,2,1,2855.0,43689.2,5,1,43066799
2539563,8381,1471,2,1,740.0,82421.3,5,1,88732933
455642,1547,699,2,4,3480.0,65657.0,1,0,0
1524645,5196,1897,2,1,7905.0,80063.7,5,2,22101694
534972,1822,2080,2,1,1996.0,38303.0,5,5,19228476
274935,942,2145,0,3,800.0,47236.5,1,0,0
124493,419,1258,0,3,6900.0,35569.4,1,0,0
493095,1681,1922,2,4,13800.0,29490.9,1,0,0
369794,1257,1854,2,4,8200.0,24155.5,1,0,0
319662,1092,1343,0,3,11987.0,36023.1,1,0,0
1009759,3449,1564,2,5,700.0,66879.0,1,0,0
1135858,3882,981,2,1,1608.0,20502.4,5,6,49302369
3419954,11349,1154,2,4,30.0,37657.1,6,0,0
477935,1628,2037,2,4,14.6,19173.4,6,0,0
929791,3168,1124,2,4,1200.0,19915.5,1,0,0
581193,1978,800,2,1,7001.0,54640.1,5,8,85430520
285397,979,1006,2,4,6500.0,32358.4,1,0,0
1145555,3918,705,2,4,2240.0,19466.0,1,0,0
912552,3111,1246,2,4,14.6,52014.3,6,0,0
316180,1079,1404,0,2,27016.0,64489.5,1,10,1933414
1017563,3477,1107,2,1,2132.0,10988.5,5,13,4360360
153101,512,1893,2,1,9449.0,36216.0,5,4,88834064
547962,1865,754,2,4,720.0,19334.5,1,0,0
437475,1486,1168,0,3,23407.0,47368.9,1,0,0
251987,863,731,1,4,15242.0,31702.0,1,0,0
1114907,3808,2112,0,3,15792.0,59020.9,1,0,0
504751,1723,2011,2,1,8.0,65985.3,0,10,47622954
776124,2647,1843,2,4,1200.0,83857.4,1,0,0
284760,978,1563,0,2,6556.0,56465.1,2,1,70656674
3402714,11295,1499,0,3,18347.0,76420.4,1,0,0
545270,1854,1763,2,4,10800.0,38337.0,1,0,0
393387,1337,573,0,3,3200.0,24635.2,1,0,0
1150626,3935,546,2,4,200.0,26765.3,1,0,0
932559,3181,1507,0,3,1300.0,25408.6,1,0,0
945366,3223,752,2,4,2700.0,21097.0,1,0,0
795668,2711,741,2,1,7300.0,30431.2,5,7,40865373
264515,903,1490,2,4,240.0,13175.2,1,0,0
39718,128,1063,2,4,14.6,34443.4,6,0,0
233067,793,1045,2,1,1212.0,26372.7,1,2,41663390
116203,392,1650,2,1,1407.0,27884.5,5,4,99824958
192723,654,1469,2,1,2885.0,25734.2,5,1,49887746
119298,400,2006,2,4,14.6,55381.6,6,0,0
49521,165,1672,2,4,14.6,36888.5,6,0,0
693433,2370,1974,2,4,7700.0,45135.8,1,0,0
851485,2902,464,2,1,5465.0,44396.6,0,10,44056862
654947,2239,1694,2,4,4400.0,28752.8,1,0,0
3661277,3970,1672,0,0,250.4,59354.8,7,0,0
227440,773,1433,2,4,1000.0,37982.7,0,0,0
2733240,9041,1185,2,4,14.6,12839.4,6,0,0
578700,1970,831,2,1,1774.0,43195.7,5,3,44169485
2786542,9225,2137,2,4,64000.0,49152.6,1,0,0
680673,2323,2048,0,3,22389.0,75072.8,1,0,0
1040895,3558,1252,2,4,26100.0,62308.8,1,0,0
988326,3370,1954,0,2,23855.0,64068.3,1,3,90757017
1817994,6158,2109,0,3,37854.0,98056.2,1,0,0
1610935,5472,1837,0,3,4345.0,2835.7,1,0,0
485992,1656,2013,2,4,4900.0,29146.7,1,0,0
863318,2939,1951,2,1,2882.0,20641.3,5,4,76236229
210887,716,2132,2,4,18400.0,39948.7,1,0,0
813670,2770,2129,2,4,14.6,40261.3,6,0,0
2120524,7181,2052,2,4,50000.0,71676.6,1,0,0
3557845,841,333,0,0,21.9,6593.9,7,0,0
3675995,6363,972,0,0,129.3,33083.9,7,0,0
212525,721,1471,2,1,2194.0,23097.1,1,11,92811554
841843,2865,1895,2,1,1.0,29162.9,0,8,25167072
3656275,3807,1884,0,0,262.3,62569.7,7,0,0
612094,2085,2186,2,4,2600.0,23553.8,1,0,0
2699894,8934,1490,2,4,2400.0,13537.9,1,0,0
608839,2072,1192,2,1,6746.0,58965.3,5,9,48987203
983151,3354,1841,2,4,700.0,21718.5,1,0,0
443521,1508,1356,2,4,21400.0,45089.0,1,0,0
826969,2817,1877,2,5,2000.0,55453.5,1,0,0
1051677,3596,1928,2,4,14200.0,47676.4,1,0,0
1101721,3763,1257,0,3,15424.0,39569.8,1,0,0
987600,3368,2078,2,1,4389.0,79553.9,5,11,71638446
3110447,10320,890,2,1,12414.0,47592.5,5,6,6873333
3443980,1804,2129,0,0,129.6,29916.1,7,0,0
1003887,3425,1641,2,4,14.6,38994.0,6,0,0
3601973,2170,1672,0,0,320.1,82698.6,7,0,0
882721,3007,2164,2,1,997.0,21097.3,0,10,61215889
1250187,4276,575,0,3,6002.0,40266.0,1,0,0
254254,872,1824,2,4,4480.0,35657.8,1,0,0
200256,680,1831,0,3,14333.0,54436.2,1,0,0
2415122,7965,1489,2,4,20700.0,29239.5,1,0,0
1666156,5650,1856,2,4,100.0,40355.3,6,0,0
202539,687,2159,2,4,14.6,19974.8,6,0,0
730040,2496,1472,0,3,7473.0,21832.7,1,0,0
62900,208,2172,2,1,986.0,25550.6,3,11,98481541
3145152,10439,1133,0,2,37890.0,50105.1,1,8,41836589
222402,756,1012,0,3,4000.0,32000.0,1,0,0
936874,3197,576,2,4,14.6,15480.3,6,0,0
479051,1632,1977,2,4,27000.0,64967.5,1,0,0
345404,1169,1764,2,4,100.0,114101.6,6,0,0
1125885,3845,1223,2,4,7300.0,29900.9,1,0,0
1075471,3674,1240,2,4,3200.0,46811.5,1,0,0
688568,2352,1443,2,1,5581.0,48905.9,5,7,33949649
565758,1926,947,2,1,2643.0,18744.1,5,12,87020074
270430,926,2120,2,4,300.0,21028.1,1,0,0
108229,366,1629,2,4,21280.0,45005.3,1,0,0
562918,1915,1776,2,1,4052.0,12768.5,5,3,85960626
159674,535,1159,2,1,765.0,31769.1,3,7,70218544
221002,750,434,2,4,14700.0,36461.2,1,0,0
41873,138,1081,2,4,1300.0,17200.0,1,0,0
1130406,3863,2043,0,3,12756.0,29327.4,1,0,0
735716,2513,1046,2,1,2655.0,29068.5,5,13,17385280
759090,2589,1959,2,1,1458.0,16343.6,0,1,55523544
895919,3053,1162,2,1,3675.0,36304.7,0,6,38718313
831407,2830,2016,2,4,2900.0,35993.7,1,0,0
2439144,8041,1453,2,4,6600.0,74334.7,1,0,0
392204,1333,1626,0,3,1000.0,23460.5,1,0,0
478716,1631,2172,2,1,2743.0,23796.9,5,10,78712355
824673,2810,2137,2,1,5828.0,20666.5,0,12,72857814
303262,1032,2168,2,5,1800.0,105922.2,1,0,0
927516,3161,2037,2,4,14.6,27141.0,6,0,0
522053,1781,1539,2,4,100.0,16476.0,1,0,0
919565,3134,1982,0,3,29926.5,76627.7,1,0,0
1535070,5228,794,1,4,16730.0,75166.8,1,0,0
314886,1075,1107,2,1,3868.0,17346.5,5,12,87197690
3647154,3546,1611,0,0,284.0,71349.1,7,0,0
427473,1452,2045,0,3,19943.0,84721.1,1,0,0
709212,2427,1503,2,1,5496.0,13083.5,5,2,39447444
3571567,1248,1307,0,0,85.0,21749.8,7,0,0
137912,462,858,0,3,20775.0,49637.6,1,0,0
260959,893,1884,2,4,14.6,65656.9,6,0,0
1008508,3444,2093,2,4,9600.0,64250.2,1,0,0
3543756,401,576,0,0,142.4,33424.0,7,0,0
392322,1334,1437,0,3,8440.0,34811.4,1,0,0
877051,2987,678,2,4,16700.0,46474.7,1,0,0
1907463,6461,1485,2,4,3600.0,23193.6,1,0,0
3657859,3855,1519,0,0,169.5,32205.1,7,0,0
693255,2369,1999,2,4,18560.0,33213.0,1,0,0
496822,1694,964,0,3,46889.0,109764.3,1,0,0
960549,3272,2044,2,1,1531.0,42713.7,0,9,1989675
970386,3307,1171,0,3,1500.0,74352.3,1,0,0
430756,1463,1744,2,1,1505.0,22805.6,0,13,71522283
913720,3113,1764,2,4,14.6,31023.3,6,0,0
3584700,1652,1550,0,0,65.1,13427.3,7,0,0
1080091,3688,1774,2,4,2600.0,36395.0,1,0,0
960222,3270,2149,2,4,10900.0,45503.3,1,0,0
1170393,4013,893,2,4,6000.0,30223.0,1,0,0
694495,2375,1474,2,4,2640.0,60771.4,1,0,0
436694,1484,1804,0,2,6612.0,30416.6,2,7,14917296
3439232,741,1491,0,0,194.9,45212.0,7,0,0
2023153,6856,1896,2,1,3454.0,26440.1,8,2,38296979
952740,3248,1619,2,1,466.0,16641.8,0,4,9478331
666782,2276,1441,0,2,4794.0,42526.4,2,11,67999994
3568355,1144,760,0,0,72.0,15644.4,7,0,0
3649694,3621,1033,0,0,123.3,28938.7,7,0,0
3543342,390,1550,0,0,295.7,58187.8,7,0,0
3464378,3000,1945,0,0,264.3,64669.6,7,0,0
377874,1286,1772,2,1,8500.0,92642.5,5,5,38014668
306804,1046,1945,2,4,14.6,28616.0,6,0,0
170057,570,1764,2,4,14.6,32026.2,6,0,0
841747,2865,1894,2,1,8.0,29163.9,0,8,5581480
2715907,8982,698,2,4,14.6,28946.3,6,0,0
125749,423,910,2,4,14.6,14041.5,6,0,0
365331,1242,1789,0,3,41573.0,74237.6,1,0,0
1080642,3690,2159,0,3,36841.0,116021.6,1,0,0
572029,1947,315,0,3,900.0,900.0,1,0,0
3149334,10451,1007,2,1,689.0,20844.6,3,7,92217593
1857841,6289,1657,1,4,22562.0,4568.1,1,0,0
123856,416,1864,2,1,987.0,13755.8,0,2,54040610
1102242,3764,1308,0,3,2600.0,32459.0,1,0,0
1470608,5011,1383,2,4,16500.0,24344.5,5,0,0
977100,3330,918,0,3,400.0,400.0,1,0,0
3443680,1757,910,0,0,280.5,50027.1,7,0,0
668446,2282,871,1,4,18859.0,55398.5,1,0,0
2580500,8523,1898,1,4,9708.0,68295.2,1,0,0
3550155,597,607,0,0,208.8,50224.1,7,0,0
402848,1372,1994,0,3,1800.0,78411.8,1,0,0
838467,2854,1686,2,4,700.0,68144.7,1,0,0
576463,1963,1703,2,4,14.6,60273.9,6,0,0
1084476,3704,224,2,1,3046.0,21673.7,5,13,11861372
1083716,3701,1614,2,4,14350.0,24911.5,1,0,0
1280405,4379,1844,2,4,1300.0,13486.9,1,0,0
914428,3116,1460,2,4,14.6,49060.7,6,0,0
1814819,6148,1552,2,4,4680.0,73220.4,1,0,0
716126,2453,370,2,1,2190.0,13117.2,5,11,32186746
867454,2953,2137,2,1,2848.0,48224.1,0,11,53719216
876146,2985,2082,0,2,4519.0,20640.5,2,10,19389057
3249226,10788,1975,2,4,5300.0,20291.8,1,0,0
981722,3351,1164,0,2,5543.0,5843.0,2,1,21643722
378281,1287,1740,0,2,21046.0,53073.8,1,11,11824322
771840,2633,2128,2,4,25000.0,56600.2,1,0,0
1313304,4484,1472,2,4,2400.0,31911.5,1,0,0
537531,1829,2110,0,3,7429.0,41842.1,1,0,0
553101,1882,1519,2,4,14.6,14329.3,6,0,0
852970,2907,1039,0,2,6891.0,31872.4,2,2,80834906
308122,1050,1044,2,4,800.0,32338.5,1,0,0
1064871,3638,1376,0,2,33948.0,56726.9,1,11,44790220
783372,2670,281,2,1,3978.0,59007.8,5,1,38848883
452274,1536,1131,0,3,10300.0,31767.1,1,0,0
23196,76,1840,2,4,1500.0,23254.9,1,0,0
796512,2713,1838,0,2,6422.0,50271.1,2,11,21654141
3496433,8092,1945,0,0,84.6,21596.6,7,0,0
906985,3091,648,2,1,4922.0,41314.9,5,4,49400448
707293,2423,1441,0,2,5671.0,18248.5,2,11,2074182
529787,1806,428,0,2,5029.0,21150.2,2,11,39912659
3560683,915,1794,0,0,272.7,65372.9,7,0,0
3636495,3213,484,0,0,60.4,14364.4,7,0,0
6299,25,1525,2,1,1110.0,37988.5,0,1,79838293
3566394,1089,1945,0,0,98.3,24652.0,7,0,0
3540650,306,454,0,0,92.6,23829.1,7,0,0
752547,2568,1524,2,1,5228.0,23656.7,5,6,34637659
731838,2501,1862,2,1,745.0,56542.2,3,10,57752704
70733,235,1208,2,4,100.0,24207.1,1,0,0
976326,3327,1738,0,3,10921.0,56366.9,1,0,0
780672,2662,1983,2,1,3625.0,15013.6,5,8,1110756
3333201,11069,1530,1,4,9998.0,35708.4,1,0,0
1218595,4171,1376,2,1,14336.0,9522.3,5,4,90027188
358166,1216,1884,2,4,14.6,19002.3,6,0,0
303163,1032,977,0,2,49765.0,116388.8,1,4,43027007
1150239,3935,948,2,1,5908.0,36448.6,0,4,11549193
2502613,8261,1889,2,1,413.0,20586.8,0,13,66767722
39653,128,147,2,4,750.0,18426.3,1,0,0
777703,2651,617,2,1,10862.0,21354.3,5,5,13021684
3490102,7565,1307,0,0,259.9,63814.8,7,0,0
3649084,3601,1491,0,0,201.0,45912.3,7,0,0
570139,1940,1070,2,1,3106.0,14431.5,5,4,89983695
1063472,3632,1794,2,4,30.0,12191.3,6,0,0
3451938,5372,1611,0,0,488.9,103832.8,7,0,0
152372,510,1252,2,1,2442.0,12947.6,5,13,34629786
3538901,250,1945,0,0,178.3,44091.3,7,0,0
283325,973,1260,0,2,5760.0,40275.0,2,13,40719056
976645,3327,1245,2,4,6200.0,30269.2,1,0,0
3643415,3424,2037,0,0,377.9,76900.8,7,0,0
2520421,8316,1288,2,1,5616.2,29146.7,8,10,47769522
788045,2686,1453,2,4,3280.0,15623.6,1,0,0
316856,1080,1307,2,4,14.6,40403.4,6,0,0
1192330,4081,2050,0,3,11878.0,19491.1,1,0,0
670208,2287,1656,2,4,11400.0,62295.0,1,0,0
1126747,3849,1069,2,1,4447.0,21953.0,5,5,72727924
3610685,2435,1368,0,0,60.8,7445.4,7,0,0
69058,230,2173,2,1,5615.0,11761.3,5,10,66906124
3611156,2456,1550,0,0,103.6,22456.9,7,0,0
924988,3152,1560,2,4,4600.0,27376.4,1,0,0
919325,3133,395,2,4,14.6,37795.0,6,0,0
564029,1919,1479,2,4,14880.0,70802.7,1,0,0
1701473,5767,364,2,4,14.6,32005.3,6,0,0
576783,1965,781,0,3,32029.0,89546.2,1,0,0
3615209,2559,1154,0,0,135.2,28963.0,7,0,0
1160567,3973,1690,0,3,1600.0,30016.7,1,0,0
2775735,9188,340,2,1,7936.0,39678.4,5,8,94166147
415863,1412,2012,2,1,936.0,17564.0,5,8,20603227
3454454,7231,1307,0,0,107.8,66973.5,7,0,0
3460090,299,1672,0,0,299.8,72196.5,7,0,0
3211350,10656,888,0,3,27990.0,69650.4,1,0,0
59433,198,617,2,1,700.0,13799.5,5,7,67775189
987236,3367,1618,2,1,2119.0,100928.9,0,2,63311707
3639385,3287,819,0,0,130.6,31480.0,7,0,0
3528031,11138,1733,0,0,290.7,105668.8,7,0,0
240366,820,1559,2,1,5367.0,38865.5,0,1,81232100
1126836,3849,1450,2,4,1800.0,62072.1,1,0,0
145080,485,760,2,4,100.0,23600.3,6,0,0
2472973,8159,1063,2,4,14.6,20027.6,6,0,0
84114,280,442,2,4,700.0,21772.0,1,0,0
1136654,3883,303,2,4,14.6,24709.6,6,0,0
997340,3405,1162,2,1,7543.0,26289.7,5,6,12718767
337498,1146,1467,0,3,21725.0,84336.0,1,0,0
2135197,7231,150,0,3,19403.0,81804.0,1,0,0
851259,2901,2024,2,4,2880.0,47392.7,1,0,0
680831,2323,2159,2,4,14.6,51907.4,6,0,0
2452066,8085,2165,2,1,10965.0,27449.9,0,6,82082688
885494,3017,1255,2,1,1877.0,38149.9,0,7,8393472
1273141,4354,1894,2,1,12756.0,5624.7,5,2,23047155
132132,443,1981,2,1,463.0,27473.9,1,5,32109809
261670,896,1112,2,4,800.0,20440.4,1,0,0
1108077,3785,1804,0,3,35763.0,135174.5,1,0,0
3512771,9583,1368,0,0,193.7,33040.2,7,0,0
1246717,4264,1930,2,4,19400.0,64383.7,1,0,0
3496821,8129,576,0,0,145.9,33389.6,7,0,0
556036,1892,1463,2,4,3700.0,15236.7,1,0,0
3591261,1837,1945,0,0,287.1,64196.9,7,0,0
755437,2577,1836,2,4,3500.0,33961.3,1,0,0
2979027,9869,316,0,3,22184.0,55202.1,1,0,0
1195285,4093,1183,0,3,24964.0,73573.8,1,0,0
321207,1098,1442,2,1,619.0,12043.6,5,1,2207518
701060,2399,2147,0,3,1500.0,47079.6,1,0,0
1218877,4171,2112,0,3,12500.0,53383.8,1,0,0
1263166,4320,1570,0,3,15415.0,51696.9,1,0,0
2938396,9731,1224,2,1,4967.0,40568.0,5,1,50025022
3469223,4254,211,0,0,81.4,23420.5,7,0,0
752478,2568,1255,0,3,34478.0,61373.5,1,0,0
181929,618,1404,0,3,24896.0,50084.9,1,0,0
655555,2241,2012,2,1,16.0,51603.0,3,11,84126734
42264,141,1502,2,1,3462.0,30390.7,5,6,65986662
644620,2201,1680,2,1,1357.0,15637.8,1,5,47068661
340786,1157,366,2,4,2700.0,22245.9,1,0,0
2259081,7454,377,2,4,1440.0,18237.3,1,0,0
113958,385,286,2,1,2160.0,18239.7,5,12,28537345
1047574,3582,1856,2,4,14.6,22988.3,6,0,0
807777,2752,2116,0,3,1300.0,37014.3,1,0,0
502091,1711,1460,2,4,14.6,21367.9,6,0,0
765754,2616,674,0,3,20285.0,48588.0,1,0,0
970668,3307,1996,2,4,6000.0,52907.3,1,0,0
240154,819,871,0,3,2200.0,22041.0,1,0,0
2347131,7745,1654,2,4,2100.0,19531.7,1,0,0
3609645,2410,1033,0,0,168.5,38950.6,7,0,0
3543748,401,333,0,0,146.5,33292.6,7,0,0
1583714,5385,1227,2,1,2489.3,46718.4,8,6,92821448
948634,3233,1884,2,4,14.6,31983.8,6,0,0
462900,1575,494,2,1,2998.0,24596.0,5,2,10936338
284367,977,674,2,1,6846.0,27121.1,5,10,60977023
3478024,8982,1703,0,0,354.8,100949.5,7,0,0
997091,3403,1703,2,4,14.6,56410.9,6,0,0
449127,1527,1095,2,4,4200.0,1353.3,1,0,0
710249,2429,1163,2,1,369.0,58433.6,0,4,91816699
671007,2291,1945,2,4,14.6,14918.1,6,0,0
238146,814,1746,2,1,1598.0,32430.7,5,4,1200831
3443620,1752,1641,0,0,221.7,63691.5,7,0,0
50483,169,1159,2,1,4975.0,32724.6,5,5,71273207
659131,2250,1804,0,3,32434.5,78797.7,1,0,0
1086928,3713,1933,2,4,43900.0,98924.6,1,0,0
112494,379,1383,0,3,900.0,21985.3,1,0,0
1169132,4009,1069,0,3,37130.0,84178.9,1,0,0
611046,2081,2123,2,4,5600.0,18654.3,1,0,0
2305551,7607,607,2,4,100.0,25727.9,1,0,0
3565298,1054,698,0,0,125.9,32205.2,7,0,0
132898,445,607,2,4,30.0,28165.9,6,0,0
463435,1577,1558,0,2,3841.0,30268.9,1,9,30946123
1083592,3701,735,0,2,6192.0,32096.6,2,7,65036064
165875,555,1652,0,3,22668.0,31542.6,1,0,0
930186,3170,1436,2,1,4187.0,36151.7,5,2,79496711
1502023,5120,741,2,4,13500.0,46507.7,1,0,0
3574729,1345,1185,0,0,261.0,68932.7,7,0,0
1635678,5546,1550,2,4,14.6,33774.9,6,0,0
324727,1108,1094,2,4,14.6,25951.1,6,0,0
199168,676,1988,0,3,7034.0,52365.4,1,0,0
3656803,3824,576,0,0,134.5,31601.5,7,0,0
1493586,5092,1704,2,4,3100.0,-3416.9,1,0,0
2779750,9199,1733,2,4,14.6,262.3,6,0,0
872186,2971,1855,2,4,7800.0,32882.9,1,0,0
1006952,3438,1915,2,4,14.6,15418.7,6,0,0
2850465,9433,1981,0,3,25912.5,35954.6,1,0,0
89887,303,1773,2,1,3803.0,56117.6,5,6,43664085
120648,404,1094,2,4,14.6,41275.8,6,0,0
3571106,1231,1276,0,0,209.1,57226.3,7,0,0
414132,1407,1951,2,4,19000.0,89106.0,1,0,0
378303,1287,955,2,1,2623.0,44517.2,5,3,52661430
2546530,8405,1044,2,1,4095.0,43841.8,0,10,21518677
2984762,9883,1577,2,4,17700.0,40864.4,1,0,0
59943,200,1892,0,3,8614.0,107085.3,1,0,0
537287,1828,1868,2,4,5700.0,63533.5,1,0,0
997803,3407,1381,1,4,4836.0,20202.6,1,0,0
2775829,9188,1011,2,1,471.0,22017.6,0,4,11309677
3525724,10911,788,0,0,109.8,27506.1,7,0,0
1076902,3678,1102,0,3,5600.0,10883.8,1,0,0
1269970,4342,1514,2,4,13500.0,53746.6,1,0,0
417675,1416,822,2,4,8700.0,39948.6,1,0,0
1450251,4937,2019,2,1,2687.0,90028.3,5,8,13841212
31541,102,1956,2,4,5900.0,4821.0,1,0,0
130032,436,1841,2,4,3480.0,15045.8,1,0,0
1194416,4088,1652,2,1,3315.0,68184.6,5,13,76793396
3499850,8405,1764,0,0,119.3,32338.9,7,0,0
1161528,3977,1487,2,4,2250.0,23978.3,1,0,0
281269,964,1794,2,4,14.6,48750.4,6,0,0
3628958,2973,2129,0,0,181.2,42312.9,7,0,0
503634,1718,2010,2,4,7000.0,55559.1,1,0,0
1018279,3479,1471,2,1,7650.0,40425.1,5,9,1348793
3577784,1441,1215,0,0,96.2,21201.2,7,0,0
205902,699,1978,2,4,30200.0,93828.3,1,0,0
794181,2705,1368,2,4,100.0,35111.5,6,0,0
3506630,9031,2129,0,0,53.0,18279.7,7,0,0
237798,813,235,1,4,12449.0,24162.1,1,0,0
714435,2443,2080,2,1,7034.0,39990.4,5,8,54071068
177536,599,1553,2,4,12900.0,27569.8,1,0,0
966358,3293,1894,0,2,46012.0,75750.6,1,11,39071434
376133,1281,1589,0,3,14057.0,15157.0,1,0,0
367000,1247,2056,2,4,54900.0,69373.8,1,0,0
858756,2926,2188,2,4,3040.0,44067.0,1,0,0
168950,565,1413,2,1,3509.0,31984.0,5,6,67758250
1688675,5724,1413,0,2,29070.0,60852.1,1,13,77775388
546490,1860,2176,2,4,450.0,20466.3,1,0,0
2393310,7894,1884,0,3,15500.0,32634.7,1,0,0
37310,120,1228,2,1,3965.0,47611.3,5,10,36501592
3555714,766,1399,0,0,190.9,40731.1,7,0,0
34052,109,2080,2,4,4100.0,42143.0,1,0,0
1015327,3471,1774,2,1,5446.0,58575.1,5,12,495654
780456,2661,1925,2,1,4764.0,16204.8,5,4,84294449
562925,1915,1988,2,1,4052.0,25732.9,5,3,85960626
425617,1445,1830,0,3,1200.0,26038.5,1,0,0
770195,2628,2185,2,4,7800.0,8606.1,1,0,0
840737,2862,526,2,1,5728.0,67606.9,0,2,24443286
812384,2768,1670,2,4,840.0,34323.3,1,0,0
3529394,11320,1063,0,0,78.3,34696.0,7,0,0
1298972,4434,1127,2,4,15500.0,52272.3,1,0,0
1102777,3767,1226,0,3,11569.0,41076.4,1,0,0
1468414,5001,1817,2,4,48400.0,82137.3,1,0,0
920743,3137,1677,0,2,25359.0,60847.4,1,12,96778356
1104129,3772,1073,0,3,35361.0,36461.0,1,0,0
3438180,553,1429,0,0,95.9,25080.8,7,0,0
3646074,3509,1884,0,0,178.0,44577.0,7,0,0
544395,1851,292,2,4,2100.0,29521.8,1,0,0
890214,3035,1260,2,4,7200.0,83786.3,1,0,0
844845,2876,1429,2,4,14.6,25467.0,6,0,0
3595674,1969,2006,0,0,131.5,19858.2,7,0,0
578998,1970,1301,2,4,19500.0,55699.4,1,0,0
701674,2401,1703,2,4,14.6,36653.2,6,0,0
3521840,10478,1672,0,0,256.0,64619.5,7,0,0
756484,2581,1460,2,4,14.6,54784.3,6,0,0
485991,1656,1976,2,4,2400.0,24251.6,1,0,0
3542533,361,1519,0,0,148.7,36288.9,7,0,0
729334,2493,2097,0,3,3300.0,74983.0,1,0,0
1017739,3477,1764,2,4,14.6,16589.7,6,0,0
2699136,8931,1995,0,3,6900.0,32203.6,1,0,0
244412,838,1225,2,4,2500.0,29300.0,1,0,0
689953,2357,1619,2,1,3869.0,21497.8,5,6,58773815
1231008,4214,1457,2,4,8100.0,50108.3,1,0,0
329318,1123,467,2,1,6668.0,45758.8,0,12,23123979
1087250,3714,1646,2,1,77.0,40804.9,3,3,64223658
3083800,10227,1239,1,4,4555.0,50244.8,1,0,0
446498,1516,798,2,1,2277.0,21782.0,5,13,87859165
397259,1352,1137,2,1,2976.0,67790.7,5,4,58356165
3577782,1441,1154,0,0,97.8,21525.5,7,0,0
1078459,3683,554,2,4,13600.0,34752.7,1,0,0
1108265,3785,576,2,4,14.6,39631.4,6,0,0
1468420,5001,1978,2,4,1400.0,30456.7,1,0,0
263116,900,796,0,3,8925.0,28911.9,1,0,0
3623375,2811,1976,0,0,139.1,31065.6,7,0,0
587217,1999,1713,2,1,2676.0,66055.6,5,3,51544994
234050,797,1950,0,2,34263.0,81783.5,1,8,48665332
378455,1287,1681,1,4,5688.0,49137.0,1,0,0
288166,988,1716,2,1,2512.0,28742.4,5,11,82773095
562458,1913,1580,2,4,14.6,37316.5,6,0,0
296719,1012,2016,0,2,24545.0,77424.7,1,4,7608801
771269,2632,521,2,1,2300.0,33521.8,3,5,36942219
958402,3265,1314,2,4,15900.0,21415.6,5,0,0
462476,1572,2143,0,3,13999.0,28651.4,1,0,0
2340380,7721,1974,2,4,15800.0,41300.5,1,0,0
600622,2044,1976,2,4,14.6,61057.7,6,0,0
3636818,3220,1399,0,0,182.8,48843.7,7,0,0
1057367,3614,1734,2,4,11700.0,43290.2,1,0,0
94703,322,1777,0,3,16646.0,37365.5,1,0,0
3441318,1186,1856,0,0,37.6,16641.3,7,0,0
138166,462,1733,2,4,14.6,54246.7,6,0,0
2539571,8381,1714,2,1,740.0,34237.1,5,1,88732933
1027339,3508,1860,2,4,20200.0,16595.2,1,0,0
988575,3370,1429,2,4,14.6,34106.8,6,0,0
3464160,2922,1519,0,0,266.6,43987.2,7,0,0
1056269,3612,1562,2,1,4262.0,54895.4,3,5,65161853
1094173,3741,1889,0,3,6342.0,32591.5,1,0,0
3610682,2435,1276,0,0,114.0,34559.8,7,0,0
10755,36,2134,2,1,4069.0,71697.2,5,2,80693810
518562,1771,1121,2,4,2700.0,16840.8,1,0,0
731295,2499,1481,2,4,2500.0,31892.9,1,0,0
264639,903,913,2,4,2000.0,16694.8,1,0,0
1679240,5692,1840,2,4,4900.0,40026.3,1,0,0
560722,1908,1467,2,4,1040.0,17184.6,1,0,0
682748,2330,1740,2,1,601.0,20601.3,0,3,63786613
887197,3026,679,0,3,20740.0,43401.4,1,0,0
40332,131,1825,2,4,14.6,42396.1,6,0,0
367482,1249,1046,2,1,1361.0,30247.4,3,9,4520500
2862357,9472,1466,2,1,5119.0,89635.1,5,6,17279625
473199,1610,1546,2,4,15200.0,84877.2,1,0,0
1048645,3586,1765,2,4,14200.0,44311.4,1,0,0
856560,2919,1349,2,1,7331.0,19109.3,5,10,15447330
604977,2059,1125,2,5,2400.0,26174.3,1,0,0
7834,29,1680,2,1,6871.0,17188.0,5,10,32924878
3614781,2549,1703,0,0,207.3,48553.7,7,0,0
165753,554,1240,2,4,2600.0,22219.6,1,0,0
228222,775,920,0,3,20286.0,59236.6,1,0,0
3604147,2241,819,0,0,110.7,27702.8,7,0,0
3652338,3693,1794,0,0,371.0,95421.0,7,0,0
3474485,8320,1703,0,0,104.4,22586.3,7,0,0
58776,196,819,2,4,14.6,33048.2,6,0,0
833546,2838,1853,2,4,6000.0,53083.1,1,0,0
396665,1349,1279,2,4,2800.0,23289.6,1,0,0
413258,1404,1014,0,3,4100.0,30326.5,1,0,0
513729,1758,2044,0,2,22358.0,72059.0,1,1,91368162
180961,614,1848,2,4,850.0,23751.9,1,0,0
988174,3369,1059,2,4,2700.0,27207.8,1,0,0
249395,856,2013,2,1,137.0,42604.3,3,2,45113939
3603261,2216,1033,0,0,322.0,77482.0,7,0,0
32428,104,2077,2,1,1464.0,24382.4,1,10,8965999
641634,2190,1559,2,1,1490.0,25731.6,0,10,90605234
3654242,3750,1002,0,0,144.6,31976.7,7,0,0
810627,2762,1125,2,4,14.6,16336.1,6,0,0
833005,2837,1618,0,3,31725.0,57793.6,1,0,0
627561,2144,1090,0,3,15626.0,33074.6,1,0,0
808340,2754,1347,1,4,12218.0,17993.6,1,0,0
673068,2298,1923,2,4,17000.0,33570.5,1,0,0
3571251,1235,941,0,0,72.8,17436.0,7,0,0
313160,1069,459,2,1,3080.0,12634.7,5,13,41750836
1124251,3839,1834,2,4,4200.0,37759.0,1,0,0
929238,3166,2051,0,3,500.0,63694.3,1,0,0
3598508,2054,1094,0,0,156.8,36393.7,7,0,0
1263773,4321,1735,2,4,21000.0,100224.9,1,0,0
2347306,7745,1991,2,4,31700.0,75131.0,1,0,0
971243,3309,1483,2,4,1100.0,15177.7,1,0,0
175145,589,1801,0,3,30406.5,71495.5,1,0,0
3578954,1476,1672,0,0,72.6,18268.8,7,0,0
297191,1013,1691,2,4,1320.0,12970.4,1,0,0
3578715,1469,1825,0,0,128.3,31352.9,7,0,0
678092,2317,1997,2,4,12550.0,12571.2,1,0,0
562188,1912,1270,2,4,1600.0,26709.7,1,0,0
568547,1935,2043,0,2,49875.0,85387.8,1,12,83520716
997166,3404,1922,0,3,18409.0,64008.4,1,0,0
956347,3259,1808,2,5,600.0,51974.0,1,0,0
713072,2436,654,2,4,5400.0,39971.6,1,0,0
532054,1812,1550,2,4,14.6,14306.0,6,0,0
836282,2847,1920,0,3,7778.0,50293.2,1,0,0
905956,3087,1272,2,4,420.0,18192.4,1,0,0
323008,1104,1465,0,3,16085.0,56317.8,1,0,0
1048486,3586,1849,2,5,1600.0,42776.3,1,0,0
341968,1160,1335,2,4,3500.0,25920.0,1,0,0
589186,2005,1830,2,4,150.0,26617.6,1,0,0
3556945,814,1764,0,0,129.4,29920.1,7,0,0
414910,1410,1685,0,3,20795.0,91042.7,1,0,0
439557,1494,1921,2,4,22600.0,57980.6,1,0,0
63966,212,515,2,4,30.0,57451.1,6,0,0
3460858,2028,1491,0,0,201.9,34240.7,7,0,0
835860,2844,1827,2,4,2760.0,78082.7,1,0,0
3335973,11079,1983,2,4,6800.0,45623.1,1,0,0
973407,3316,2135,0,3,4000.0,23234.4,1,0,0
3438377,574,788,0,0,166.0,45271.3,7,0,0
3489804,7546,760,0,0,221.4,31115.4,7,0,0
3402788,11295,1555,2,4,6600.0,57970.5,5,0,0
544629,1852,185,0,3,400.0,400.0,1,0,0
1811187,6138,2068,2,4,14.6,22485.5,6,0,0
3456611,9337,1641,0,0,377.9,77752.2,7,0,0
250860,861,1413,2,1,9105.0,22669.7,5,10,19577122
296318,1011,884,2,4,3300.0,37568.8,1,0,0
394619,1341,1276,2,4,14.6,17119.8,6,0,0
1014644,3468,1484,2,4,6080.0,25740.7,1,0,0
562970,1915,1845,2,4,1800.0,16622.2,1,0,0
441745,1501,1847,2,4,480.0,19496.3,1,0,0
68992,230,1251,0,3,26239.5,66172.2,1,0,0
2442434,8051,557,2,1,4340.0,54733.5,8,1,43162244
705834,2417,801,0,3,400.0,18875.3,1,0,0
269413,923,1462,2,4,1200.0,23981.6,1,0,0
392514,1334,703,2,4,4200.0,27721.2,1,0,0
1131066,3864,1817,2,4,5000.0,28518.4,1,0,0
826098,2814,1076,0,2,4544.0,22764.2,2,8,35497665
374656,1276,2014,0,3,6774.0,25062.9,1,0,0
2956296,9790,1806,2,1,2791.0,23667.1,8,11,22918135
3452219,5483,423,0,0,53.1,17872.3,7,0,0
316035,1078,1854,2,4,960.0,20587.3,1,0,0
2579258,8519,1065,2,4,7400.0,30989.7,1,0,0
485840,1655,1464,2,4,1560.0,26330.7,1,0,0
453732,1541,1933,0,3,1600.0,29885.7,1,0,0
3563270,990,1641,0,0,218.8,54795.3,7,0,0
3597382,2019,2068,0,0,60.6,14927.9,7,0,0
567244,1931,774,2,1,23.0,20969.4,0,2,16274184
883049,3008,1374,0,2,6934.0,36452.2,2,9,33148783
26375,86,819,2,4,14.6,19441.7,6,0,0
45640,152,1317,2,4,6000.0,29745.9,1,0,0
1011719,3457,788,2,4,14.6,18491.3,6,0,0
777592,2651,1623,0,2,53894.0,88509.0,1,3,13750350
791853,2700,1800,0,2,45612.0,72463.4,1,12,59107029
591396,2012,1348,2,1,3844.0,30961.0,5,5,87907689
3567657,1127,454,0,0,189.2,39924.6,7,0,0
385234,1309,1044,0,2,39531.0,79264.7,1,10,74940770
3612861,2499,1519,0,0,109.4,28770.6,7,0,0
3556369,791,1856,0,0,70.2,14104.4,7,0,0
382549,1299,706,2,1,2291.0,28084.3,0,4,4791987
36562,117,1777,2,4,2900.0,27152.8,1,0,0
120154,403,736,2,1,2401.0,29075.1,5,6,15987736
572583,1948,1830,2,4,5400.0,34291.4,1,0,0
792146,2700,1957,2,1,2323.0,72850.3,0,8,33791315
509230,1742,1460,2,4,23800.0,51675.2,1,0,0
89883,303,1650,2,1,3803.0,39684.9,5,6,43664085
3506430,9017,1307,0,0,104.5,25357.0,7,0,0
3452935,5927,1338,0,0,51.2,8110.0,7,0,0
3651085,3655,1550,0,0,106.3,24009.5,7,0,0
985624,3362,2011,0,3,10942.0,44163.6,1,0,0
1282036,4385,2159,2,4,14.6,27924.7,6,0,0
3285564,10915,1980,2,4,8700.0,20408.6,1,0,0
785228,2676,1138,0,3,15263.0,30618.4,1,0,0
3293142,10942,788,2,4,30.0,35822.8,6,0,0
270984,928,1975,2,4,3000.0,62681.3,1,0,0
61745,204,2159,2,4,14.6,24198.7,6,0,0
783313,2670,673,0,3,24381.0,63234.5,1,0,0
245948,844,780,1,4,4491.0,59148.8,1,0,0
1140252,3898,552,0,2,6915.0,32469.9,2,10,49556386
604488,2058,1715,0,3,4053.0,24373.4,1,0,0
190857,648,1812,0,3,6100.0,83109.4,1,0,0
164394,549,1936,2,4,7600.0,29585.3,1,0,0
912677,3112,867,0,3,44981.0,113491.5,1,0,0
218139,741,2149,2,4,2000.0,57035.0,1,0,0
881953,3005,2080,2,1,8125.3,14920.5,8,2,95518534
758223,2585,1660,2,4,18100.0,3000.7,1,0,0
711598,2433,1681,2,1,1757.0,30523.5,5,4,28003591
3043775,10093,1380,2,1,6436.0,45348.3,8,4,24015391
296967,1012,584,2,4,1400.0,23793.1,1,0,0
477649,1628,315,0,2,4276.0,21510.0,2,11,15916598
3554393,726,698,0,0,117.8,28972.0,7,0,0
1876241,6353,1889,2,1,586.0,42628.1,5,3,55760598
3441785,1301,2159,0,0,61.1,17535.4,7,0,0
3439082,730,1368,0,0,285.4,63638.2,7,0,0
570552,1941,1429,2,4,14.6,33981.0,6,0,0
2780005,9201,1891,0,2,43002.0,73545.0,1,4,82294130
3149432,10451,1806,2,1,8049.0,22237.4,8,13,10042131
464470,1580,1826,2,4,6000.0,43032.0,1,0,0
862206,2936,1351,2,1,4247.0,27880.8,5,4,70934575
750472,2559,978,0,3,11268.0,43714.1,1,0,0
3589624,1801,788,0,0,89.1,15249.6,7,0,0
3055630,10131,2021,1,4,24884.0,26825.0,1,0,0
1754234,5952,2169,0,2,52968.0,105031.9,1,13,78708076
395296,1344,1110,2,4,5700.0,21099.2,1,0,0
3560190,900,1945,0,0,72.4,16128.4,7,0,0
477794,1628,1837,2,4,3850.0,17454.4,1,0,0
390219,1327,2011,2,4,2250.0,17014.9,1,0,0
872987,2973,1867,2,1,212.0,24360.7,0,2,26884633
1583655,5385,1622,0,2,22404.0,48907.4,1,13,21876913
70200,234,1153,2,4,2400.0,14732.2,1,0,0
192673,654,1775,0,2,6092.0,34215.1,2,6,79278325
3671913,5622,637,0,0,402.5,91261.2,7,0,0
1007380,3440,2013,2,1,20.0,37636.1,3,7,47094911
708402,2425,952,2,4,1200.0,38506.1,1,0,0
909555,3098,2165,2,4,3720.0,32777.7,1,0,0
1502079,5120,2181,2,4,13100.0,72039.3,1,0,0
3546378,474,1580,0,0,97.5,22152.3,7,0,0
3555109,748,607,0,0,139.4,32945.6,7,0,0
3468638,4109,1399,0,0,179.5,45536.3,7,0,0
3618866,2670,1519,0,0,89.4,21078.3,7,0,0
952218,3246,668,2,4,14.6,23073.0,6,0,0
1152536,3941,1827,2,4,330.0,18759.8,1,0,0
684143,2335,1585,2,1,485.0,6084.1,3,11,98547273
3649797,3623,1246,0,0,107.7,24375.3,7,0,0
3541799,340,1641,0,0,118.7,27640.3,7,0,0
822830,2802,1218,2,4,2100.0,27422.0,1,0,0
941927,3214,2077,2,1,2679.0,15703.5,5,3,20723015
3438046,540,729,0,0,188.5,48330.7,7,0,0
1147007,3923,2098,2,4,14.6,104180.4,6,0,0
3423023,11359,1862,2,1,4518.0,15112.1,5,8,33080721
348553,1182,1794,2,4,14.6,45082.2,6,0,0
110142,372,1290,2,1,2148.0,30404.0,0,7,83496254
1085583,3709,1286,2,1,1317.0,41104.5,0,7,33267444
963868,3284,796,2,4,3200.0,27662.7,1,0,0
1070599,3656,907,2,4,6600.0,22166.3,1,0,0
2520480,8316,1910,1,4,2235.0,65592.5,1,0,0
3573572,1306,1672,0,0,104.2,20310.4,7,0,0
500103,1704,1100,0,2,6923.0,25819.9,2,7,7631910
597901,2035,2076,2,1,917.0,68695.4,0,2,27185577
24151,80,1990,0,2,3378.0,22026.3,1,1,97203635
176499,596,796,0,3,16909.0,59518.4,1,0,0
821030,2796,2080,2,1,5291.0,59274.8,0,7,37211978
1012304,3460,1717,0,3,16071.0,89896.2,1,0,0
1244698,4258,1447,2,4,17000.0,42230.9,1,0,0
3680430,7133,2068,0,0,51.9,12848.3,7,0,0
800532,2730,1825,2,4,14.6,21734.7,6,0,0
1144987,3916,2020,2,1,2570.0,8183.1,3,1,23392904
542082,1843,239,0,3,1600.0,26099.1,1,0,0
2747345,9093,892,2,1,3155.0,57451.7,8,8,60554724
137798,461,1368,2,4,2900.0,39405.8,1,0,0
329847,1124,2082,1,4,23263.0,67044.6,1,0,0
3609843,2417,1641,0,0,85.5,22411.1,7,0,0
661709,2258,2068,2,4,14.6,29904.1,6,0,0
982263,3352,1491,2,4,14.6,17963.8,6,0,0
1106851,3780,1238,2,4,3400.0,21197.3,1,0,0
3621452,2749,637,0,0,155.9,64813.6,7,0,0
470323,1602,1863,0,2,4944.0,25885.2,2,10,37120229
580615,1975,2114,2,4,9200.0,31236.6,1,0,0
640634,2187,2182,0,3,35761.0,137377.8,1,0,0
3460899,2039,364,0,0,180.3,30864.1,7,0,0
657400,2246,1806,2,1,6930.0,78079.7,8,13,72096937
122485,411,515,2,4,14.6,34874.8,6,0,0
3596898,2004,1368,0,0,190.7,50096.5,7,0,0
120874,405,2042,2,1,1497.0,31607.0,0,12,11276412
959719,3269,1129,0,3,20235.0,53545.3,1,0,0
1273528,4355,668,2,4,14.6,26491.0,6,0,0
422665,1436,1073,0,3,6986.0,39507.0,1,0,0
365293,1241,2148,2,4,3000.0,11008.7,1,0,0
385910,1311,1733,2,4,14.6,11780.0,6,0,0
562781,1914,1915,2,4,14.6,57827.8,6,0,0
3614426,2541,1276,0,0,171.5,47138.7,7,0,0
330917,1127,1276,2,4,14.6,52974.5,6,0,0
718981,2463,1102,0,3,15460.0,40654.3,1,0,0
474462,1617,400,0,2,5953.0,27379.6,2,3,38875293
182686,621,1465,2,4,1560.0,47891.5,1,0,0
97217,332,2159,2,4,14.6,25142.6,6,0,0
3663719,4318,484,0,0,403.2,41435.2,7,0,0
776082,2647,1253,2,1,5303.0,44254.4,5,13,4161513
131335,441,1920,2,1,3041.0,81061.7,5,13,91662942
1468179,5001,1653,2,1,4588.5,26950.4,8,8,7923072
3528866,11271,1703,0,0,88.0,18244.0,7,0,0
265688,907,1569,2,4,3400.0,16249.5,1,0,0
840962,2862,637,2,4,14900.0,42283.2,1,0,0
2466013,8132,1546,2,4,12600.0,66791.3,1,0,0
232323,790,1951,2,4,8100.0,17093.0,1,0,0
2307858,7614,768,0,3,500.0,500.0,1,0,0
630987,2154,747,2,4,390.0,16965.0,1,0,0
281596,965,936,2,4,600.0,16857.0,1,0,0
681121,2325,1957,2,1,2155.0,29199.3,0,10,46773761
151566,506,1985,2,1,278.0,53666.4,3,5,18590253
789873,2694,952,2,1,3532.0,37358.1,5,10,95437645
3636959,3222,1976,0,0,84.8,20896.0,7,0,0
885144,3016,1825,2,4,14.6,41740.7,6,0,0
954153,3253,1834,2,4,6600.0,11531.0,1,0,0
1070397,3656,1412,0,3,1500.0,19893.3,1,0,0
2789451,9236,751,2,4,3240.0,18578.4,1,0,0
1146898,3923,1484,2,4,3800.0,75273.5,1,0,0
341120,1158,739,2,1,2171.0,28167.6,5,2,11980402
1092603,3735,1550,2,4,14.6,104470.9,6,0,0
2788916,9235,1415,2,4,1300.0,36799.2,1,0,0
19588,66,827,2,4,10500.0,42205.8,1,0,0
1425929,4858,2082,2,4,7600.0,6359.1,1,0,0
362573,1233,2014,0,2,3390.0,15533.9,1,11,99501376
884230,3012,1895,2,1,2601.0,41135.7,5,13,76434039
1135845,3882,585,2,1,1608.0,23166.5,5,6,49302369
1920996,6510,1511,2,4,13800.0,47046.5,1,0,0
998945,3410,2098,2,4,14.6,36209.3,6,0,0
15256,50,1480,2,4,8100.0,23172.0,1,0,0
3559080,875,1764,0,0,162.8,38891.7,7,0,0
3581788,1565,788,0,0,90.9,20316.8,7,0,0
3541290,326,2159,0,0,87.3,21181.2,7,0,0
641792,2190,1370,2,4,3900.0,24793.2,1,0,0
426641,1449,2120,2,4,4900.0,45847.4,1,0,0
970185,3306,1063,2,4,14.6,34595.5,6,0,0
767452,2620,484,0,3,400.0,22596.8,1,0,0
763733,2608,2007,2,4,2520.0,21359.5,1,0,0
3574189,1325,2190,0,0,91.5,21794.5,7,0,0
1033658,3534,1965,2,4,5400.0,37465.5,1,0,0
3253620,10807,1703,2,4,14.6,20128.3,6,0,0
31880,102,2159,2,4,14.6,42952.0,6,0,0
883652,3010,2037,2,4,14.6,53629.4,6,0,0
3544892,434,1764,0,0,59.8,13466.6,7,0,0
212164,720,1226,0,3,5875.0,31061.4,1,0,0
3235412,10738,1776,2,1,3221.5,90645.7,8,11,56781524
904858,3084,2141,2,1,7042.0,63388.7,8,7,37864983
7063,27,1068,2,1,4054.0,27524.1,5,2,28175699
648046,2216,2110,0,3,11955.0,67240.8,1,0,0
78305,260,1733,2,4,14.6,50248.8,6,0,0
919612,3134,1590,2,1,3268.0,55649.9,5,12,32364529
3469433,4264,454,0,0,249.4,60725.2,7,0,0
1097547,3750,896,2,4,22100.0,40579.3,1,0,0
451025,1534,2172,0,3,22414.5,56285.6,1,0,0
257166,882,424,2,4,4800.0,29647.0,1,0,0
436169,1482,1921,0,3,23076.0,61217.6,1,0,0
1207692,4131,760,2,4,14.6,19818.7,6,0,0
807284,2750,1460,2,4,14.6,31610.6,6,0,0
1024190,3497,2109,0,3,19468.0,73773.4,1,0,0
944783,3222,2138,0,2,3185.0,21534.6,1,12,2390736
2120037,7180,2138,0,2,24939.0,79967.9,1,1,19714105
806022,2747,1751,2,4,4440.0,16638.9,1,0,0
1549022,5270,2136,2,4,9600.0,50375.5,1,0,0
3452901,5927,423,0,0,112.4,30506.0,7,0,0
107243,364,1678,2,1,2221.0,16549.7,5,10,39232927
252651,866,191,0,3,12644.0,34442.1,1,0,0
421497,1429,1402,2,4,630.0,25214.3,1,0,0
3594749,1941,1399,0,0,123.6,21562.3,7,0,0
271311,929,910,2,4,14.6,35591.1,6,0,0
1657430,5622,1717,2,1,573.0,41391.9,0,3,71167778
386975,1315,1747,2,1,299.0,46783.8,0,9,62296283
776112,2647,2166,2,1,5303.0,91311.9,5,13,4161513
1900007,6434,2087,2,4,32100.0,38312.9,1,0,0
251602,862,1142,2,4,16500.0,51332.4,1,0,0
2036800,6902,2080,2,1,1370.0,19997.9,8,10,86353617
405061,1378,1125,2,4,14.6,47502.7,6,0,0
3588111,1760,1491,0,0,139.4,28954.6,7,0,0
409397,1394,1108,2,1,646.0,40703.3,0,10,14472324
3603166,2213,1672,0,0,100.0,24478.5,7,0,0
310221,1057,2172,0,2,4636.0,31485.0,2,12,16116291
833489,2838,1103,2,1,1370.0,47114.0,0,5,42194247
3592570,1881,1764,0,0,73.6,20763.6,7,0,0
3527823,11111,1399,0,0,98.7,24024.9,7,0,0
641047,2189,1654,0,3,20782.0,54937.2,1,0,0
1106942,3781,861,0,3,24033.0,66539.1,1,0,0
302162,1029,1474,2,1,8136.0,55904.0,5,11,28123855
660768,2255,1246,2,4,14.6,17117.7,6,0,0
212490,721,406,2,1,2194.0,13725.5,1,11,92811554
3597274,2016,1703,0,0,90.6,21342.3,7,0,0
701957,2403,1444,2,4,700.0,27295.8,1,0,0
3656867,3826,1125,0,0,73.6,23118.9,7,0,0
36036,116,2168,0,3,34684.5,77465.6,1,0,0
614250,2093,2008,2,4,15600.0,38166.7,1,0,0
909678,3099,856,0,2,6019.0,29073.3,2,2,2445555
1137245,3886,2155,0,3,7292.0,109357.9,1,0,0
637574,2176,1125,2,4,14.6,-1916.8,6,0,0
403614,1374,1776,2,1,8107.3,70334.3,8,12,38325822
170953,573,2159,2,4,30.0,49804.0,6,0,0
3551397,632,2129,0,0,85.5,21110.3,7,0,0
2874731,9513,1776,2,1,1527.0,23013.3,8,12,37582862
694517,2375,1471,2,4,4200.0,63690.4,1,0,0
3608639,2378,1460,0,0,337.9,91481.6,7,0,0
118447,397,1155,2,4,6900.0,48357.4,1,0,0
3624777,2854,2159,0,0,343.4,84436.9,7,0,0
51420,172,1081,2,4,22600.0,50947.7,1,0,0
3617045,2618,729,0,0,81.7,17770.0,7,0,0
768555,2624,1409,2,1,10744.0,59294.1,5,1,69800835
282651,969,852,2,4,15700.0,51176.3,1,0,0
1791469,6075,2006,2,4,14.6,15772.2,6,0,0
3589706,1802,1884,0,0,107.1,24406.9,7,0,0
3610773,2439,1764,0,0,120.1,29447.5,7,0,0
259791,890,1316,0,3,7041.0,23230.3,1,0,0
356288,1207,2111,2,1,9252.0,25798.3,5,10,70412289
405340,1379,1974,2,4,3600.0,36635.6,1,0,0
721986,2471,2078,2,4,24100.0,60434.7,1,0,0
131329,441,1738,2,1,3041.0,77761.7,5,13,91662942
684452,2336,1039,2,1,3058.0,15538.7,5,6,73208963
1092048,3734,1106,2,4,2700.0,25174.0,1,0,0
22006,72,1586,2,1,2286.0,61603.3,0,10,8297068
1531033,5215,1500,0,3,15487.0,54997.4,1,0,0
229985,783,1939,2,4,3200.0,25048.3,1,0,0
2895577,9591,1350,2,1,4362.7,15058.9,8,12,37543189
1311252,4478,377,0,3,24248.0,71589.3,1,0,0
3469973,4343,1519,0,0,248.3,61302.5,7,0,0
603497,2054,1624,2,1,1488.0,52115.1,5,10,18836146
310432,1057,1550,2,4,14.6,17286.7,6,0,0
123455,415,1623,2,1,8740.0,19782.4,5,8,64789080
1091049,3729,2129,2,4,14.6,14013.3,6,0,0
3446108,849,1884,0,0,27.4,1476.0,7,0,0
270806,928,1096,2,4,960.0,26821.8,1,0,0
3448468,2904,1246,0,0,97.6,30420.4,7,0,0
2304741,7606,1181,0,3,16634.0,68128.0,1,0,0
3636377,3210,1399,0,0,111.5,24146.2,7,0,0
3631933,3069,150,0,0,118.4,35669.1,7,0,0
277638,950,1589,0,3,19591.0,107140.7,1,0,0
25202,83,1136,2,1,3940.0,26309.9,0,3,41590857
272196,931,2077,2,1,461.0,17787.5,3,6,13773954
462702,1574,1686,0,2,4058.0,13174.0,2,9,32937985
1787825,6064,1774,0,3,5644.0,24327.8,1,0,0
3431237,11382,1945,2,4,14.6,63873.5,6,0,0
3554426,726,1703,0,0,130.4,31325.3,7,0,0
573103,1949,941,2,4,14.6,32034.5,6,0,0
79643,266,1515,2,4,20800.0,51259.5,1,0,0
3452436,5661,1976,2,4,3.2,48588.5,4,0,0
565739,1926,370,2,1,2643.0,10847.7,5,12,87020074
1156627,3957,2107,0,2,30463.0,70531.8,1,12,15323031
3623466,2813,2006,0,0,139.1,15397.1,7,0,0
1644179,5574,1380,2,1,3719.0,86937.4,8,2,52011740
3639974,3305,2159,0,0,57.5,13886.0,7,0,0
3539952,282,2006,0,0,183.7,47930.8,7,0,0
509729,1744,1486,2,4,880.0,13524.6,1,0,0
3437829,486,1672,0,0,132.8,36079.0,7,0,0
1223775,4190,1435,2,4,4160.0,33331.5,1,0,0
3666076,4626,1338,0,0,187.3,67625.0,7,0,0
302610,1030,1215,2,4,14.6,23176.4,6,0,0
209666,711,1811,2,4,7900.0,48162.6,1,0,0
441288,1499,1002,2,4,14.6,31999.2,6,0,0
2521882,8321,2018,2,1,7041.0,25620.9,5,12,27547550
3635578,3183,1429,0,0,148.8,33578.2,7,0,0
532909,1815,1224,2,1,3859.0,36963.1,0,9,69614529
708026,2424,1757,2,4,53800.0,55747.1,1,0,0
666547,2275,1407,0,3,13140.0,32521.6,1,0,0
524202,1788,379,0,3,1500.0,2600.0,1,0,0
2521620,8320,1838,2,1,9105.0,30161.8,5,6,9010935
1021464,3487,67,2,4,3800.0,30782.6,1,0,0
3056725,10134,2176,2,4,24400.0,59998.7,1,0,0
1279540,4377,839,1,4,24539.0,35611.5,1,0,0
1988994,6738,1623,2,4,17900.0,34594.2,1,0,0
470852,1603,1920,2,1,1187.0,40139.4,0,7,3211814
3498807,8316,668,0,0,277.5,50488.6,7,0,0
305039,1039,1709,2,4,48900.0,88563.6,1,0,0
261865,897,2122,0,3,31241.0,107077.6,1,0,0
3588525,1771,637,0,0,114.8,25009.7,7,0,0
2501963,8260,436,2,4,6800.0,81420.2,1,0,0
3083752,10227,1214,0,3,16478.0,65546.1,1,0,0
586287,1996,1773,0,2,23956.0,57114.9,1,2,41907382
768359,2623,1429,2,4,14.6,41878.9,6,0,0
331673,1129,1094,2,4,14.6,46180.9,6,0,0
3511786,9493,1429,0,0,164.9,35637.2,7,0,0
860543,2932,1983,2,1,4920.0,29799.4,5,9,17844856
881180,3001,1702,0,3,3200.0,35722.3,1,0,0
3444224,1880,1246,0,0,186.6,41799.3,7,0,0
1164764,3989,2006,2,4,14.6,19307.2,6,0,0
3453971,6866,2190,0,0,58.7,5421.7,7,0,0
792137,2700,1684,2,1,2323.0,51507.7,0,8,33791315
2023286,6856,1559,2,1,6965.0,30169.9,3,12,70674234
488103,1664,819,2,4,14.6,44644.0,6,0,0
3647406,3551,2037,0,0,62.3,15689.4,7,0,0
2610878,8625,1106,2,4,7500.0,63409.0,1,0,0
997399,3405,1474,2,5,800.0,41216.0,1,0,0
1107579,3783,1252,2,1,3041.0,32876.8,5,12,49779665
3215698,10670,1632,0,3,37699.0,117144.4,1,0,0
3031648,10049,1338,2,4,14.6,26119.2,6,0,0
584613,1990,802,0,2,3253.0,24383.4,1,6,71556716
315751,1077,607,2,4,14.6,23859.9,6,0,0
3591345,1841,2037,0,0,211.7,51355.4,7,0,0
359267,1220,1429,2,4,14.6,32284.4,6,0,0
1782,7,1641,2,4,14.6,52739.1,6,0,0
894955,3050,1845,2,4,5400.0,45575.1,1,0,0
54097,180,910,2,4,30.0,70831.3,6,0,0
808420,2754,1450,2,4,38800.0,39155.6,1,0,0
24650,82,831,0,3,36667.0,92285.8,1,0,0
999557,3413,1197,2,1,4359.0,55114.5,5,10,21769154
298342,1017,880,2,4,14.6,52254.9,6,0,0
42451,141,1915,2,4,14.6,17271.6,6,0,0
1105943,3778,714,2,4,2080.0,75798.4,1,0,0
670119,2287,1895,2,1,6275.0,79981.4,5,6,35842073
34135,110,1770,2,1,3050.0,51790.9,5,8,24390584
280539,960,730,2,4,34600.0,56925.3,1,0,0
954970,3256,1836,2,1,4490.0,14794.9,0,12,73508322
2797828,9265,1202,0,3,10357.0,46321.0,1,0,0
3582028,1571,1856,0,0,83.7,13940.2,7,0,0
1004226,3426,1739,0,3,2400.0,35192.9,1,0,0
354898,1203,1101,2,1,346.0,42002.8,0,3,31680542
1070696,3657,2051,0,2,5569.0,31622.8,2,11,35416704
168025,562,1568,0,3,1900.0,44875.4,1,0,0
3441453,1232,1307,0,0,7.0,26217.0,7,0,0
2349796,7753,1828,0,3,36519.0,65474.0,1,0,0
660290,2254,1568,0,3,25257.0,74978.1,1,0,0
3531626,36,729,0,0,218.5,41859.7,7,0,0
831173,2829,2006,2,4,14.6,22893.6,6,0,0
667297,2278,1770,0,3,14408.0,48639.7,1,0,0
715954,2452,2045,0,2,5563.0,22667.5,2,1,86956369
3597307,2017,1672,0,0,116.4,29585.8,7,0,0
838509,2854,1838,2,4,13800.0,53166.1,1,0,0
3455284,8132,545,0,0,193.4,57583.7,7,0,0
89309,300,1163,2,4,800.0,27859.1,1,0,0
1319043,4503,1262,1,4,24993.0,26555.6,1,0,0
3580057,1507,2068,0,0,213.2,52656.2,7,0,0
849778,2895,1747,0,3,18146.0,38871.7,1,0,0
562256,1912,1460,2,4,14.6,29037.7,6,0,0
48780,163,2050,2,1,3116.0,32877.4,5,11,86180990
597958,2035,1625,2,1,93.0,47915.6,0,12,54719960
1068214,3649,2113,2,4,13000.0,21231.6,1,0,0
1013912,3466,2012,2,1,742.0,56084.0,3,6,32844662
900355,3068,1281,2,1,3878.0,16172.3,5,13,6201172
2733316,9041,1354,2,4,4900.0,7019.3,1,0,0
3508376,9167,1825,0,0,94.6,23467.9,7,0,0
1145671,3918,1491,2,4,14.6,14326.4,6,0,0
231728,789,1288,0,3,5692.0,15438.2,1,0,0
3543149,385,576,0,0,96.3,23400.0,7,0,0
35912,115,1607,0,3,1700.0,44425.7,1,0,0
304949,1039,1672,2,4,30.0,102253.5,6,0,0
264246,902,1439,2,4,100.0,26246.2,1,0,0
1015432,3471,1992,2,4,18300.0,71326.2,1,0,0
17250,59,1007,0,3,14283.0,54524.7,1,0,0
1051471,3595,1865,2,4,3800.0,15560.3,1,0,0
574160,1954,1469,2,4,540.0,15935.3,1,0,0
735751,2513,2111,2,1,2655.0,19420.7,5,13,17385280
478183,1629,1368,2,4,14.6,19303.9,6,0,0
827111,2817,2106,2,4,12200.0,70359.5,1,0,0
15789,53,1774,0,2,4277.0,26013.1,2,11,7922441
136060,456,972,2,4,10800.0,49328.7,1,0,0
327614,1118,1741,2,4,5160.0,30606.3,1,0,0
1162050,3978,2038,2,4,18300.0,19284.1,1,0,0
1910936,6473,2027,2,4,6500.0,68560.2,1,0,0
1165792,3995,1983,2,1,3601.0,34076.6,5,6,10419178
120964,405,1794,2,4,14.6,81449.6,6,0,0
3324463,11042,981,1,4,5033.0,55172.2,1,0,0
3535143,143,2068,0,0,68.2,16484.3,7,0,0
154652,518,2134,2,1,2015.0,13284.8,0,7,13886338
239432,817,1592,2,1,8975.0,40204.7,8,1,75855749
974146,3319,862,2,1,2154.0,26856.6,0,11,77133154
1056632,3613,1585,0,3,9261.0,28236.9,1,0,0
703184,2410,130,0,3,600.0,600.0,1,0,0
3613037,2504,364,0,0,85.6,35449.6,7,0,0
232960,793,2,0,3,800.0,800.0,1,0,0
1148440,3927,1314,2,4,1400.0,21272.5,1,0,0
3532532,61,1519,0,0,68.5,16701.6,7,0,0
3349006,11123,1619,1,4,24491.0,26910.3,1,0,0
278274,952,1983,2,4,11100.0,45930.5,1,0,0
263640,901,729,2,4,14.6,25010.1,6,0,0
512362,1754,1703,2,4,14.6,74822.5,6,0,0
1119543,3824,1163,2,4,2100.0,23726.2,1,0,0
3456588,9337,1063,0,0,224.2,52255.8,7,0,0
911152,3107,434,0,2,6300.0,25400.0,2,9,51595199
2571562,8489,1377,2,1,3835.0,42066.7,5,10,2885187
356428,1207,826,2,4,1200.0,37378.0,1,0,0
1644473,5574,1969,2,4,29600.0,62041.8,1,0,0
817123,2783,2019,0,3,400.0,41948.4,1,0,0
3609055,2389,1491,0,0,245.5,40934.9,7,0,0
1131228,3865,1512,2,4,2000.0,65947.0,1,0,0
965459,3289,1967,2,4,1320.0,38457.3,1,0,0
760644,2596,609,0,3,200.0,200.0,1,0,0
618734,2111,1307,2,4,30.0,61303.6,6,0,0
3657907,3857,1915,0,0,42.6,14434.6,7,0,0
3327533,11054,2020,2,1,11506.0,24014.0,5,3,28344845
2592145,8564,1561,2,4,3300.0,21343.8,1,0,0
998001,3407,1285,0,3,2900.0,23260.8,1,0,0
279923,958,2032,2,4,2200.0,19879.7,1,0,0
891282,3038,1884,1,4,3934.0,60346.3,1,0,0
299277,1019,1483,2,4,15840.0,27704.2,1,0,0
3419864,11349,1306,1,4,2544.0,38816.5,1,0,0
314522,1073,1202,0,3,400.0,28644.0,1,0,0
3579575,1493,1002,0,0,85.6,20026.2,7,0,0
1039136,3554,560,0,3,500.0,29939.8,1,0,0
160335,538,1895,0,2,4039.0,17563.5,2,4,30588859
172239,577,1738,0,3,11771.0,55517.6,1,0,0
816526,2780,1703,2,4,14.6,50808.5,6,0,0
327384,1118,1983,0,3,11307.0,37795.9,1,0,0
732778,2504,2140,2,1,5513.0,64980.9,5,6,41117668
241011,823,1722,0,3,1100.0,1100.0,1,0,0
107741,365,1863,2,1,9.0,26113.7,0,11,89672892
1310448,4475,1856,2,4,14.6,29753.9,6,0,0
1015492,3472,1984,0,3,28734.0,94423.1,1,0,0
1033235,3533,1831,0,2,3191.0,32418.3,1,4,91073572
181277,616,829,0,2,6846.0,32879.9,2,12,87446176
215506,731,2061,2,4,2700.0,12623.0,1,0,0
3462688,2571,1976,0,0,253.9,67394.2,7,0,0
119314,400,527,2,4,9400.0,36156.2,1,0,0
3091920,10257,1700,2,4,1800.0,60696.8,1,0,0
3467680,3921,1856,0,0,142.7,28412.7,7,0,0
1215634,4161,1491,2,4,14.6,29718.5,6,0,0
813280,2770,1496,0,2,3855.0,28832.5,1,12,11620170
542121,1843,1469,2,4,4300.0,35287.1,1,0,0
1160170,3972,1402,2,5,1200.0,49798.6,1,0,0
3449297,3678,150,0,0,62.5,23981.2,7,0,0
1091511,3731,1961,2,4,210.0,22191.2,1,0,0
849307,2894,1773,0,3,29249.0,91202.3,1,0,0
835459,2842,2105,2,1,862.0,20447.4,3,1,97435020
1153491,3945,1130,0,3,3000.0,21100.0,1,0,0
605981,2062,1260,2,4,50500.0,77646.0,1,0,0
307113,1047,1399,2,4,14.6,23223.5,6,0,0
58151,194,1338,0,3,11000.0,15373.0,1,0,0
729791,2494,2098,2,4,14.6,29361.8,6,0,0
3235637,10738,1107,2,4,9600.0,21724.8,1,0,0
262178,897,819,2,4,14.6,22687.0,6,0,0
1777924,6030,515,2,4,14.6,40255.4,6,0,0
622370,2123,465,2,1,2141.0,14583.9,1,3,18685001
602960,2052,1987,2,1,263.0,45768.6,3,8,20428276
166645,557,1696,2,4,930.0,19095.3,1,0,0
1022218,3489,1832,0,3,16203.0,55030.5,1,0,0
948024,3231,1715,0,2,5575.0,21233.7,2,7,99892883
371526,1265,2129,2,4,14.6,37539.3,6,0,0
3555898,772,1856,0,0,300.2,56561.5,7,0,0
87483,292,1772,2,1,1986.0,8482.2,5,6,722319
3215832,10670,2047,1,4,12955.0,74466.4,1,0,0
1007431,3440,2105,2,1,5.0,53332.1,0,1,76361179
1053374,3603,1810,2,4,13300.0,50253.8,1,0,0
2727780,9024,1375,2,1,6270.0,16206.1,5,1,4807711
794150,2705,423,2,4,100.0,23095.5,6,0,0
1051059,3594,1945,2,4,14.6,15290.7,6,0,0
45311,151,1094,2,4,14.6,17039.0,6,0,0
323535,1105,1185,2,4,14.6,16788.1,6,0,0
486265,1658,736,0,2,3184.0,21363.7,1,6,35297125
166688,557,1856,2,4,14.6,18907.6,6,0,0
928063,3164,1257,0,2,6154.0,17233.7,2,12,80071824
456360,1550,1988,2,4,8640.0,27532.6,1,0,0
3583314,1610,910,0,0,298.0,61423.8,7,0,0
1058573,3618,1307,2,4,14.6,42823.7,6,0,0
556327,1893,1739,2,1,6289.0,33611.1,5,8,37540984
3533869,101,1976,0,0,205.7,49563.1,7,0,0
2464814,8129,1677,2,1,6184.0,35227.2,5,1,67742585
1057785,3617,1224,2,1,57.0,76292.3,5,1,52725309
1088596,3719,2165,2,1,3197.0,35953.9,5,9,49360007
153263,513,1685,2,1,7908.0,36398.7,5,3,99257760
201676,685,2006,2,4,30.0,74394.0,6,0,0
634348,2167,598,2,4,5900.0,43765.9,1,0,0
3460419,374,1611,0,0,182.3,35313.6,7,0,0
2579267,8519,1352,2,4,6600.0,41292.0,1,0,0
347420,1178,2050,0,3,20544.0,55930.7,1,0,0
3475808,8533,2098,0,0,323.6,75579.6,7,0,0
240315,820,1469,2,1,210.0,44732.1,5,9,12900066
1250525,4276,1574,2,4,22400.0,65116.4,1,0,0
3493952,7907,1672,0,0,81.3,18587.8,7,0,0
555485,1891,1222,2,1,172.0,49975.9,0,13,43767422
312068,1065,1779,0,3,1300.0,23811.3,1,0,0
3253578,10807,1463,2,4,2700.0,41524.8,1,0,0
169475,568,1316,0,3,12297.0,39355.6,1,0,0
194428,658,1825,2,4,14.6,28733.3,6,0,0
1486463,5065,2093,2,4,17200.0,15543.9,1,0,0
747312,2549,1399,2,4,14.6,47861.6,6,0,0
324010,1106,990,2,4,18600.0,46258.8,1,0,0
777188,2649,1915,2,4,14.6,58018.8,6,0,0
279258,956,1466,2,4,1450.0,43525.4,1,0,0
3578512,1463,1945,0,0,140.6,34413.2,7,0,0
260690,892,1002,2,4,14.6,34436.3,6,0,0
221189,751,1951,0,2,4350.0,23729.5,2,11,59883838
1701558,5767,946,2,4,3100.0,28841.1,1,0,0
159955,536,1586,0,2,5012.0,30045.1,2,13,41714489
677218,2313,2129,2,4,30.0,23056.8,6,0,0
786767,2681,1620,2,4,17600.0,38030.8,1,0,0
405095,1378,2159,2,4,14.6,89598.0,6,0,0
329086,1122,1043,2,4,7000.0,28800.3,1,0,0
862050,2935,1838,2,4,720.0,15537.7,1,0,0
2984693,9883,1519,2,4,14.6,22239.0,6,0,0
702344,2405,1998,2,4,11100.0,38538.0,1,0,0
590583,2010,1223,2,1,3876.0,15314.4,5,6,55216366
260988,893,1431,2,4,25700.0,62931.3,1,0,0
698888,2390,1592,2,4,4800.0,35671.0,1,0,0
1282307,4386,1883,2,4,10700.0,27387.8,1,0,0
876983,2987,515,2,4,14.6,44507.9,6,0,0
994711,3392,1758,2,4,2400.0,26941.2,1,0,0
587851,2001,2043,0,2,39102.0,103958.2,1,13,94522749
3608822,2382,1915,0,0,85.3,20722.5,7,0,0
3549318,565,1580,0,0,114.3,28338.9,7,0,0
757380,2583,280,0,3,2800.0,25700.0,1,0,0
1051048,3594,1611,2,4,14.6,6328.5,6,0,0
3646069,3509,1733,0,0,159.3,38084.1,7,0,0
1282078,4385,1586,2,4,5900.0,30053.4,1,0,0
2120490,7181,2006,2,4,100.0,52186.2,6,0,0
418023,1417,1276,2,4,14.6,33271.4,6,0,0
652592,2230,1713,0,2,5292.0,27701.2,2,10,97591661
1548671,5269,1429,2,4,14.6,62243.8,6,0,0
980326,3345,1862,0,2,4281.0,334.0,2,5,28620410
351638,1194,1884,2,4,14.6,35168.3,6,0,0
86969,290,1834,2,4,7200.0,46524.5,1,0,0
550661,1875,390,2,4,2000.0,17965.0,1,0,0
473493,1611,1826,0,3,1000.0,57729.6,1,0,0
865040,2944,1855,0,3,12000.0,36972.3,1,0,0
3647552,3558,395,0,0,178.6,40232.1,7,0,0
632124,2158,1788,2,4,3100.0,32280.7,1,0,0
3613203,2508,972,0,0,96.6,24006.0,7,0,0
3462302,2454,668,0,0,131.6,33058.8,7,0,0
3643828,3436,2006,0,0,127.0,23625.2,7,0,0
3616522,2603,1794,0,0,111.4,27375.1,7,0,0
493813,1684,1114,2,4,1800.0,31631.2,1,0,0
3647507,3556,1856,0,0,178.6,21313.0,7,0,0
3584763,1653,1915,0,0,264.3,70783.7,7,0,0
368922,1254,972,2,4,14.6,41543.5,6,0,0
3454487,7418,941,0,0,236.8,58621.4,7,0,0
352386,1197,391,2,4,780.0,29415.3,1,0,0
611447,2082,819,2,4,14.6,54486.7,6,0,0
442419,1504,1963,2,4,20800.0,17648.6,1,0,0
260415,892,1924,0,2,6177.0,34903.4,2,5,90831237
994687,3392,1038,2,4,5000.0,36789.6,1,0,0
365181,1241,1891,2,1,227.0,19848.4,3,12,87002157
3647300,3549,1611,0,0,70.4,17293.1,7,0,0
3591631,1848,2159,0,0,112.0,28068.0,7,0,0
640716,2187,1338,2,4,30.0,62686.2,6,0,0
283337,973,1625,0,2,5760.0,30078.0,2,13,40719056
677765,2315,2006,2,4,14.6,26902.0,6,0,0
3597887,2033,1491,0,0,97.6,13487.2,7,0,0
209454,711,737,2,1,3243.0,27104.8,5,1,97111349
242835,831,1764,2,4,14.6,12587.5,6,0,0
1079611,3687,1561,0,3,11944.0,61643.9,1,0,0
997511,3405,880,2,4,14600.0,40122.6,1,0,0
3382460,11231,1856,2,4,14.6,23556.0,6,0,0
151363,505,1984,2,4,240.0,15094.5,1,0,0
3570663,1216,1276,0,0,89.4,23036.0,7,0,0
2423704,7990,1429,2,4,14.6,62227.9,6,0,0
699589,2393,66,2,4,2500.0,25486.9,1,0,0
919537,3134,1131,0,3,19951.0,42116.8,1,0,0
663683,2266,1655,2,4,17400.0,40903.1,1,0,0
852228,2904,1445,2,4,8700.0,37769.9,1,0,0
45379,151,1238,2,4,2300.0,12084.7,1,0,0
1005842,3434,1593,2,1,988.0,16345.6,1,13,23543101
3552963,684,1491,0,0,48.4,10913.1,7,0,0
536339,1826,1945,2,4,14.6,43202.9,6,0,0
722050,2472,497,0,3,15935.0,52887.5,1,0,0
3453652,6473,1611,0,0,418.1,69268.0,7,0,0
463569,1577,1848,2,4,690.0,24472.2,1,0,0
2922166,9677,2098,2,4,14.6,31117.9,6,0,0
254760,874,1454,2,4,7500.0,22722.3,1,0,0
1546872,5263,2079,2,1,3950.0,54939.2,5,4,63990634
729765,2494,1307,2,4,14.6,37389.7,6,0,0
45348,151,308,0,3,2900.0,23928.8,1,0,0
3499149,8330,1338,0,0,123.0,35512.4,7,0,0
423871,1440,1313,2,1,2020.0,18782.0,0,5,63291668
579451,1972,159,2,1,2736.0,20922.8,5,13,67027497
98391,336,2171,2,4,700.0,60390.0,1,0,0
3573691,1309,1764,0,0,221.6,54212.9,7,0,0
3104119,10297,1379,0,3,21027.0,45517.0,1,0,0
1124925,3841,2085,2,4,1360.0,30800.4,1,0,0
920547,3136,760,2,4,14.6,26286.0,6,0,0
987939,3369,2081,0,3,4550.0,47778.2,1,0,0
898846,3064,890,2,1,1455.0,30710.7,5,5,63995122
904701,3083,1833,0,3,22858.0,71517.7,1,0,0
592610,2017,2173,2,4,2700.0,15316.8,1,0,0
258553,885,1105,2,4,18700.0,45734.8,1,0,0
379078,1289,1808,0,3,35011.5,93435.7,1,0,0
59953,200,717,2,4,2700.0,42989.3,1,0,0
392315,1334,1223,0,3,5627.0,28215.6,1,0,0
852461,2905,1480,2,4,1080.0,39884.5,1,0,0
3443882,1788,1063,0,0,130.9,33066.2,7,0,0
198875,675,1438,2,1,6358.0,26312.9,5,7,74623369
638679,2179,1527,2,1,78.0,28604.1,0,8,22667289
1150374,3935,682,2,1,1070.0,44594.0,0,7,46342325
154173,517,1321,2,1,9255.0,59093.9,5,11,82919829
152350,510,582,2,1,2442.0,40503.4,5,13,34629786
1115160,3808,545,2,4,14.6,16127.5,6,0,0
3646714,3534,1825,0,0,248.0,52383.7,7,0,0
1001814,3419,1095,2,4,2760.0,19348.5,1,0,0
208000,706,1976,2,4,14.6,23653.8,6,0,0
837470,2849,1841,2,4,2800.0,21241.2,1,0,0
3469260,4254,1338,0,0,66.9,18029.2,7,0,0
1476549,5033,1989,2,1,1820.0,46058.7,5,2,73070150
489655,1671,1834,2,1,502.0,31833.3,0,13,17247677
1113184,3802,1915,2,4,14.6,23401.2,6,0,0
295385,1008,1898,0,2,5902.0,28127.4,2,6,37875920
670945,2291,2014,2,1,3825.0,7272.5,5,6,69832765
3123484,10365,1889,0,3,31421.0,138204.7,1,0,0
4154,18,487,0,3,10248.0,78979.6,1,0,0
3659117,3898,760,0,0,125.6,25931.1,7,0,0
1234556,4225,395,2,4,14.6,41877.4,6,0,0
260749,892,1368,2,4,9600.0,13373.0,1,0,0
1503545,5126,1990,2,4,4080.0,26857.9,1,0,0
1086464,3712,910,2,4,14.6,13778.7,6,0,0
488662,1666,1856,2,4,14.6,31453.1,6,0,0
3578225,1453,607,0,0,144.8,52434.0,7,0,0
2872142,9504,1473,2,5,3000.0,68092.1,1,0,0
393933,1338,180,2,4,14.6,26855.2,6,0,0
3653998,3745,303,0,0,253.8,63216.3,7,0,0
878432,2991,1338,2,4,14.6,20074.2,6,0,0
534453,1820,2098,2,4,14.6,20426.3,6,0,0
3568492,1146,1002,0,0,290.7,69778.3,7,0,0
3598730,2062,2006,0,0,287.4,51132.5,7,0,0
1106947,3781,1014,0,3,24033.0,71220.5,1,0,0
173067,580,2006,2,4,14.6,23603.7,6,0,0
3445596,492,1884,0,0,28.4,5609.8,7,0,0
3207728,10645,1660,2,4,17400.0,58884.5,1,0,0
241032,823,2077,0,2,3284.0,22431.6,1,5,39077663
588081,2001,863,2,4,29500.0,50966.5,1,0,0
279198,956,2054,0,3,1100.0,52733.4,1,0,0
2123511,7190,1106,2,1,1056.0,25031.9,8,7,63233262
3525594,10906,849,0,0,295.7,81053.8,7,0,0
439618,1495,1099,0,3,24319.0,87853.6,1,0,0
473318,1611,1682,0,3,11712.0,43452.6,1,0,0
1109996,3789,1837,2,4,8400.0,38699.4,1,0,0
3609999,2422,1945,0,0,88.9,22525.1,7,0,0
778739,2654,1856,2,4,14.6,14747.5,6,0,0
233506,794,1990,0,2,3022.0,19514.7,1,9,67567401
174592,588,891,0,3,11451.0,37406.5,1,0,0
1026274,3504,1976,2,4,14.6,22889.6,6,0,0
3598134,2042,1733,0,0,65.8,15317.0,7,0,0
155165,519,1455,2,4,2400.0,29317.6,1,0,0
796245,2712,757,2,4,1280.0,22517.0,1,0,0
130337,437,1835,2,1,3106.0,82910.9,0,13,18505370
177773,601,1559,0,2,3345.0,20268.8,1,12,1233965
3469561,4283,1733,0,0,293.9,72339.5,7,0,0
711879,2434,922,0,3,4391.0,20834.3,1,0,0
193043,655,1590,2,1,1899.0,72239.8,5,2,91412663
2652516,8772,1460,2,4,14.6,16703.9,6,0,0
1951137,6609,1166,2,1,1671.0,13721.3,8,10,70020216
3456075,9017,1672,0,0,48.2,13374.6,7,0,0
459594,1564,1958,0,3,1900.0,32480.7,1,0,0
82991,278,1410,0,3,20749.0,60429.8,1,0,0
3623496,2814,972,0,0,77.1,18126.7,7,0,0
3583717,1622,1611,0,0,86.1,20670.5,7,0,0
1047641,3583,1074,0,2,5336.0,35541.1,2,12,19092953
990834,3378,1437,2,1,6387.0,48282.3,5,6,76775717
295153,1007,1382,0,3,1400.0,41348.4,1,0,0
1086760,3713,461,2,4,3300.0,34348.0,1,0,0
259250,887,961,2,4,1920.0,15005.8,1,0,0
394389,1340,2129,2,4,1440.0,15918.6,1,0,0
3513056,9627,1825,0,0,182.1,37403.8,7,0,0
3466195,3520,972,0,0,194.3,49184.5,7,0,0
275973,944,2098,2,4,14.6,41630.3,6,0,0
650347,2222,942,1,4,8111.0,41412.8,1,0,0
3117521,10345,1794,2,4,14.6,19527.3,6,0,0
393916,1338,1257,2,4,8100.0,26696.4,1,0,0
516615,1766,1832,2,1,2390.0,21304.5,0,8,41643542
3445834,773,1063,0,0,162.7,42560.4,7,0,0
497274,1695,1777,0,3,5803.0,62449.2,1,0,0
47435,159,2012,2,4,12500.0,55919.3,1,0,0
1023230,3492,1402,2,4,14200.0,31888.2,1,0,0
882511,3007,159,2,1,1405.0,75712.9,0,6,5890685
650212,2222,381,0,3,25284.0,44353.4,1,0,0
294714,1006,523,2,1,60.0,27901.8,3,3,76910799
1571642,5343,1409,0,3,12720.0,17579.7,1,0,0
305972,1043,1896,0,3,24182.0,75282.0,1,0,0
581038,1978,463,0,2,34202.0,76682.9,1,10,78523957
1034282,3536,1092,2,4,3920.0,22828.2,1,0,0
546092,1858,1826,2,4,1040.0,23322.3,1,0,0
3461339,2095,1945,0,0,251.4,61395.5,7,0,0
944069,3220,423,2,4,14.6,41461.0,6,0,0
171310,574,1170,2,4,13800.0,50671.5,1,0,0
392846,1335,2006,2,4,14.6,40265.9,6,0,0
83496,279,407,2,4,1350.0,13259.5,1,0,0
476000,1622,1467,2,4,1560.0,30769.0,1,0,0
2473018,8159,1038,2,4,3700.0,25780.1,1,0,0
114733,388,1263,2,4,15100.0,16879.6,1,0,0
923292,3146,1558,2,4,3500.0,20178.0,1,0,0
527045,1799,1746,0,2,5101.0,22756.4,2,12,14614099
369729,1257,1893,0,3,18639.0,45141.2,1,0,0
1245323,4260,1344,0,2,24453.0,47880.3,1,5,35805535
582229,1980,1230,2,4,2900.0,25377.8,1,0,0
672279,2296,2046,0,3,22037.0,36153.5,1,0,0
1793832,6083,1784,0,3,42510.0,112804.6,1,0,0
381978,1297,668,2,4,14.6,38083.3,6,0,0
475976,1622,1864,2,1,1028.0,31930.7,0,5,83712011
732082,2502,1951,0,3,5828.0,17448.7,1,0,0
1113193,3802,1383,2,4,300.0,24816.8,1,0,0
1596548,5423,984,2,1,446.0,85410.7,5,7,5680722
410704,1398,1344,2,4,1500.0,35100.0,1,0,0
386258,1312,1672,2,4,4600.0,21227.4,1,0,0
276442,946,1665,2,4,21000.0,42389.5,1,0,0
105212,358,2037,2,4,14.6,15991.4,6,0,0
356087,1206,2098,2,4,14.6,15632.3,6,0,0
754270,2574,1137,0,3,14319.0,34562.4,1,0,0
367526,1249,1482,2,4,2310.0,25712.1,1,0,0
169288,567,1958,0,3,600.0,27416.4,1,0,0
3533732,98,1856,0,0,54.9,10663.8,7,0,0
770762,2630,1641,2,4,14.6,27074.5,6,0,0
1977953,6701,1213,0,3,2500.0,36930.4,1,0,0
1207566,4131,1951,2,1,4696.0,94635.1,0,11,18379521
814752,2773,2129,2,4,14.6,59982.8,6,0,0
1166783,3999,1016,0,3,12245.0,49327.1,1,0,0
93384,318,1929,2,1,2858.0,29720.8,5,4,74740838
3594475,1936,1154,0,0,54.2,13384.0,7,0,0
3601143,2146,1063,0,0,146.7,31471.3,7,0,0
79458,266,1953,1,4,5986.0,43086.1,1,0,0
3197160,10607,2045,2,4,41800.0,81873.0,1,0,0
3605615,2287,1491,0,0,209.4,36615.6,7,0,0
103131,352,1651,2,1,1992.0,13775.0,5,6,56583434
1086905,3713,1598,0,3,3900.0,84107.9,1,0,0
1049647,3591,1336,0,3,8322.0,44600.1,1,0,0
668022,2281,1137,0,3,14463.0,45590.7,1,0,0
935564,3193,2129,2,4,14.6,13428.4,6,0,0
333324,1134,825,0,3,11970.0,27328.6,1,0,0
3565680,1069,1002,0,0,74.3,18587.8,7,0,0
206965,702,369,2,4,1840.0,14298.5,1,0,0
915054,3118,1464,2,4,6700.0,39201.7,1,0,0
1218443,4171,951,0,3,20474.0,73262.6,1,0,0
3554193,720,1491,0,0,83.3,16705.5,7,0,0
623776,2128,1467,2,4,1120.0,20003.0,1,0,0
191848,651,1954,2,1,4062.0,71426.0,0,2,54411101
236773,809,1103,0,3,19618.0,20518.0,1,0,0
214582,728,2006,2,4,14.6,13088.8,6,0,0
516475,1766,1224,2,1,43.0,25209.9,0,3,6482232
475382,1620,1399,2,4,14.6,25114.4,6,0,0
1878008,6358,2111,2,1,13076.0,36037.8,5,3,69701927
1804259,6118,1690,2,4,3600.0,46593.2,1,0,0
3123125,10364,1718,2,4,500.0,61484.5,1,0,0
765140,2613,788,2,4,14.6,13993.6,6,0,0
804638,2741,1207,2,4,29200.0,57252.4,1,0,0
793987,2705,1893,2,1,10723.0,17039.5,5,4,33252960
878184,2991,1434,2,1,121.0,49839.6,0,2,47281420
646625,2209,1641,2,4,14.6,24696.9,6,0,0
3466095,3510,1429,0,0,341.4,61654.7,7,0,0
3657528,3845,1580,0,0,143.5,34577.3,7,0,0
1787067,6061,1801,2,4,200.0,62169.1,1,0,0
757544,2584,1625,0,2,4188.0,17922.0,2,6,33875447
531792,1811,1314,0,3,900.0,32534.6,1,0,0
885143,3016,1794,2,4,14.6,35828.9,6,0,0
1019971,3483,1192,0,2,3260.0,20440.2,1,5,84752761
82825,277,1246,2,4,100.0,40246.0,6,0,0
326620,1115,1884,2,4,14.6,16440.5,6,0,0
3302793,10973,828,1,4,19915.0,73221.1,1,0,0
361226,1227,2048,2,1,101.0,32133.7,0,4,57943856
1010665,3453,1158,2,4,12000.0,39300.9,1,0,0
146490,490,1276,2,4,14.6,16570.8,6,0,0
3587564,1738,1399,0,0,1.7,9395.7,7,0,0
679867,2321,1788,2,4,8400.0,67132.1,1,0,0
73671,244,522,2,1,226.0,30275.4,0,8,78948193
3630622,3030,1338,0,0,75.9,18429.9,7,0,0
765014,2613,1290,2,1,2154.0,27495.1,0,4,49477297
311616,1062,1421,2,4,14000.0,52848.3,1,0,0
3650928,3652,1550,0,0,24.5,7021.4,7,0,0
263388,900,1620,2,4,5600.0,22697.9,1,0,0
1005059,3430,1683,0,2,3844.0,22239.9,1,4,99804210
412842,1404,618,2,1,123.0,64832.0,0,2,76187407
107363,365,1313,0,2,17660.0,38233.5,1,4,49404096
369733,1257,2015,0,3,18639.0,55639.7,1,0,0
1001828,3419,1829,2,4,600.0,26666.8,1,0,0
175775,593,1314,0,3,13878.0,14678.0,1,0,0
743356,2538,733,2,4,1680.0,26299.0,1,0,0
101026,345,2080,0,3,16431.0,68089.7,1,0,0
1292149,4415,1562,2,1,6170.0,45378.2,8,3,42558240
871703,2970,2172,0,3,14487.0,44179.2,1,0,0
431902,1468,703,0,2,3224.0,20226.4,1,12,60079216
638622,2179,1619,2,1,240.0,32147.7,3,13,6092787
758414,2586,1716,2,4,17600.0,52321.3,1,0,0
495167,1688,1094,2,4,14.6,22736.0,6,0,0
912319,3110,1641,2,4,14.6,25739.7,6,0,0
1124289,3839,1338,2,4,14.6,29702.0,6,0,0
1192304,4081,1259,0,3,17817.0,19577.6,1,0,0
3110670,10320,2006,2,4,14.6,44909.3,6,0,0
185645,629,1773,2,1,1207.0,21413.6,5,9,91464036
931888,3178,1923,2,1,1665.0,12421.8,1,3,10611677
540959,1838,1915,2,4,14.6,44857.9,6,0,0
1159668,3971,1789,0,3,26160.0,58493.4,1,0,0
1123388,3837,1528,0,2,13776.0,57188.8,1,10,92881422
2575643,8505,1710,2,4,3900.0,46552.5,1,0,0
3584003,1630,1703,0,0,81.0,19350.3,7,0,0
3510118,9333,1491,0,0,110.9,60844.0,7,0,0
837352,2849,1074,2,1,2704.0,23354.7,5,11,46355319
1030499,3521,494,0,3,30320.0,165361.8,1,0,0
2895918,9591,1759,2,4,29600.0,49898.6,1,0,0
3573646,1308,1733,0,0,135.9,33512.6,7,0,0
633055,2161,1173,2,4,21000.0,39874.5,1,0,0
2627960,8688,1889,0,3,17636.0,57128.5,1,0,0
302818,1031,1442,2,1,747.0,39742.4,0,7,53443789
938290,3201,1457,2,4,3840.0,31338.1,1,0,0
249272,856,1560,0,3,12807.0,46122.4,1,0,0
62637,207,445,0,3,1500.0,20470.4,1,0,0
393150,1337,2135,0,3,4896.0,68356.9,1,0,0
2780792,9203,1611,2,4,14.6,84360.6,6,0,0
3619652,2695,1460,0,0,290.1,62851.0,7,0,0
287562,985,819,2,4,14.6,15013.5,6,0,0
780162,2660,1113,2,4,4800.0,86316.7,1,0,0
1399828,4768,1341,2,4,53900.0,71361.5,1,0,0
676628,2311,1923,2,4,4400.0,60321.9,1,0,0
923535,3147,1257,2,1,33.0,41024.6,3,2,85648721
1129092,3858,1703,2,4,14.6,56079.6,6,0,0
3333170,11069,1562,2,1,2482.0,29987.8,8,9,55347859
80002,268,1676,0,3,41677.0,76995.6,1,0,0
435300,1479,2043,0,2,3244.0,18106.7,1,4,79756843
1163731,3983,874,2,4,19100.0,34061.8,1,0,0
738911,2523,1270,0,3,100.0,16972.2,1,0,0
83684,280,772,0,3,12043.0,22180.4,1,0,0
3604268,2243,1307,0,0,203.1,44096.2,7,0,0
845328,2878,2012,0,2,6863.0,21252.3,2,1,16487795
664504,2269,619,2,1,4581.0,23272.2,5,10,9433424
1015300,3471,1681,0,3,21968.0,64338.9,1,0,0
445459,1513,545,2,4,14.6,30578.2,6,0,0
263025,899,1731,2,4,14400.0,20545.6,1,0,0
523500,1786,564,2,4,12400.0,36009.9,1,0,0
2448590,8073,1015,0,3,16877.0,80759.4,1,0,0
813443,2770,2077,2,1,1582.0,37726.0,0,8,52641576
441327,1499,361,0,3,9300.0,18550.0,1,0,0
397203,1352,1254,0,3,37200.0,82079.6,1,0,0
274102,939,2037,2,4,14.6,18014.9,6,0,0
115468,390,2168,0,3,8562.0,75684.2,1,0,0
1024987,3499,1712,2,4,26300.0,56671.2,1,0,0
1897382,6425,1983,0,3,18552.0,39972.4,1,0,0
801147,2732,1531,2,4,7200.0,55933.4,1,0,0
159630,535,1646,2,1,62.0,42557.8,0,11,15932035
3465707,3445,576,0,0,143.8,33623.3,7,0,0
824578,2810,2168,0,3,17118.0,35297.7,1,0,0
3442053,1344,1580,0,0,364.1,48073.5,7,0,0
308929,1053,1137,0,3,9785.0,21419.0,1,0,0
796913,2714,1464,2,4,750.0,20665.0,1,0,0
2788890,9235,2077,0,3,15698.0,62079.7,1,0,0
1124773,3841,1864,0,2,4547.0,34343.1,2,3,73988407
3461738,2274,1856,0,0,122.8,24725.7,7,0,0
73362,243,1307,2,4,30.0,68775.1,6,0,0
1599255,5428,1963,2,4,39800.0,65193.5,1,0,0
353703,1201,1318,2,1,1836.0,26950.1,0,8,53580081
3657588,3847,1641,0,0,258.2,54404.1,7,0,0
2023402,6856,1519,2,4,14.6,18035.3,6,0,0
1170502,4013,940,2,4,3800.0,28795.8,1,0,0
1310933,4476,918,2,4,7100.0,28475.9,1,0,0
3571323,1238,2098,0,0,141.7,35616.6,7,0,0
835551,2842,607,2,4,14.6,18668.3,6,0,0
364689,1239,526,2,4,6950.0,21705.3,1,0,0
66171,220,392,2,4,1600.0,16834.3,1,0,0
916536,3124,1519,2,4,14.6,37558.0,6,0,0
1076232,3676,1824,2,4,2900.0,15190.7,1,0,0
2874687,9513,1533,2,1,8319.0,27457.8,5,12,64432430
1119181,3823,1830,2,4,1450.0,14681.6,1,0,0
250613,860,347,2,4,8000.0,31240.1,1,0,0
943475,3218,1499,2,4,660.0,14233.2,1,0,0
442706,1505,2152,2,4,9300.0,-11843.9,1,0,0
329226,1123,2049,0,3,16230.0,32434.4,1,0,0
600950,2046,1897,0,2,3110.0,19163.6,1,6,38624864
35019,112,1895,2,1,2051.0,19553.3,5,1,41812431
977416,3330,1698,2,4,30400.0,56088.2,1,0,0
1036807,3546,2034,2,4,18300.0,63349.7,1,0,0
67612,225,1255,2,1,2.0,27082.0,0,6,93545496
179585,608,1826,2,4,960.0,20213.1,1,0,0
388436,1320,1845,2,4,800.0,13196.1,1,0,0
792697,2701,1078,2,4,4000.0,29597.9,1,0,0
838350,2853,1880,2,4,5500.0,67576.4,1,0,0
550584,1875,1617,2,1,3094.0,12618.7,5,8,47586584
1037967,3550,1910,2,4,5000.0,31049.2,1,0,0
3122163,10361,2136,0,2,43440.0,50371.3,1,11,25468045
328597,1120,1705,2,4,2080.0,17829.3,1,0,0
609992,2077,1007,0,3,4305.0,35562.8,1,0,0
106888,363,1829,0,3,15798.0,78810.3,1,0,0
641419,2189,951,2,4,14000.0,48497.3,1,0,0
829584,2824,2098,2,4,14.6,94945.2,6,0,0
73052,243,1605,0,3,9838.0,52125.0,1,0,0
3454733,7523,1215,0,0,124.2,32082.9,7,0,0
3496847,8129,1368,0,0,222.5,57073.5,7,0,0
381001,1294,880,2,4,14.6,36511.2,6,0,0
72099,239,880,2,4,30.0,54465.8,6,0,0
3534777,126,1915,0,0,263.3,102122.4,7,0,0
444094,1510,1641,2,4,14.6,15208.2,6,0,0
919304,3133,1549,2,4,5760.0,18873.4,1,0,0
417369,1416,1226,0,3,20602.0,104212.9,1,0,0
3523500,10694,1945,0,0,0.1,2451.5,7,0,0
816002,2779,1375,2,1,34.0,46543.9,0,9,69750815
2589890,8558,1014,2,1,4806.5,16146.9,8,8,72949552
3461118,2059,2190,0,0,128.2,36944.4,7,0,0
3605767,2292,1215,0,0,115.5,26771.3,7,0,0
62030,206,1481,2,4,3240.0,20072.7,1,0,0
684379,2336,1015,0,3,5177.0,22822.6,1,0,0
574556,1956,2139,2,1,4674.0,48118.1,5,11,409156
42926,143,2045,0,2,4924.0,20588.1,2,1,56894928
757381,2583,310,2,4,1100.0,24600.0,1,0,0
2782029,9208,1932,1,4,6433.0,27295.7,1,0,0
144390,484,1337,2,4,3000.0,22320.4,1,0,0
565554,1925,1399,2,4,14.6,28732.0,6,0,0
1161406,3977,977,0,2,4636.0,21743.5,2,11,15336639
548652,1868,2153,0,3,200.0,29393.8,1,0,0
545247,1854,1733,2,4,14.6,46046.0,6,0,0
436604,1483,1283,2,4,4800.0,29989.9,1,0,0
515637,1762,2098,2,4,14.6,33958.5,6,0,0
713765,2439,2006,2,4,14.6,19245.6,6,0,0
874308,2978,1196,2,1,3212.0,20622.7,5,7,20491338
408571,1391,2020,2,4,16900.0,33885.1,1,0,0
3546102,465,1580,0,0,126.0,25792.6,7,0,0
427587,1452,1288,2,4,11200.0,46440.7,1,0,0
1488320,5072,1532,2,1,1863.0,31656.8,5,2,10877579
2120292,7181,1922,2,1,5030.0,78424.1,5,11,66605192
542849,1846,1125,2,4,14.6,12491.7,6,0,0
382188,1298,1989,0,3,18669.0,36691.7,1,0,0
2326179,7674,1606,0,3,9618.0,86608.7,1,0,0
3662191,3999,1307,0,0,198.1,58345.3,7,0,0
1215201,4159,309,2,4,100.0,20474.1,1,0,0
1082644,3697,1835,2,4,3000.0,32139.6,1,0,0
248700,854,2043,2,4,1400.0,27913.3,1,0,0
829315,2824,677,2,1,7289.0,34014.3,5,3,94259202
3215621,10670,343,0,3,18440.0,18840.0,1,0,0
884745,3014,2171,0,3,4700.0,39928.8,1,0,0
869298,2960,1456,2,4,2900.0,41025.2,1,0,0
3149206,10451,1497,2,1,2439.0,430.3,5,2,58286762
229698,781,1915,2,4,14.6,14151.0,6,0,0
3606462,2315,1945,0,0,146.4,32791.4,7,0,0
73716,244,1891,2,1,226.0,50012.1,0,8,78948193
373670,1272,1460,2,4,30.0,50231.2,6,0,0
2915448,9656,1826,2,4,6600.0,81403.3,1,0,0
799126,2724,1915,2,4,14.6,54429.0,6,0,0
1911130,6473,1672,2,4,14.6,69549.5,6,0,0
3530035,11362,2159,0,0,128.7,27737.4,7,0,0
478182,1629,1338,2,4,14.6,17114.0,6,0,0
125255,422,2110,0,2,25207.0,60983.6,1,8,68884998
496383,1692,1883,2,4,11700.0,6488.4,5,0,0
969499,3304,1899,2,4,3240.0,20281.6,1,0,0
1060117,3623,2129,2,4,14.6,18192.1,6,0,0
456143,1549,1744,2,1,4052.0,47673.2,5,8,11773330
101082,345,1591,2,1,8819.0,30781.8,5,9,68522327
315077,1075,1823,0,3,1900.0,49205.8,1,0,0
96988,331,1794,2,4,14.6,22004.8,6,0,0
625264,2134,1403,2,4,7600.0,35779.4,1,0,0
825259,2812,1474,0,3,24510.0,40357.4,1,0,0
1115815,3810,1592,2,4,2100.0,26112.4,1,0,0
811847,2766,2137,2,1,3498.0,63322.1,5,9,91327929
3603496,2222,272,0,0,149.8,27792.1,7,0,0
310642,1058,2161,2,5,1000.0,50713.9,1,0,0
3558480,860,119,0,0,29.8,16514.8,7,0,0
3641852,3367,2068,0,0,439.8,112837.1,7,0,0
536497,1827,1198,0,2,4753.0,19856.5,2,4,36155593
514733,1761,647,2,1,294.0,31865.9,3,10,75990485
3635622,3184,1094,0,0,85.8,21585.4,7,0,0
631786,2157,1378,0,3,13641.0,25763.1,1,0,0
3439427,779,1368,0,0,56.2,21340.2,7,0,0
836487,2847,642,2,4,4800.0,34508.7,1,0,0
3583184,1605,1338,0,0,196.4,45850.8,7,0,0
3662315,4013,1856,0,0,119.9,22712.7,7,0,0
729051,2493,1592,0,3,8063.0,70546.4,1,0,0
1409136,4803,2129,2,4,14.6,32313.3,6,0,0
214946,730,766,1,4,3962.0,7455.0,1,0,0
1123846,3838,951,0,3,12573.0,49013.7,1,0,0
3575021,1354,1976,0,0,53.9,13386.1,7,0,0
961627,3276,1958,2,1,1017.0,36173.9,3,12,88365083
473748,1613,1646,0,2,6359.0,18736.8,2,9,7221281
964747,3287,236,2,4,1700.0,21136.0,1,0,0
939317,3206,1441,2,1,2434.0,72692.3,5,3,56025850
1596950,5423,961,2,4,5200.0,35532.0,1,0,0
168245,562,1045,2,4,17900.0,42865.7,1,0,0
3344768,11111,1656,0,3,20178.0,70058.2,1,0,0
1105230,3776,1953,2,1,4739.0,63140.8,5,5,41931992
3448259,2599,1976,0,0,309.8,99541.3,7,0,0
536994,1828,951,2,1,4036.0,28467.7,5,3,60668200
2502248,8260,1892,2,4,24400.0,84625.2,1,0,0
1736642,5891,1045,0,2,32594.0,64856.3,1,2,51054984
501940,1711,2076,0,2,3795.0,32832.0,1,1,76187556
290053,993,1923,2,4,13300.0,42382.5,1,0,0
3564777,1039,1611,0,0,358.6,72849.2,7,0,0
912517,3111,1457,2,4,720.0,66130.2,1,0,0
3369248,11186,921,2,1,9810.0,62855.5,5,12,55896991
250561,860,849,2,4,14.6,36908.3,6,0,0
341620,1159,1672,2,4,14.6,41424.8,6,0,0
3667966,4937,1976,0,0,145.0,33065.7,7,0,0
169885,569,2068,2,4,14.6,24209.8,6,0,0
3469959,4343,1094,0,0,237.4,53784.8,7,0,0
743256,2538,1563,0,2,6379.0,23529.7,2,10,65819728
1077077,3679,1588,2,1,3869.0,14800.4,5,2,36547637
99824,341,1499,0,3,15293.0,45381.3,1,0,0
867986,2956,2044,2,1,9042.0,36336.8,5,7,21069139
137700,461,333,2,4,14.6,29094.7,6,0,0
1188982,4071,1440,2,4,1500.0,73389.7,1,0,0
92418,314,2074,0,2,36897.0,59711.9,1,5,74523085
129949,436,1497,2,1,72.0,14209.7,0,5,61715274
974829,3321,1791,2,4,1550.0,36130.7,1,0,0
161075,540,1807,0,3,1500.0,21358.2,1,0,0
1136205,3882,423,2,4,14.6,24575.4,6,0,0
890185,3035,1101,2,4,4200.0,37054.8,1,0,0
897007,3056,1745,0,2,4352.0,21840.0,2,7,85470682
973375,3316,1175,2,4,2300.0,36957.9,1,0,0
714167,2441,1939,2,4,4100.0,24036.5,1,0,0
1030409,3520,1364,2,4,3000.0,20715.9,1,0,0
205828,699,319,2,4,6800.0,27870.6,1,0,0
190809,648,372,2,4,10500.0,35527.3,1,0,0
1102999,3767,1528,2,4,3800.0,38314.6,1,0,0
877661,2989,1215,2,4,14.6,18835.6,6,0,0
966554,3293,1770,2,4,38300.0,57336.3,1,0,0
738129,2521,2098,2,4,17600.0,52181.7,1,0,0
971164,3309,1191,2,1,731.0,21955.6,3,5,73238503
3557463,828,1915,0,0,104.5,26278.5,7,0,0
3638768,3268,1550,0,0,62.4,15285.2,7,0,0
335942,1142,1891,0,3,1900.0,23257.7,1,0,0
1133686,3874,1618,0,3,13188.0,46720.8,1,0,0
2350095,7753,398,0,3,500.0,23208.9,1,0,0
241234,824,1950,2,1,5406.0,33323.3,5,2,30595302
8406,30,1499,2,4,2400.0,27365.4,1,0,0
3600102,2110,2129,0,0,78.1,19915.2,7,0,0
549605,1872,1900,2,4,2100.0,25589.8,1,0,0
1225317,4195,1840,0,3,12516.0,44445.5,1,0,0
1046394,3579,861,0,3,24085.0,72319.5,1,0,0
1292042,4415,1226,2,1,77.0,53983.2,3,9,19646489
3551288,630,637,0,0,84.0,20069.2,7,0,0
897516,3058,1928,0,3,19513.0,58971.5,1,0,0
77229,257,1571,0,3,37780.0,102932.7,1,0,0
565567,1925,1794,2,4,14.6,26058.7,6,0,0
1123856,3838,1256,0,3,18860.0,39560.4,1,0,0
3438758,671,1976,0,0,69.2,16063.3,7,0,0
228056,774,1764,2,4,14.6,31566.1,6,0,0
1013810,3466,1831,2,1,2499.0,56539.9,5,6,45041459
68559,228,1107,2,1,2158.0,39997.2,0,3,26569271
2571678,8489,2165,2,4,2400.0,69419.2,1,0,0
334215,1136,743,2,1,6249.0,61244.0,5,13,58973252
51809,173,2171,2,1,735.0,79450.9,3,2,85405385
3591861,1856,1733,0,0,113.1,27446.7,7,0,0
889000,3032,753,2,4,1120.0,22017.0,1,0,0
953174,3250,1131,2,1,1880.0,17760.3,5,9,95726948
653453,2234,1559,2,4,960.0,14709.0,1,0,0
162194,542,1831,2,4,2000.0,16627.9,1,0,0
1897507,6425,1421,2,4,3000.0,17452.5,1,0,0
581892,1979,590,2,4,930.0,22157.4,1,0,0
1068668,3651,826,0,2,5081.0,32653.5,2,12,38447165
567704,1932,1804,2,4,3300.0,27595.7,1,0,0
723313,2476,522,2,1,2854.0,16337.3,5,5,23237085
3663180,4171,1641,0,0,146.5,39570.9,7,0,0
1329710,4543,801,0,3,4680.0,30893.2,1,0,0
191703,651,1928,0,3,20121.0,89704.6,1,0,0
185697,629,1526,2,1,1500.0,13933.6,0,12,2222919
482070,1641,1961,2,4,3000.0,34235.2,1,0,0
823294,2804,1868,0,3,6263.0,41103.3,1,0,0
722065,2472,954,0,3,15935.0,67503.8,1,0,0
697903,2386,2129,2,4,14.6,75831.9,6,0,0
3027032,10036,788,2,4,14.6,10554.9,6,0,0
668455,2282,1127,1,4,7271.0,57780.6,1,0,0
297394,1014,1474,2,4,19700.0,49421.4,1,0,0
3299434,10963,1085,0,3,21349.0,63121.6,1,0,0
711931,2434,317,2,1,2927.0,21584.0,5,2,94916831
691188,2361,1050,0,3,3400.0,19757.5,1,0,0
558139,1898,210,2,4,7000.0,35347.5,1,0,0
752659,2568,1287,2,1,306.0,46880.8,3,8,99602746
3632610,3091,1672,0,0,216.2,50368.7,7,0,0
3440409,1052,1703,0,0,78.0,19155.0,7,0,0
1754329,5952,677,2,1,3028.0,32267.2,5,4,68812089
1144708,3915,1399,2,4,14.6,45436.7,6,0,0
467083,1590,2049,2,1,5847.0,34483.7,5,10,5941856
1157984,3965,1832,0,2,14097.0,59659.0,1,8,66315013
958348,3265,1399,0,3,45603.0,80535.9,1,0,0
786164,2678,2145,2,5,2700.0,53456.8,1,0,0
3455278,8132,395,0,0,89.6,8056.9,7,0,0
420617,1426,1650,2,1,2681.0,20528.4,5,4,15124905
107365,365,1374,0,2,17660.0,35595.1,1,4,49404096
3671837,5602,2190,0,0,217.3,69552.4,7,0,0
308724,1052,454,2,4,14.6,28918.1,6,0,0
387077,1315,1068,2,4,2160.0,40824.5,1,0,0
83016,278,2170,0,3,31124.0,97477.7,1,0,0
956465,3259,615,2,4,4100.0,24670.0,1,0,0
150740,503,1482,2,4,2500.0,45195.2,1,0,0
770528,2629,1867,2,5,3100.0,17494.6,1,0,0
535105,1822,1460,2,4,14.6,29686.1,6,0,0
1003669,3425,618,0,2,3970.0,4470.0,1,1,15435099
695521,2378,1002,2,4,14.6,59506.7,6,0,0
1391806,4743,1338,0,3,32827.0,111794.8,1,0,0
383495,1302,1307,2,4,14.6,25344.3,6,0,0
532145,1813,757,0,3,45127.0,130835.7,1,0,0
705067,2414,1498,2,4,2000.0,10777.1,1,0,0
3638781,3268,1945,0,0,72.8,17335.9,7,0,0
453086,1539,607,2,4,100.0,4052.1,6,0,0
3509701,9263,1276,0,0,67.5,30524.3,7,0,0
3149352,10451,1555,2,1,689.0,2451.1,3,7,92217593
355119,1204,336,0,3,800.0,800.0,1,0,0
117886,396,1008,2,1,308.0,53952.1,3,8,57553499
3602085,2176,819,0,0,101.6,20343.5,7,0,0
1530506,5213,1117,2,4,11100.0,10945.2,1,0,0
887222,3026,1440,0,3,31110.0,49734.2,1,0,0
489345,1670,2047,2,1,1312.0,20573.2,0,9,66763526
23538,78,376,0,3,17478.0,45376.9,1,0,0
3554755,739,1215,0,0,48.8,25160.8,7,0,0
497858,1696,1826,2,4,600.0,21868.3,1,0,0
580170,1975,1258,0,3,21318.0,48429.3,1,0,0
549017,1870,2037,2,4,14.6,61151.9,6,0,0
152792,510,1981,2,4,18600.0,124616.4,1,0,0
242252,829,2170,0,2,3181.0,33669.0,1,3,99745600
721442,2470,1948,2,4,11900.0,20101.6,1,0,0
2832,11,1288,0,2,3494.0,24650.6,1,5,89189946
1013410,3465,1221,2,1,4543.0,59323.8,5,3,47699880
1035558,3541,2159,2,4,14.6,29254.8,6,0,0
482049,1641,1478,2,4,4200.0,23474.0,1,0,0
792992,2702,1923,0,3,24443.0,43598.0,1,0,0
1137160,3885,1971,2,4,3900.0,23906.5,1,0,0
12350,40,2127,2,4,12400.0,16848.0,1,0,0
112099,378,1462,2,4,8700.0,93350.2,1,0,0
515307,1762,1100,2,1,3352.0,33672.7,0,9,49858301
3633598,3124,1276,0,0,164.6,40303.6,7,0,0
424788,1442,1307,2,4,3480.0,30360.2,1,0,0
3539647,275,1307,0,0,73.5,18083.9,7,0,0
3615195,2558,2037,0,0,64.6,15567.5,7,0,0
111700,377,925,2,4,16400.0,38278.4,1,0,0
218194,742,392,0,3,400.0,400.0,1,0,0
541355,1841,2136,2,1,2840.0,39141.9,5,7,89823549
369923,1257,1943,2,4,11500.0,38946.9,1,0,0
348067,1180,1124,2,4,5400.0,34068.4,1,0,0
461100,1567,1835,2,4,11360.0,63415.8,1,0,0
846090,2881,342,2,1,4639.0,17482.5,5,13,90429490
431183,1465,1160,2,1,1904.0,12088.6,5,12,32052809
204042,692,1520,2,4,14700.0,38212.9,1,0,0
71678,239,316,0,3,33061.0,124032.5,1,0,0
515374,1762,951,2,1,1972.0,29142.9,3,7,87955689
883328,3008,957,2,4,500.0,29175.5,1,0,0
797785,2718,1595,0,3,1600.0,24183.3,1,0,0
419903,1423,1310,2,4,2900.0,17393.8,1,0,0
3524619,10807,1338,0,0,227.7,50758.0,7,0,0
204775,695,1356,2,4,14400.0,44980.3,1,0,0
1074892,3673,1256,0,3,500.0,28579.0,1,0,0
598571,2037,1519,2,4,14.6,35701.5,6,0,0
242497,830,364,2,4,14.6,63359.3,6,0,0
1011065,3455,1338,2,4,14.6,51140.8,6,0,0
901282,3071,1701,2,4,5280.0,72018.1,1,0,0
468007,1592,1429,2,4,14.6,50974.5,6,0,0
3578442,1460,1641,0,0,97.1,23134.6,7,0,0
354703,1203,1013,0,3,20623.0,50574.8,1,0,0
3533897,102,1063,0,0,92.7,18445.8,7,0,0
187811,635,1838,2,1,1547.0,47854.7,0,11,56503492
1239047,4240,730,2,4,27900.0,28597.4,1,0,0
975013,3322,1465,2,1,3421.0,17330.6,5,8,67021620
690398,2358,1825,2,4,2700.0,16047.3,1,0,0
598919,2038,1373,2,1,2062.0,30102.7,0,2,20491111
1091210,3730,1715,2,1,1944.0,41179.2,5,8,83157652
97141,332,1828,2,4,2040.0,31757.3,1,0,0
1009710,3449,1263,2,4,5400.0,24650.3,1,0,0
1159572,3970,2006,2,4,14.6,57617.1,6,0,0
601944,2050,2136,2,1,5542.0,66373.6,0,12,28735864
3620987,2737,1368,0,0,221.2,56402.4,7,0,0
2910806,9640,576,2,4,14.6,41522.6,6,0,0
688086,2350,1739,0,3,39827.0,78315.7,1,0,0
901660,3072,1825,2,4,14.6,22831.1,6,0,0
371357,1264,1687,2,4,13800.0,41831.7,1,0,0
783655,2670,1166,2,4,16200.0,30193.7,1,0,0
3664542,4423,1002,0,0,424.6,45802.1,7,0,0
1122849,3835,432,2,1,1247.0,32327.8,0,1,19860339
64557,214,2159,2,4,14.6,14371.7,6,0,0
628803,2146,1033,2,4,14.6,31128.6,6,0,0
102997,351,1958,2,4,23400.0,39217.3,1,0,0
1180609,4047,1811,2,4,12600.0,60398.6,1,0,0
415852,1412,1678,2,1,936.0,15972.0,5,8,20603227
146591,491,1683,0,3,20021.0,51107.9,1,0,0
644132,2199,1488,2,4,180.0,19923.6,1,0,0
365639,1242,1813,0,3,5600.0,43617.5,1,0,0
3649220,3606,1460,0,0,112.1,23687.3,7,0,0
92104,312,1246,2,4,14.6,44631.1,6,0,0
381937,1297,872,2,4,1080.0,43963.1,1,0,0
765605,2615,941,2,4,14.6,19884.4,6,0,0
881456,3003,1272,2,4,13500.0,19160.3,1,0,0
3455462,8225,1945,2,4,3.3,20068.3,4,0,0
391416,1331,972,2,4,6400.0,31836.6,1,0,0
1157165,3960,1618,2,1,3204.0,17029.3,5,2,74252974
2593186,8566,1919,2,4,7200.0,20949.0,1,0,0
662005,2259,888,2,4,2700.0,21348.9,1,0,0
1031159,3523,1229,0,3,600.0,600.0,1,0,0
647386,2213,1466,2,4,960.0,29385.6,1,0,0
715888,2451,1976,2,4,14.6,19028.0,6,0,0
914691,3117,378,2,4,1840.0,19201.3,1,0,0
3327624,11054,1307,2,4,30.0,21392.6,6,0,0
891202,3038,1285,0,3,13394.0,100062.0,1,0,0
3641414,3355,1580,0,0,182.6,45428.0,7,0,0
3539400,269,1915,0,0,108.1,25373.3,7,0,0
176087,594,1101,2,4,780.0,13450.9,1,0,0
3641042,3344,2190,0,0,304.3,86311.8,7,0,0
1131064,3864,1757,0,3,3000.0,18944.1,1,0,0
927298,3160,1374,2,4,16500.0,43544.9,1,0,0
677758,2315,1794,2,4,14.6,39715.8,6,0,0
3579525,1492,1672,0,0,60.5,15922.1,7,0,0
385959,1311,2177,2,4,8400.0,18245.3,1,0,0
3591913,1858,1519,0,0,84.2,20649.7,7,0,0
574039,1953,2015,2,4,10600.0,50644.9,1,0,0
1102854,3767,2105,2,1,881.0,43714.5,5,10,48275125
3597247,2015,1550,0,0,94.8,24654.3,7,0,0
590630,2010,1449,2,4,300.0,21252.9,1,0,0
488024,1664,743,2,4,2400.0,30718.6,1,0,0
596147,2029,208,0,3,7600.0,20700.0,1,0,0
3657507,3845,941,0,0,139.1,36465.9,7,0,0
3449094,3345,2098,0,0,25.0,6916.4,7,0,0
1021228,3487,1075,2,1,324.0,48919.2,5,5,68540710
1010753,3454,1412,0,2,6596.0,7096.0,2,10,12585705
946195,3225,1504,0,3,6400.0,35152.1,1,0,0
592627,2017,1840,2,4,1800.0,22126.0,1,0,0
251553,862,2006,2,4,30.0,105432.7,6,0,0
931522,3175,2006,2,4,14.6,12042.3,6,0,0
3582509,1588,760,0,0,110.8,25090.2,7,0,0
1126270,3847,1106,2,4,13920.0,27685.2,1,0,0
977761,3333,1966,0,3,41417.0,70500.6,1,0,0
1006243,3435,1491,2,4,14.6,18526.8,6,0,0
411961,1402,1958,2,1,471.0,33980.4,3,5,52195531
341957,1160,1856,2,4,30.0,29697.3,6,0,0
3592526,1879,910,0,0,68.0,16701.5,7,0,0
211069,717,1715,2,1,6561.0,34963.8,5,6,48199552
1002759,3422,1572,2,4,8500.0,28778.4,1,0,0
1139317,3894,1682,0,2,6868.0,31591.6,2,8,80112600
3586843,1710,2006,0,0,143.2,28439.9,7,0,0
840801,2862,1107,2,4,7700.0,42862.3,1,0,0
2023452,6856,1800,0,3,3100.0,41272.3,1,0,0
381919,1297,1487,2,4,3240.0,27813.8,1,0,0
829337,2824,1347,2,1,7289.0,60884.9,5,3,94259202
809419,2758,1128,0,3,6100.0,31334.6,1,0,0
2634794,8713,1764,2,4,14.6,28533.0,6,0,0
180580,612,1376,2,1,1936.0,12884.0,5,13,28562253
885278,3017,1985,0,3,28791.0,44158.7,1,0,0
1791369,6075,1975,2,4,2600.0,10592.8,5,0,0
454494,1544,1851,2,4,9920.0,18315.6,1,0,0
718049,2459,2037,2,4,14.6,30218.1,6,0,0
3563382,992,1825,0,0,83.9,18186.4,7,0,0
572882,1949,1799,2,1,107.0,35066.6,0,11,70580106
634195,2167,308,0,3,24368.0,63940.6,1,0,0
3620381,2719,1856,0,0,69.3,14835.0,7,0,0
1681070,5698,2172,2,1,10120.0,52396.3,5,9,64414620
301893,1027,1956,2,1,2117.0,11974.0,5,10,91939943
614861,2096,1306,2,4,2520.0,29604.0,1,0,0
587095,1999,186,0,3,23728.0,24028.0,1,0,0
834567,2840,1342,2,4,2400.0,24503.8,1,0,0
832922,2836,1351,2,4,7900.0,43153.8,1,0,0
3586508,1701,1764,0,0,320.7,68136.2,7,0,0
3469767,4321,545,0,0,274.3,38082.9,7,0,0
294884,1006,1466,2,4,750.0,30212.3,1,0,0
96845,331,1989,0,2,6682.0,19769.3,2,1,13652062
3519523,10233,1976,0,0,57.1,18118.7,7,0,0
314482,1073,1703,2,4,14.6,60607.3,6,0,0
3554386,726,484,0,0,111.2,28240.9,7,0,0
85498,287,496,2,1,772.0,20462.9,5,2,57389086
177522,599,1856,2,4,14.6,12667.5,6,0,0
2572388,8492,2014,2,1,4403.0,53348.7,5,10,72004610
353618,1201,918,2,1,5873.0,42308.2,5,2,73948222
1197446,4099,1472,2,1,1298.0,44901.8,3,9,6660080
1146536,3921,1222,2,4,34400.0,58962.1,1,0,0
230418,784,1154,2,4,14.6,48232.5,6,0,0
2400,9,1215,2,4,14.6,31473.7,6,0,0
804597,2741,2006,2,4,14.6,47312.5,6,0,0
1124014,3838,1296,2,4,12700.0,23909.4,1,0,0
71596,238,1336,2,4,800.0,17999.4,1,0,0
28233,93,1467,2,4,1400.0,26806.8,1,0,0
1036295,3545,954,0,3,20203.0,55541.4,1,0,0
529413,1805,1436,2,1,3110.0,78329.9,5,8,38994044
3625656,2878,1884,0,0,55.2,13414.1,7,0,0
961409,3275,1429,2,4,14.6,23531.2,6,0,0
3649668,3618,1703,0,0,307.1,77375.0,7,0,0
516619,1766,1952,2,1,2390.0,20531.3,0,8,41643542
123293,414,2143,2,4,8500.0,48357.8,1,0,0
895704,3052,1696,2,4,3800.0,21000.0,1,0,0
3558175,851,2098,0,0,66.6,16809.7,7,0,0
3055626,10131,1554,1,4,11396.0,64337.3,1,0,0
3509004,9199,1519,0,0,40.6,14446.9,7,0,0
927580,3162,1233,0,3,700.0,700.0,1,0,0
217578,739,2072,2,4,18700.0,27896.5,1,0,0
265240,905,2010,2,4,8300.0,12206.3,1,0,0
3531819,40,1825,0,0,111.7,25496.8,7,0,0
228358,775,1410,2,1,2439.0,63580.1,0,10,6988245
3560162,900,1094,0,0,84.7,18146.0,7,0,0
1146958,3923,607,2,4,14.6,39185.8,6,0,0
3123008,10364,344,2,1,6262.0,45637.2,5,3,67477196
276847,947,1703,2,4,14.6,48008.1,6,0,0
1094505,3743,1618,2,1,5478.0,12497.7,5,4,70616876
3512816,9591,698,0,0,178.8,67937.1,7,0,0
810145,2762,352,0,3,15640.0,104254.5,1,0,0
84121,280,652,2,4,2400.0,31560.1,1,0,0
582326,1981,948,0,2,3277.0,22589.0,1,1,17274576
1296507,4427,547,2,4,600.0,22763.5,1,0,0
477342,1627,586,0,3,7348.0,39722.0,1,0,0
1155657,3954,1836,2,4,1680.0,21717.2,1,0,0
142408,477,1251,2,1,463.0,47025.8,3,5,25759440
672935,2298,2050,2,5,3300.0,37791.4,1,0,0
3673688,5952,849,0,0,255.3,64623.4,7,0,0
1814957,6148,2070,2,4,10400.0,90837.7,1,0,0
688640,2352,2171,2,1,34.0,70153.3,0,4,79024326
3449225,3386,2159,0,0,21.3,6528.4,7,0,0
785572,2676,364,2,4,14.6,37116.7,6,0,0
553852,1885,1672,2,4,14.6,19302.9,6,0,0
1001773,3419,1830,2,1,2456.0,24210.8,3,8,5571186
391550,1332,1686,0,3,22335.0,94495.7,1,0,0
2459899,8114,1829,2,4,2880.0,20767.6,1,0,0
848309,2889,1501,2,1,5038.0,52132.4,5,8,81463575
96759,330,1633,2,4,21900.0,43443.0,1,0,0
364030,1237,1931,1,4,22579.0,101514.7,1,0,0
2786795,9227,1954,0,3,4423.0,20421.1,1,0,0
804742,2742,652,0,3,700.0,700.0,1,0,0
1272090,4350,1794,2,4,14.6,103365.1,6,0,0
3438531,593,2037,0,0,267.2,66701.5,7,0,0
703588,2411,2044,0,3,22183.0,58903.6,1,0,0
408559,1391,1660,2,4,13600.0,40702.3,1,0,0
509652,1744,1528,0,2,5648.0,18283.3,2,9,9499472
1754621,5952,1160,1,4,24839.0,39133.9,1,0,0
3668122,4969,1856,0,0,74.2,12400.8,7,0,0
283914,975,1952,0,2,5325.0,18567.8,2,1,73287576
990123,3374,306,2,4,50000.0,78947.0,1,0,0
1681020,5698,2053,0,3,24073.0,78718.7,1,0,0
584334,1989,1923,0,2,4220.0,25160.6,2,7,67308264
519949,1775,1020,2,4,1600.0,23973.3,1,0,0
3422883,11359,1260,0,2,40521.0,68376.4,1,7,87391823
944305,3221,1469,0,2,5330.0,38640.4,2,2,88452922
128350,430,1094,0,3,2500.0,26300.0,1,0,0
342300,1161,2037,2,4,14.6,34864.6,6,0,0
2476054,8169,1480,2,4,1200.0,14358.1,1,0,0
2288002,7546,832,2,1,49.0,44508.1,3,10,3298998
1164306,3987,1799,0,3,15607.5,46575.1,1,0,0
2502594,8261,1312,2,1,413.0,18190.9,0,13,66767722
648299,2216,1467,2,4,1500.0,31709.8,1,0,0
3532953,72,1976,0,0,172.6,39396.8,7,0,0
57521,192,462,2,1,3583.0,26862.7,5,5,70552640
918675,3132,1717,0,3,6583.0,21470.6,1,0,0
807530,2751,1890,2,1,2957.0,32033.7,0,12,57857632
1043286,3567,1915,2,4,14.6,15006.9,6,0,0
3395566,11271,2132,0,3,5900.0,21273.1,1,0,0
591478,2012,1550,2,4,14.6,31822.9,6,0,0
1163554,3983,1008,0,3,14626.0,38747.6,1,0,0
986991,3366,1786,2,4,10100.0,37264.8,1,0,0
1688968,5724,2119,1,4,21469.0,36530.5,1,0,0
739102,2524,2011,2,1,2550.0,10504.5,5,10,64186239
567118,1931,1317,0,3,9335.0,29952.1,1,0,0
501624,1709,1867,2,1,3227.0,46936.3,5,7,20695013
870533,2965,2103,0,2,5617.0,26618.2,2,3,96382689
939044,3205,1080,0,3,700.0,700.0,1,0,0
2572513,8492,1165,2,4,4920.0,26011.3,1,0,0
1057733,3617,1832,0,3,16337.0,87971.0,1,0,0
2676267,8856,2126,2,4,20600.0,102908.2,1,0,0
3477642,8931,1429,0,0,374.2,82591.8,7,0,0
3554592,734,1856,0,0,64.5,14413.8,7,0,0
132716,445,1260,2,1,3998.0,38744.0,5,9,65335863
3145739,10440,1164,2,1,2960.0,36182.3,5,13,4957092
37454,120,1611,2,4,30.0,26872.2,6,0,0
403211,1373,2047,0,2,2962.0,19350.2,1,6,6256688
3615422,2567,2068,0,0,76.3,18945.4,7,0,0
888375,3030,1281,0,2,3132.0,20538.2,1,7,51375079
3439870,964,1246,0,0,131.7,30417.2,7,0,0
2767965,9159,2011,2,1,1847.0,31771.8,0,9,61719810
2144384,7262,1519,2,4,14.6,26668.4,6,0,0
1057782,3617,1134,2,1,57.0,60233.7,5,1,52725309
7955,29,1713,2,1,8.0,32517.1,3,11,41335338
111422,377,764,0,3,16181.0,81669.9,1,0,0
3548519,541,880,0,0,171.4,43644.0,7,0,0
390043,1326,1980,0,3,3400.0,16507.5,1,0,0
245080,841,1816,2,4,400.0,35961.2,1,0,0
3509046,9201,1884,0,0,130.8,37136.2,7,0,0
807823,2752,1930,2,4,650.0,33030.7,1,0,0
252530,865,1413,2,1,1885.0,19414.7,0,8,20329344
444751,1512,1924,2,1,8822.0,53428.7,5,13,42362171
1327917,4533,1884,2,4,14.6,87408.2,6,0,0
403795,1375,705,0,3,30436.0,68982.2,1,0,0
3461124,2067,637,0,0,201.2,40298.7,7,0,0
2789555,9236,1491,2,4,14.6,64060.7,6,0,0
3648437,3583,1945,0,0,89.4,22093.7,7,0,0
730329,2496,1015,2,4,2300.0,30937.6,1,0,0
323553,1105,1733,2,4,14.6,19021.5,6,0,0
2967344,9828,379,2,4,6600.0,59849.5,1,0,0
2966812,9826,1614,2,4,11800.0,23170.8,5,0,0
1352423,4616,2157,1,4,5946.0,97884.0,1,0,0
519992,1775,637,2,4,14.6,27530.8,6,0,0
1045839,3576,2168,2,1,455.0,32557.9,0,5,62933295
588290,2002,1071,2,1,3688.0,20573.3,5,3,59535497
857316,2922,701,2,4,700.0,24704.8,1,0,0
731959,2501,1111,2,4,14200.0,50045.9,1,0,0
477039,1626,1044,0,2,19776.0,63227.0,1,5,81949048
542424,1844,607,2,4,14.6,21566.1,6,0,0
479265,1633,1246,2,4,14.6,34319.3,6,0,0
246295,845,2151,2,4,10300.0,50566.1,1,0,0
402532,1371,1044,2,1,3074.0,20891.5,5,9,48874825
994023,3391,435,2,1,813.0,43379.3,5,11,31342697
959732,3269,2077,0,3,19354.0,127911.0,1,0,0
3640367,3318,1672,0,0,51.8,12656.4,7,0,0
3616427,2597,1641,0,0,147.3,38816.1,7,0,0
3522298,10520,1215,0,0,361.8,32699.1,7,0,0
418160,1418,1777,0,3,10444.0,40655.4,1,0,0
13976,47,650,2,1,6940.0,47472.6,5,6,76620852
869827,2962,1561,2,4,3200.0,34917.0,1,0,0
612137,2085,2037,2,4,14.6,25541.4,6,0,0
367081,1248,954,0,2,6372.0,26088.0,2,8,83117985
1460114,4969,1956,2,4,12100.0,25830.9,1,0,0
2652388,8772,1419,2,4,1500.0,19250.3,1,0,0
1050859,3594,1130,2,1,3483.0,11407.9,5,7,15711051
700375,2396,1703,2,4,14.6,25190.0,6,0,0
7847,29,2076,2,1,6871.0,19317.5,5,10,32924878
360838,1225,1367,2,4,13000.0,57345.1,1,0,0
820740,2795,1649,2,1,1722.0,29091.2,5,1,62608569
2438881,8041,855,0,3,31094.0,81361.4,1,0,0
678826,2319,2146,0,3,16245.0,29102.0,1,0,0
1001039,3417,1263,0,3,800.0,32545.8,1,0,0
778000,2651,1639,2,4,32600.0,53209.0,1,0,0
1097365,3750,1466,0,3,20233.0,51414.4,1,0,0
831280,2830,1347,2,1,6981.0,28499.1,5,1,33658105
586597,1997,1625,2,1,1361.0,32500.0,0,8,12751335
3546422,477,303,0,0,175.1,37331.0,7,0,0
239525,817,1338,2,4,14.6,27269.7,6,0,0
194802,660,1651,2,1,5338.0,22638.7,0,12,50051724
1657608,5622,1063,2,4,14.6,54856.0,6,0,0
150871,504,463,0,2,3463.0,23014.5,1,3,99633556
140607,470,1166,2,4,600.0,23823.0,1,0,0
799453,2726,2169,0,3,34083.0,114178.1,1,0,0
94028,319,1139,0,3,9600.0,19274.8,1,0,0
430254,1461,1580,2,4,14.6,81313.8,6,0,0
577532,1966,698,2,4,14.6,54580.6,6,0,0
272270,931,2134,2,1,864.0,13745.8,0,7,2668875
1450560,4937,1220,2,4,17800.0,50096.5,1,0,0
367591,1249,1185,2,4,14.6,29119.8,6,0,0
3235370,10738,491,2,4,2600.0,16327.1,1,0,0
304733,1039,1560,0,3,24563.0,117607.4,1,0,0
527098,1799,2000,2,4,10850.0,18008.4,1,0,0
2080039,7052,2073,0,2,10660.0,32684.0,1,5,13141370
1055049,3608,1672,2,4,30.0,31399.3,6,0,0
71854,239,858,2,1,5995.0,75946.8,0,7,30218410
192669,654,1652,0,2,6092.0,28506.3,2,6,79278325
3031620,10049,1855,2,4,1440.0,13064.7,1,0,0
1265945,4329,2001,2,4,1450.0,20876.7,1,0,0
91776,311,1895,0,3,16192.0,49320.9,1,0,0
1982209,6715,428,0,2,13789.0,49319.8,1,8,84352767
894359,3049,1063,2,4,14.6,29437.9,6,0,0
3595871,1973,1764,0,0,84.5,20741.0,7,0,0
1071105,3659,1825,2,4,14.6,41463.2,6,0,0
3548535,541,1368,0,0,156.9,32808.2,7,0,0
3627587,2935,1307,0,0,62.4,15426.0,7,0,0
163182,545,1406,0,3,11446.0,52531.1,1,0,0
948576,3233,1826,2,4,6900.0,41171.0,1,0,0
594896,2025,1381,2,1,6704.0,17660.2,5,8,27186978
3559945,896,1276,0,0,97.9,23557.2,7,0,0
1781558,6040,1808,2,1,5015.0,47899.4,3,4,15017515
357200,1211,1651,2,1,372.0,29300.5,3,8,16959125
920439,3136,1954,2,1,3489.0,75238.2,0,11,29040438
94064,319,2069,0,3,12500.0,94220.0,1,0,0
429491,1458,1896,2,1,3259.0,29684.2,5,10,80573415
1982450,6715,515,2,4,8100.0,1781.7,1,0,0
817285,2783,1866,0,3,100.0,45869.5,1,0,0
48836,163,1564,2,1,612.0,26911.6,0,5,8512616
1238201,4237,2006,2,4,14.6,31373.9,6,0,0
654784,2239,1227,2,1,405.0,41392.6,0,13,22235125
2414868,7965,701,0,3,28952.0,93150.8,1,0,0
1486252,5065,382,2,4,1800.0,67696.3,1,0,0
367629,1249,1028,0,3,800.0,29156.8,1,0,0
4979,20,1631,2,4,810.0,13326.6,1,0,0
3478633,9093,545,0,0,91.0,12896.2,7,0,0
548079,1865,908,2,4,3800.0,30374.4,1,0,0
3469551,4283,1429,0,0,240.4,57300.0,7,0,0
3540079,286,2159,0,0,128.2,30899.6,7,0,0
3461562,2158,1976,0,0,138.9,32458.9,7,0,0
1118621,3821,1593,2,4,3700.0,12957.9,1,0,0
1916774,6495,1419,2,4,12200.0,48620.0,1,0,0
192808,654,941,2,4,14.6,16659.7,6,0,0
613040,2088,742,2,4,2520.0,18716.2,1,0,0
1114424,3806,1710,2,1,18.0,22784.9,3,10,6164783
3633793,3128,2190,0,0,271.6,65842.4,7,0,0
3599832,2101,2190,0,0,110.5,27622.9,7,0,0
1169353,4009,1975,2,4,19000.0,66765.0,1,0,0
1424058,4851,2135,2,1,4285.0,54038.8,5,13,40565508
952002,3246,978,0,3,6932.0,34093.6,1,0,0
1044417,3571,1380,2,1,222.0,33459.2,0,1,82703417
3533439,86,1429,0,0,97.4,24027.4,7,0,0
649445,2219,849,2,4,14.6,77353.4,6,0,0
1074286,3670,1856,2,4,14.6,20071.3,6,0,0
2862203,9472,1228,0,3,12793.0,78930.1,1,0,0
3299535,10963,2080,2,1,3216.7,100087.3,8,1,61788761
357445,1212,2103,2,1,2805.0,21209.6,5,2,49310952
575106,1958,2129,2,4,14.6,42584.8,6,0,0
416919,1414,1338,2,4,14.6,22690.0,6,0,0
1328701,4537,1594,2,4,13500.0,48639.5,1,0,0
3465471,3321,1491,0,0,224.8,77104.4,7,0,0
3235554,10738,1713,2,1,8042.0,76468.4,0,2,41088736
905674,3087,1320,0,2,2900.0,20946.0,1,12,87387412
670913,2291,2140,0,2,6563.0,20603.6,2,10,75758260
82015,274,423,2,4,14.6,33427.8,6,0,0
627260,2142,1884,2,4,2500.0,37575.9,1,0,0
1754437,5952,1772,2,1,1374.0,59299.9,0,7,40625691
680006,2321,1302,2,4,300.0,34854.0,1,0,0
701116,2399,576,2,4,14.6,30398.6,6,0,0
1339388,4576,321,2,4,7100.0,50576.7,5,0,0
2374336,7828,2042,0,3,5592.0,49609.4,1,0,0
3494412,7965,1945,0,0,184.8,45958.5,7,0,0
1973598,6686,1338,2,4,14.6,41297.5,6,0,0
927611,3162,1480,0,3,37647.0,66384.0,1,0,0
985707,3362,1477,2,4,1800.0,37882.0,1,0,0
3213242,10663,746,2,4,8500.0,32451.1,1,0,0
3588823,1777,2159,0,0,245.9,48717.2,7,0,0
372198,1268,863,2,1,2220.0,26581.6,5,10,70287799
1977920,6701,553,0,3,9900.0,17080.9,1,0,0
1124256,3839,932,2,4,4200.0,56546.1,1,0,0
1051224,3595,1801,0,3,17704.5,29905.9,1,0,0
464089,1579,1441,2,1,3377.0,33842.9,5,2,79833501
1548141,5267,2159,2,4,14.6,4409.1,6,0,0
576508,1963,2058,2,4,12200.0,82913.3,1,0,0
585625,1993,1657,2,4,11500.0,31868.7,1,0,0
1093029,3737,1527,2,1,29.0,25297.6,0,2,26807791
504862,1724,2077,2,1,1604.0,21865.2,5,9,97682117
746997,2548,2120,2,4,1700.0,28343.3,1,0,0
1164493,3988,1874,0,3,1000.0,26302.6,1,0,0
1073753,3669,1804,2,1,2087.0,23249.2,3,2,75799655
77625,258,2100,2,4,5100.0,23032.6,1,0,0
560418,1907,1806,0,3,27397.5,59421.6,1,0,0
3423081,11359,1805,2,1,254.0,11473.8,0,1,90330576
636903,2175,668,2,4,14.6,71007.8,6,0,0
233123,793,552,2,1,204.0,25680.5,1,8,25394970
1055397,3609,759,2,4,9920.0,24344.9,1,0,0
855062,2913,1976,2,4,14.6,17485.5,6,0,0
1049300,3589,1712,1,4,17166.0,30374.4,1,0,0
572646,1948,1433,2,4,4500.0,27311.0,1,0,0
3584224,1637,729,0,0,88.6,22763.5,7,0,0
443034,1507,1771,2,1,6619.0,70000.9,5,10,156510
740059,2527,1282,2,1,5774.0,46155.4,5,2,27758234
720758,2468,1774,2,1,2094.0,22047.5,5,9,32765186
609001,2072,649,2,4,17700.0,43837.8,1,0,0
979908,3342,1949,2,4,8300.0,37062.8,1,0,0
866856,2951,2019,2,1,1810.0,48956.1,0,9,88711630
946568,3226,1338,2,4,14.6,23168.0,6,0,0
2698880,8931,1229,2,4,2600.0,75610.1,1,0,0
447938,1521,1399,2,4,14.6,12789.9,6,0,0
3626547,2903,729,0,0,191.9,45491.3,7,0,0
54399,181,1733,2,4,14.6,41612.7,6,0,0
3573072,1292,1246,0,0,165.2,42815.7,7,0,0
2120475,7181,1550,2,4,100.0,25935.9,6,0,0
1149591,3932,1672,2,4,14.6,15240.6,6,0,0
3547255,501,1825,0,0,267.4,65872.8,7,0,0
50629,169,1733,2,4,14.6,58481.6,6,0,0
3545796,458,1733,0,0,181.4,44045.5,7,0,0
649134,2219,906,0,3,21651.0,62244.9,1,0,0
962527,3279,1225,2,4,25300.0,58562.7,1,0,0
3344921,11111,1502,2,1,4736.0,68270.9,5,2,17909336
147726,494,1564,2,1,207.0,16408.3,0,10,62039023
62771,208,1526,0,3,14996.0,50190.8,1,0,0
3642391,3384,2190,0,0,190.9,47146.8,7,0,0
386594,1314,1499,2,1,6889.0,45483.8,5,5,52970862
521715,1780,576,2,4,14.6,46183.2,6,0,0
1310512,4476,734,0,3,14342.0,39027.8,1,0,0
1106055,3778,1094,2,4,14.6,64249.5,6,0,0
392085,1333,1828,2,4,2300.0,31927.2,1,0,0
782848,2668,1836,2,1,9884.0,37227.4,5,13,53599059
1163279,3982,1315,2,1,2153.0,30364.9,5,8,15246630
3677785,6701,1976,0,0,389.5,86596.9,7,0,0
3470589,4445,1976,0,0,136.1,32532.4,7,0,0
3414649,11333,1851,2,4,8100.0,73814.0,1,0,0
789999,2694,710,2,4,3200.0,54610.7,1,0,0
3594725,1941,668,0,0,213.0,52737.2,7,0,0
610774,2080,1863,0,2,49313.0,92390.6,1,3,43858921
3588212,1762,788,0,0,116.1,34287.8,7,0,0
3541960,345,454,0,0,154.7,40083.9,7,0,0
855670,2915,443,2,4,21000.0,51403.7,1,0,0
151361,505,1908,2,4,210.0,14427.6,1,0,0
580339,1975,921,2,1,1711.0,28582.4,3,10,98307567
942852,3216,1485,2,4,9600.0,73972.9,1,0,0
431901,1468,673,0,2,3224.0,20052.5,1,12,60079216
2580513,8523,1819,2,4,8400.0,48474.0,1,0,0
3610981,2450,1276,0,0,285.0,78176.3,7,0,0
1921577,6512,1260,2,4,12600.0,21421.7,1,0,0
1156726,3957,1319,2,4,13200.0,45497.9,1,0,0
416493,1413,1268,2,4,20400.0,20472.4,1,0,0
712485,2435,1497,2,1,7904.0,82476.2,5,12,21075344
758156,2585,1764,2,4,14.6,2360.5,6,0,0
965790,3290,2158,2,4,36300.0,65546.3,1,0,0
1138021,3889,1915,2,4,14.6,14535.6,6,0,0
3546617,481,2037,0,0,208.9,50988.5,7,0,0
1280407,4379,1904,2,4,4500.0,13724.0,1,0,0
1123980,3838,1945,2,4,14.6,31130.5,6,0,0
914159,3115,1741,2,1,14723.0,40760.7,5,5,68203913
434785,1477,1831,2,1,2100.0,21965.2,1,8,39149236
796945,2714,1590,2,4,1050.0,21708.2,1,0,0
2371272,7819,892,0,3,13251.0,31339.7,1,0,0
1082490,3697,1134,2,1,300.0,21538.3,5,4,99985640
637218,2176,800,2,1,8307.8,16938.9,8,7,81908911
3532232,53,1063,0,0,68.6,15569.6,7,0,0
1139677,3895,1429,2,4,14.6,33814.8,6,0,0
723496,2476,1605,2,4,2000.0,16498.9,1,0,0
753962,2572,849,2,4,100.0,64967.6,6,0,0
1218802,4171,2006,2,4,14.6,58549.3,6,0,0
1085749,3709,1856,2,4,14.6,39494.1,6,0,0
14730,48,1945,2,4,14.6,60549.1,6,0,0
1272040,4350,272,2,4,14.6,58728.8,6,0,0
3550141,595,2006,0,0,143.7,28461.1,7,0,0
1034262,3536,1098,2,4,2000.0,18839.8,1,0,0
3597300,2017,1460,0,0,122.6,29825.9,7,0,0
868145,2957,1229,2,1,4640.0,51763.0,5,11,65183514
991772,3382,2167,2,4,8400.0,3569.2,1,0,0
470761,1603,1346,2,1,2359.0,23672.6,5,12,92258166
522637,1784,774,0,2,6686.0,26350.8,2,10,9070069
215196,730,1379,2,4,22800.0,70915.6,1,0,0
907676,3093,1986,0,3,32670.0,50305.6,1,0,0
181158,615,1842,2,4,480.0,22341.1,1,0,0
73276,243,1099,2,4,1500.0,42064.2,1,0,0
3567696,1127,1641,0,0,201.4,47866.5,7,0,0
1453878,4949,2061,1,4,23666.0,63122.8,1,0,0
3081111,10215,2129,2,4,14.6,68029.2,6,0,0
951463,3243,1423,2,4,1100.0,18806.7,1,0,0
1296446,4427,698,2,4,14.6,19673.1,6,0,0
983523,3355,735,2,4,1760.0,26493.8,1,0,0
3344966,11111,1957,1,4,21705.0,71628.2,1,0,0
1064919,3638,1744,2,1,14417.0,55965.8,5,5,81354158
631235,2155,915,2,1,735.0,19495.4,5,5,66442948
825143,2811,1550,2,4,14.6,71414.5,6,0,0
979953,3343,2112,0,3,22592.0,65874.3,1,0,0
154200,517,2143,2,1,9255.0,82141.9,5,11,82919829
216189,734,1764,2,4,14.6,15904.9,6,0,0
3670158,5317,1884,0,0,113.7,19971.1,7,0,0
514636,1761,2079,2,1,3048.0,32663.7,5,1,93704944
260543,892,1434,2,1,2509.0,17488.1,0,2,25392246
1602984,5442,1276,2,4,14.6,24330.4,6,0,0
3678772,6902,1641,0,0,158.6,36440.3,7,0,0
1603041,5442,1040,2,4,2800.0,10580.1,1,0,0
822253,2800,1827,2,4,1500.0,52883.6,1,0,0
33036,106,1625,2,4,16500.0,43260.8,1,0,0
1466397,4994,2107,2,4,11400.0,49345.6,1,0,0
3625212,2865,1703,0,0,90.8,17711.0,7,0,0
1135946,3882,1467,2,1,379.0,18824.6,0,9,87316327
313479,1070,2077,0,3,16417.0,45963.4,1,0,0
1002509,3421,1825,2,4,14.6,70613.4,6,0,0
1111841,3796,684,2,4,5000.0,30128.8,1,0,0
3615810,2580,1338,0,0,183.1,45442.7,7,0,0
289353,991,977,2,4,5000.0,41318.3,1,0,0
1135678,3881,1945,2,4,14.6,19857.2,6,0,0
438690,1490,1961,2,4,2400.0,22942.7,1,0,0
2355520,7769,861,2,1,4085.0,41180.9,8,8,57404768
3044161,10093,816,2,4,10500.0,34875.8,1,0,0
33268,107,582,2,1,1580.0,27422.7,0,5,9999049
2733266,9041,1976,2,4,14.6,12213.0,6,0,0
3553071,686,1460,0,0,101.3,23150.5,7,0,0
151800,507,1484,2,4,2520.0,8100.3,1,0,0
1125795,3845,1462,2,4,700.0,48884.6,1,0,0
3678867,6922,1945,0,0,87.3,10252.9,7,0,0
2593248,8566,1616,2,1,555.0,42290.0,5,1,72264265
366577,1247,468,0,3,8920.0,95806.1,1,0,0
563774,1918,1604,2,4,400.0,17682.8,1,0,0
3536023,168,1154,0,0,60.7,14896.8,7,0,0
2355441,7769,1297,0,3,25382.0,62646.4,1,0,0
1313436,4484,723,2,4,200.0,31769.0,1,0,0
113255,381,1174,2,4,7000.0,25204.0,1,0,0
756811,2582,550,2,1,1748.0,28843.5,0,10,12887466
1069574,3654,343,0,3,29895.0,72713.8,1,0,0
514033,1759,1982,2,1,1856.0,13537.2,5,3,39091742
23393,77,1836,1,4,16945.0,28695.5,1,0,0
1146806,3923,1896,0,3,21971.0,116220.6,1,0,0
935296,3192,1489,2,4,3000.0,22937.0,1,0,0
36546,117,2037,2,4,14.6,17558.4,6,0,0
3562247,960,1185,0,0,181.8,37341.7,7,0,0
903769,3079,1856,2,4,14.6,19333.6,6,0,0
1067865,3649,407,2,1,6468.0,40664.5,5,12,57693803
329100,1122,1463,2,4,11100.0,23816.4,1,0,0
650962,2224,1794,2,4,100.0,42464.7,6,0,0
946492,3226,1115,2,4,1700.0,21402.0,1,0,0
3636890,3221,1733,0,0,211.6,49437.9,7,0,0
3170421,10520,2136,0,3,4700.0,26283.7,1,0,0
316356,1079,1841,2,4,3300.0,33471.9,1,0,0
656004,2242,1090,1,4,20266.0,35563.5,1,0,0
54050,180,798,2,4,12600.0,24275.7,1,0,0
114075,385,1653,2,1,31.0,25529.8,0,10,91164779
1068396,3650,1958,2,1,7858.0,48608.6,5,7,85858434
493688,1684,2074,0,3,41104.0,97675.5,1,0,0
1099820,3756,1934,2,4,15900.0,97878.8,1,0,0
401326,1366,2098,2,4,14.6,28783.7,6,0,0
154529,518,2044,0,2,5836.0,22619.9,2,7,39158690
894753,3050,1102,2,1,119.0,76808.2,0,1,62503671
416706,1414,920,2,1,1920.0,35785.2,5,1,31974488
608264,2070,1714,2,1,8092.0,41894.2,5,9,36406797
906988,3091,740,2,1,4922.0,45502.2,5,4,49400448
501119,1707,1825,2,4,14.6,8289.8,6,0,0
529659,1805,1022,0,3,6200.0,40591.2,1,0,0
40118,130,2068,2,4,14.6,19718.7,6,0,0
3463796,2817,2037,0,0,265.1,67421.1,7,0,0
185857,629,1530,2,4,1200.0,16247.6,1,0,0
586685,1997,1763,2,4,800.0,29187.9,1,0,0
2106884,7133,430,2,4,1600.0,23053.3,1,0,0
350942,1192,1392,2,4,1000.0,46269.6,1,0,0
23873,78,1807,2,4,9100.0,43674.1,1,0,0
3647434,3552,1672,0,0,258.3,59748.8,7,0,0
1313165,4484,320,0,3,46223.0,131362.7,1,0,0
1424022,4851,2141,2,4,4800.0,49238.8,1,0,0
3634427,3145,1125,0,0,95.2,19102.7,7,0,0
139511,467,644,2,1,2895.0,16788.3,0,1,73301529
3445487,417,1338,0,0,78.7,17067.2,7,0,0
450601,1532,1852,2,4,1560.0,36377.0,1,0,0
354978,1203,1631,2,4,3400.0,80913.7,1,0,0
883915,3011,1137,2,1,138.0,16485.8,0,12,47335153
841551,2864,1350,2,4,8600.0,39724.7,1,0,0
1103318,3769,1491,2,4,14.6,12509.0,6,0,0
133103,446,677,0,3,24160.0,63155.9,1,0,0
621764,2122,192,0,3,21395.0,51227.6,1,0,0
26949,89,2075,0,3,4858.0,33637.3,1,0,0
386013,1312,859,0,2,5735.0,27857.2,2,9,82899385
259836,890,494,2,1,3136.0,31487.2,5,3,66783034
3584498,1644,698,0,0,181.0,43748.4,7,0,0
680576,2322,2021,0,3,5800.0,20124.8,1,0,0
934892,3190,1879,2,4,6200.0,34009.9,1,0,0
1814560,6148,1138,0,3,23038.0,42460.4,1,0,0
3149360,10451,1799,2,1,689.0,15889.4,3,7,92217593
191425,650,1405,2,1,1697.0,20796.5,5,13,70699482
142990,478,1911,2,4,8400.0,46002.6,1,0,0
3613435,2513,454,0,0,92.0,21076.0,7,0,0
473228,1610,2146,0,3,5500.0,112505.6,1,0,0
3615714,2576,2006,0,0,232.4,52095.3,7,0,0
509219,1742,1130,2,4,12000.0,31383.3,1,0,0
888030,3028,880,2,4,14.6,18073.0,6,0,0
795824,2711,1462,2,4,1320.0,34959.0,1,0,0
214079,726,972,2,4,14.6,20716.1,6,0,0
3031546,10049,1744,2,1,1281.0,22526.2,0,10,95437645
406627,1384,1959,0,2,31366.0,79403.5,1,5,18902480
739837,2527,206,0,3,34740.0,85233.5,1,0,0
3354594,11141,1943,2,4,22600.0,94609.6,1,0,0
26145,86,829,2,1,1002.0,18439.7,1,12,36292475
715234,2447,2141,2,1,6911.0,31717.5,5,12,57538109
579502,1972,1712,2,1,2736.0,20386.9,5,13,67027497
329926,1124,2068,2,4,14.6,81352.6,6,0,0
3451826,5369,515,0,0,111.6,26437.1,7,0,0
16371,55,1399,2,4,14.6,21023.0,6,0,0
499882,1702,967,2,4,4700.0,29416.1,1,0,0
1130459,3863,1465,2,1,8504.0,9390.0,5,9,88157391
2546548,8405,1591,2,1,4095.0,37695.2,0,10,21518677
3547000,496,119,0,0,67.4,21283.7,7,0,0
1148458,3927,1884,0,3,7100.0,37846.6,1,0,0
352559,1197,1419,2,4,2800.0,37020.0,1,0,0
3656687,3820,698,0,0,101.5,24180.0,7,0,0
3441065,1157,423,0,0,101.3,27400.3,7,0,0
916558,3124,923,0,3,4700.0,20232.0,1,0,0
1160677,3974,1678,2,1,4670.0,32134.3,5,9,35360241
157335,526,2142,2,1,5074.0,14230.8,5,7,22128474
31722,102,1797,1,4,8295.0,24263.3,1,0,0
3318034,11021,1511,0,3,18300.0,40980.9,1,0,0
725839,2484,462,2,1,2343.0,28454.7,5,8,3728384
252236,863,1635,0,3,16300.0,45040.0,1,0,0
1156206,3955,1519,2,4,14.6,36389.4,6,0,0
624638,2132,1806,0,3,32289.0,72366.5,1,0,0
95440,325,1649,0,2,5849.0,18136.6,2,5,37009120
1064666,3637,1576,2,4,900.0,53299.7,1,0,0
84384,281,1764,2,4,14.6,46447.1,6,0,0
500828,1706,1850,2,4,780.0,57030.0,1,0,0
522729,1784,1381,2,1,1785.0,15954.0,5,3,14724040
428375,1455,2178,2,4,4480.0,9038.2,1,0,0
3625707,2880,1002,0,0,166.7,39626.6,7,0,0
3636375,3210,1338,0,0,147.0,26342.9,7,0,0
3470943,4514,637,0,0,247.4,64203.1,7,0,0
683195,2331,1958,2,4,4300.0,20616.6,1,0,0
961248,3275,1895,2,1,120.0,17791.6,5,4,91385793
821026,2796,1957,2,1,5291.0,80211.5,0,7,37211978
145440,486,2068,2,4,14.6,57463.1,6,0,0
3618355,2654,1429,0,0,110.5,25646.7,7,0,0
593411,2020,1601,2,4,3760.0,28611.0,1,0,0
1409157,4803,1884,0,3,2400.0,17506.4,1,0,0
416765,1414,1253,2,1,5397.0,36559.6,0,7,8757979
3556851,812,1884,0,0,115.7,31119.9,7,0,0
431189,1465,1344,2,1,1904.0,16330.2,5,12,32052809
20332,68,1837,0,2,35557.0,67904.1,1,10,60952126
1867915,6321,1157,2,4,200.0,13932.7,1,0,0
84749,283,1856,2,4,14.6,24422.8,6,0,0
954457,3254,1806,2,1,5119.0,30360.0,5,9,69699191
19901,67,1319,2,1,6915.0,41005.4,8,13,45128363
3509051,9201,2037,0,0,271.6,67439.2,7,0,0
316484,1079,976,0,3,6600.0,20187.4,1,0,0
1112216,3798,1981,2,1,1258.0,23136.3,5,7,51615589
769730,2627,1830,2,1,1579.0,32277.1,5,6,30658924
3559938,896,1063,0,0,114.7,26687.4,7,0,0
257304,883,984,0,3,16422.0,42110.3,1,0,0
3574271,1329,2129,0,0,39.6,8925.0,7,0,0
3627491,2932,1611,0,0,140.7,60554.6,7,0,0
671856,2294,1646,0,3,13831.0,34817.8,1,0,0
3232208,10728,1650,0,2,19329.0,69529.5,1,12,2606690
3539887,280,1399,0,0,147.7,36599.4,7,0,0
3612383,2488,1703,0,0,116.9,28908.8,7,0,0
1310184,4473,1731,2,4,15400.0,50227.5,1,0,0
1029177,3514,1832,2,4,600.0,30495.8,1,0,0
282584,969,607,2,4,14.6,25665.1,6,0,0
508068,1737,1807,0,3,18378.0,45425.6,1,0,0
1355374,4626,1806,2,1,2778.7,7795.2,8,5,69861972
5448,22,1856,2,4,4500.0,39490.1,1,0,0
1162108,3979,1318,0,3,10531.0,41060.7,1,0,0
32729,105,1861,2,4,14400.0,30703.6,1,0,0
317563,1083,1830,2,4,1320.0,19256.7,1,0,0
352406,1197,1486,2,4,180.0,31031.7,1,0,0
506758,1730,1808,2,4,4000.0,51543.8,1,0,0
4946,20,1625,2,1,2003.0,16036.6,5,1,3399968
751949,2565,1306,0,3,700.0,18724.6,1,0,0
660509,2254,1764,2,4,14.6,39560.2,6,0,0
1105780,3778,2011,0,3,22798.0,103144.5,1,0,0
848771,2891,1831,0,3,18828.0,41786.1,1,0,0
214435,728,2074,2,1,4119.0,11495.8,0,12,87029039
50329,168,1825,2,4,14.6,18195.2,6,0,0
3654205,3748,2098,0,0,83.5,19864.1,7,0,0
837910,2851,1210,2,4,1300.0,55446.7,1,0,0
829971,2826,1951,2,1,5240.0,25517.2,5,3,23213660
1029875,3518,1869,2,1,3438.0,10060.1,5,3,53048187
3620358,2719,1154,0,0,14.8,6469.8,7,0,0
923465,3147,2051,2,1,7729.0,67637.5,5,10,93076461
250411,860,1100,2,1,8071.0,20438.8,5,1,19660163
921451,3141,1436,0,2,16305.0,35518.5,1,3,70251357
1027908,3510,651,2,4,12900.0,84104.1,1,0,0
485736,1655,2013,0,3,16908.0,50991.0,1,0,0
3675095,6226,484,0,0,251.9,59293.9,7,0,0
1982266,6715,2164,0,2,20684.0,50180.9,1,8,84352767
372658,1269,740,2,1,599.0,26116.8,0,3,78545605
3110453,10320,1073,2,1,12414.0,64223.1,5,6,6873333
3601441,2154,941,0,0,85.1,20974.7,7,0,0
765506,2615,1955,0,3,10402.0,28205.7,1,0,0
3590638,1825,1976,0,0,203.2,47906.2,7,0,0
564196,1919,2043,2,4,60800.0,64531.4,1,0,0
993968,3391,953,0,3,16980.0,39737.1,1,0,0
3448775,3109,1429,0,0,101.5,40447.8,7,0,0
673756,2302,585,2,1,1838.0,30501.6,0,7,49296242
273357,936,1474,2,4,1360.0,22978.2,1,0,0
611067,2082,347,0,3,49154.0,72082.1,1,0,0
716419,2454,1355,0,3,1700.0,70536.7,1,0,0
1124737,3841,768,0,2,4547.0,5347.0,2,3,73988407
444648,1512,614,0,3,14158.0,39389.5,1,0,0
1003013,3424,1223,0,3,9582.0,50308.1,1,0,0
3555465,757,1856,0,0,277.4,70173.0,7,0,0
712623,2435,1126,2,4,5100.0,72941.7,1,0,0
350176,1189,1477,2,4,420.0,26759.8,1,0,0
465249,1583,1428,1,4,16247.0,25086.8,1,0,0
1544709,5256,861,2,1,5388.5,25011.4,8,6,11066365
1114236,3805,2017,2,4,2600.0,29781.8,1,0,0
3603241,2216,423,0,0,104.5,21166.5,7,0,0
2712352,8972,1684,2,1,938.0,60863.4,8,2,75504857
3469398,4263,1215,0,0,261.7,24369.1,7,0,0
399471,1360,2120,2,4,9900.0,71413.0,1,0,0
746059,2546,820,0,3,39425.0,64686.9,1,0,0
3592151,1865,1276,0,0,87.3,20257.1,7,0,0
705522,2417,2105,0,3,4744.0,21714.7,1,0,0
594720,2024,1842,2,4,600.0,20281.8,1,0,0
1427397,4863,2156,0,3,6100.0,36867.6,1,0,0
1316174,4493,2129,2,4,100.0,25626.5,6,0,0
771329,2632,1995,2,4,7800.0,50487.5,1,0,0
652913,2232,1224,0,3,7374.0,8274.0,1,0,0
282110,967,1984,2,5,1000.0,35168.4,1,0,0
784237,2672,2044,2,4,810.0,12833.1,1,0,0
430812,1463,2034,2,4,600.0,27160.9,1,0,0
850376,2896,1986,2,1,295.0,25137.0,0,12,62635773
573587,1952,347,0,3,23070.0,24070.0,1,0,0
271337,929,1703,2,4,14.6,18223.5,6,0,0
39768,128,469,2,4,3500.0,26153.6,1,0,0
1248367,4269,1687,2,4,10100.0,59357.7,1,0,0
1104982,3775,1565,2,4,3600.0,24719.8,1,0,0
33842,108,1945,2,4,14.6,69166.4,6,0,0
2874729,9513,1715,2,1,1527.0,14564.5,8,12,37582862
3588431,1767,1672,0,0,166.0,42522.5,7,0,0
3568197,1136,2068,0,0,134.5,35758.8,7,0,0
444347,1511,1000,1,4,15070.0,41905.6,1,0,0
1018284,3479,1622,2,1,7650.0,58607.1,5,9,1348793
820008,2792,1561,2,1,2327.0,30839.3,5,9,24712276
3489842,7546,1915,0,0,96.2,20887.4,7,0,0
958067,3264,1345,2,1,1886.0,25527.3,5,7,52467608
1007534,3440,1744,2,4,7900.0,37476.9,1,0,0
989803,3374,349,2,4,7200.0,28870.8,5,0,0
1049778,3591,1519,2,5,3600.0,46456.3,1,0,0
3664956,4473,1215,0,0,223.1,50384.3,7,0,0
3586004,1688,1246,0,0,87.7,20762.9,7,0,0
775059,2645,1167,0,3,11231.0,44007.1,1,0,0
375062,1276,936,0,3,100.0,21122.2,1,0,0
1068656,3651,461,0,2,5081.0,26657.0,2,12,38447165
264522,903,1828,2,4,510.0,20654.2,1,0,0
663590,2266,1314,0,3,16976.0,17576.0,1,0,0
995199,3394,1797,2,4,1300.0,18084.0,1,0,0
3055549,10131,1197,2,1,5983.0,22008.8,8,13,64831644
545321,1855,1474,0,2,5172.0,15916.0,2,12,98262780
542325,1844,1134,2,1,2161.0,32330.3,1,3,32871842
997486,3405,1856,2,4,14.6,33061.4,6,0,0
1098653,3753,1528,2,4,2080.0,20363.8,1,0,0
173397,582,1713,2,1,2812.0,21777.0,5,6,94775294
551878,1879,711,2,1,907.0,15142.9,1,12,53768026
206605,701,1399,2,4,14.6,24525.3,6,0,0
1034498,3537,2141,2,1,646.0,22553.1,5,6,60367298
277475,949,2016,2,4,10500.0,47778.1,1,0,0
1043735,3569,1580,2,4,14.6,25238.5,6,0,0
19556,66,758,2,4,4200.0,32522.8,1,0,0
3656362,3809,1794,0,0,161.5,39327.7,7,0,0
1067956,3649,983,2,1,4.0,53246.8,0,10,17516535
1229556,4208,2006,2,4,14.6,22708.2,6,0,0
720967,2469,1906,2,4,900.0,16740.2,1,0,0
193203,655,2073,2,1,193.0,69828.6,3,6,32799506
506357,1729,1920,2,1,6554.0,31602.2,5,13,10198331
2862363,9472,1647,2,1,5119.0,35098.3,5,6,17279625
319561,1091,1031,0,3,2900.0,29814.3,1,0,0
901679,3072,395,2,4,11800.0,37169.1,1,0,0
258905,886,910,2,4,14.6,41601.1,6,0,0
164766,551,1641,2,4,14.6,17378.3,6,0,0
637184,2176,1129,0,3,40185.0,38256.2,1,0,0
1982221,6715,793,0,2,13789.0,19833.1,1,8,84352767
870974,2967,2141,2,1,2666.0,28033.0,5,9,98696469
950551,3240,1338,2,4,30.0,43297.9,6,0,0
586802,1998,1258,2,4,10560.0,80637.4,1,0,0
714116,2441,1773,2,1,785.0,61463.4,3,10,13103747
3117545,10345,1552,2,4,2700.0,23326.1,1,0,0
3568117,1135,1611,0,0,107.6,26133.4,7,0,0
484348,1649,1856,2,4,14.6,15282.3,6,0,0
3494868,7990,1368,0,0,150.9,51508.9,7,0,0
1272700,4352,1276,2,4,14.6,43208.6,6,0,0
900607,3069,526,0,3,34734.0,78137.6,1,0,0
311337,1062,704,0,3,34764.0,75370.7,1,0,0
952980,3249,2109,2,4,5100.0,46896.3,1,0,0
846282,2881,1368,2,4,14.6,36899.8,6,0,0
2477426,8173,1836,2,5,2100.0,38787.7,1,0,0
875181,2982,1254,0,2,73128.0,74028.0,1,7,51226520
1979053,6706,1747,2,1,1982.0,51550.8,5,10,63843142
2579577,8519,1351,2,4,3100.0,47892.0,1,0,0
1877961,6358,2141,2,1,5632.8,46639.6,8,4,31235045
218289,742,1405,2,1,2048.0,19475.1,5,2,99545573
785702,2676,2151,2,4,8800.0,41659.2,1,0,0
1091469,3731,2042,2,1,1974.0,21412.6,1,9,48735064
717324,2457,1839,2,1,3834.0,19474.5,5,11,35646599
320057,1093,2028,1,4,5987.0,35403.7,1,0,0
3610012,2423,333,0,0,103.6,26024.2,7,0,0
2567210,8475,1982,0,3,9738.0,37801.5,1,0,0
612344,2086,1706,2,4,26600.0,52722.4,1,0,0
1701222,5767,1805,0,3,12912.0,33443.0,1,0,0
988908,3371,1333,1,4,7421.0,56792.9,1,0,0
785676,2676,1371,2,4,8200.0,29150.2,1,0,0
3588980,1780,1491,0,0,304.5,59589.6,7,0,0
859906,2930,1744,2,1,12032.0,59862.0,5,11,40203636
2611831,8628,1791,2,4,7800.0,33365.1,1,0,0
1310180,4473,1611,2,4,15300.0,42720.4,1,0,0
1113486,3804,2166,0,2,47436.0,81516.8,1,5,4088378
796836,2714,1536,0,3,1300.0,19527.5,1,0,0
3464602,3036,1125,0,0,126.9,21356.3,7,0,0
3594553,1937,1611,0,0,82.8,21073.8,7,0,0
25146,83,1624,2,1,2210.0,20906.7,5,1,26468819
3453657,6473,1764,0,0,182.6,75401.8,7,0,0
1037488,3548,1856,2,4,14.6,16652.8,6,0,0
454266,1544,194,0,3,1100.0,1100.0,1,0,0
705843,2417,1161,2,4,3900.0,11996.4,1,0,0
3658567,3878,1733,0,0,71.3,15918.6,7,0,0
229398,780,1695,2,4,2280.0,34605.1,1,0,0
696593,2382,1312,0,2,6115.0,24824.0,2,3,88811969
3145820,10440,1440,2,1,1950.0,40437.7,0,5,96339386
953250,3250,1603,2,4,2000.0,15551.6,1,0,0
15017,50,1616,2,1,269.0,29801.9,5,12,75148117
3501696,8564,423,0,0,228.6,94615.6,7,0,0
1084584,3704,1468,2,4,1840.0,24229.0,1,0,0
1579162,5369,423,2,4,14.6,23988.4,6,0,0
3612384,2488,1733,0,0,120.9,29431.1,7,0,0
2502928,8261,401,2,4,2700.0,31887.4,1,0,0
871987,2971,1690,0,3,28607.0,58887.5,1,0,0
699838,2394,2020,2,1,788.0,34020.5,3,12,93556361
1037458,3548,941,2,4,14.6,17313.0,6,0,0
361962,1230,2149,2,4,23500.0,113673.1,1,0,0
6612,26,674,2,1,10387.0,21021.5,5,3,12891853
875348,2982,1958,2,1,226.0,93381.5,3,8,37620991
630880,2154,1105,0,2,3189.0,21767.8,1,4,62511837
93856,319,1164,2,1,416.0,52523.2,3,1,559258
1078830,3684,637,2,4,3900.0,28210.7,1,0,0
936179,3195,484,2,4,900.0,28203.7,1,0,0
959587,3268,1033,2,4,14.6,12175.3,6,0,0
3572276,1271,1368,0,0,111.0,28093.3,7,0,0
16307,55,1835,2,1,3086.0,13230.3,5,3,53077900
611387,2082,721,2,4,8400.0,27005.9,1,0,0
358017,1215,2129,2,4,14.6,27860.7,6,0,0
1091459,3731,1738,2,1,1974.0,18372.1,1,9,48735064
3466707,3620,1976,0,0,84.6,16873.9,7,0,0
53230,176,1929,2,1,97.0,42972.3,3,9,11736327
1136535,3883,1690,0,3,700.0,50604.8,1,0,0
315850,1077,1501,0,3,4100.0,40119.4,1,0,0
307910,1050,226,1,4,3002.0,70921.7,1,0,0
17098,58,1707,2,4,1800.0,8272.9,5,0,0
388377,1320,2135,2,1,149.0,20742.8,3,10,17258435
3457967,10558,1246,0,0,418.6,65036.8,7,0,0
3119326,10351,1033,0,3,1100.0,21039.1,1,0,0
1048204,3585,1896,0,2,6242.0,29946.1,2,6,7378769
674484,2305,645,0,2,3542.0,27471.5,1,11,49954766
130532,437,1146,2,4,7100.0,62775.3,1,0,0
1030814,3521,262,2,4,34800.0,61709.0,1,0,0
1531110,5215,1646,2,1,2.0,46071.5,5,6,58698618
1127165,3850,374,2,1,5120.0,36249.7,0,2,34453201
359554,1222,1288,0,2,6310.0,35767.5,2,6,77489798
710681,2430,1882,2,4,4560.0,36442.3,1,0,0
481621,1640,2019,2,1,4783.0,58342.4,5,11,42289441
3643333,3422,2129,0,0,177.8,41736.6,7,0,0
997769,3407,1985,0,3,19186.0,31622.6,1,0,0
1263170,4320,1609,0,3,19977.0,71870.9,1,0,0
3324545,11042,1215,2,4,14.6,41916.4,6,0,0
717006,2456,2018,2,1,9554.0,37264.8,5,6,71291804
1657729,5622,2168,0,3,13500.0,75550.7,1,0,0
855635,2915,1399,2,4,14.6,73121.2,6,0,0
3582072,1574,2006,0,0,77.4,19388.8,7,0,0
3492072,7753,1033,0,0,184.0,42151.8,7,0,0
620501,2119,2159,2,4,14.6,42770.1,6,0,0
1034898,3538,999,2,4,23200.0,48427.0,1,0,0
3638201,3254,2068,0,0,115.5,28097.4,7,0,0
3596566,1994,1672,0,0,172.6,44595.3,7,0,0
734688,2510,972,2,4,14.6,39560.1,6,0,0
321425,1098,751,2,4,4500.0,26006.4,1,0,0
1079490,3686,1984,2,4,1500.0,14254.4,1,0,0
689341,2354,1716,2,4,13000.0,46891.9,1,0,0
863770,2940,1974,0,3,12300.0,39978.0,1,0,0
816856,2781,1710,2,4,19600.0,69502.7,1,0,0
288016,987,1664,0,3,2600.0,36407.7,1,0,0
3552704,675,1764,0,0,179.7,43558.1,7,0,0
62119,206,1277,0,3,200.0,32890.6,1,0,0
838156,2853,1011,0,2,3709.0,18231.2,1,3,63938832
813813,2771,614,0,3,19562.0,50988.7,1,0,0
335790,1142,1557,2,1,2077.0,19831.9,5,6,67380297
1781637,6040,2019,2,4,400.0,45262.5,1,0,0
248100,853,1344,2,1,1378.0,58172.2,0,9,71826153
300603,1023,1454,2,4,20600.0,31784.4,1,0,0
32721,105,2129,2,4,14.6,20892.6,6,0,0
1152954,3943,1815,2,4,840.0,22064.5,1,0,0
425578,1445,1641,2,4,14.6,29210.8,6,0,0
238286,814,1884,2,4,7300.0,11959.0,1,0,0
277882,950,1167,2,4,7200.0,63467.2,1,0,0
414200,1408,2110,0,2,36880.0,108596.0,1,1,97392367
435879,1481,1343,2,1,2065.0,17600.9,5,3,82271873
1117495,3818,950,2,1,4065.0,44806.2,3,2,34760767
1535171,5228,2086,2,4,11400.0,90972.8,1,0,0
471851,1605,1947,1,4,17738.0,52829.2,1,0,0
1132871,3871,1954,2,1,1505.0,41750.8,0,1,64580011
3573554,1306,1125,0,0,137.0,23566.8,7,0,0
3566224,1083,1825,0,0,117.7,29071.3,7,0,0
839930,2859,1405,0,3,1600.0,35522.9,1,0,0
3444673,5878,2037,0,0,220.4,57855.1,7,0,0
1099003,3754,1985,2,1,900.0,49427.2,0,11,27539909
559550,1904,1438,0,3,13130.0,31309.2,1,0,0
716018,2452,1915,2,4,14.6,19099.4,6,0,0
716614,2454,1519,2,4,14.6,27281.4,6,0,0
3556327,789,1550,0,0,69.2,16164.3,7,0,0
53925,180,1924,0,2,23261.0,80936.9,1,8,69630121
3464517,3010,1125,0,0,105.5,27053.6,7,0,0
3599947,2105,2159,0,0,86.1,13619.0,7,0,0
682156,2328,1162,2,1,1846.0,28664.7,5,7,22747612
1765952,5991,858,2,1,1978.0,22984.7,5,11,6799704
30163,97,1310,2,4,12600.0,42166.0,1,0,0
287813,986,1697,2,4,4500.0,22757.2,1,0,0
117121,395,1008,0,3,22054.0,63785.9,1,0,0
3662611,4052,2190,0,0,245.3,36806.5,7,0,0
2305107,7606,1763,0,3,4700.0,29261.4,1,0,0
8690,31,710,2,1,10202.0,47565.0,5,10,42430687
425671,1446,980,0,3,17853.0,55791.8,1,0,0
3532462,59,1094,0,0,212.4,47158.1,7,0,0
974349,3319,1530,2,4,500.0,42652.0,1,0,0
1282068,4385,1286,2,4,1500.0,33280.7,1,0,0
80484,270,1655,0,3,23757.0,78619.2,1,0,0
3039915,10079,1805,2,4,39400.0,47000.9,1,0,0
997388,3405,737,2,4,700.0,39587.5,1,0,0
555382,1891,285,2,1,2039.0,27720.8,5,8,32430213
1681679,5700,1075,2,1,1728.0,35187.4,8,11,47866308
3582101,1575,880,0,0,71.4,17997.7,7,0,0
426982,1450,2159,2,4,14.6,51192.1,6,0,0
3039877,10079,725,2,4,21600.0,53159.7,1,0,0
3594429,1934,880,0,0,113.6,27612.8,7,0,0
790087,2694,637,2,4,14.6,36976.5,6,0,0
215120,730,1368,2,4,14.6,63623.6,6,0,0
1467457,4999,1898,2,1,6327.0,43258.1,0,7,71272724
343422,1164,558,2,4,1800.0,22406.8,1,0,0
101048,345,556,2,1,8819.0,14379.2,5,9,68522327
611510,2082,755,0,3,2600.0,27808.6,1,0,0
1065529,3640,878,2,4,4700.0,24495.5,1,0,0
355025,1203,1825,2,4,14.6,69183.5,6,0,0
1649439,5591,1473,2,1,2872.0,38913.4,0,11,44512021
909803,3099,1114,2,4,3250.0,20397.5,1,0,0
964916,3288,1592,0,2,5476.0,18394.7,2,13,76315682
181286,616,1104,0,2,6846.0,24730.4,2,12,87446176
39554,128,1958,0,3,1800.0,69925.3,1,0,0
318955,1089,2074,2,1,756.0,22287.9,5,8,36553853
650773,2223,1773,2,4,480.0,16088.0,1,0,0
1066275,3643,1890,2,4,900.0,34900.0,1,0,0
323749,1106,1420,2,4,9200.0,102857.6,1,0,0
775195,2645,919,2,1,631.0,23440.1,0,8,46016168
3560645,914,2068,0,0,92.1,23298.2,7,0,0
176429,595,2098,2,4,14.6,76975.5,6,0,0
1838348,6226,1983,0,2,59793.0,151864.0,1,11,68360191
2292690,7562,1733,2,4,30.0,81782.7,6,0,0
704877,2414,1104,2,1,465.0,16155.1,5,3,6135642
734725,2510,2098,2,4,14.6,55768.8,6,0,0
484953,1652,1109,2,4,2550.0,21725.8,1,0,0
478012,1629,1035,0,3,1000.0,1000.0,1,0,0
190692,648,758,2,4,2500.0,40700.2,1,0,0
2094829,7099,2098,2,4,14.6,17794.8,6,0,0
1265937,4329,1276,2,4,2000.0,22692.1,1,0,0
1114,4,1838,2,1,1285.0,15266.7,0,11,5848086
62780,208,1801,0,3,22494.0,48359.0,1,0,0
985193,3361,917,0,3,9231.0,45158.8,1,0,0
1085537,3709,2076,0,3,11438.0,55848.5,1,0,0
571278,1944,647,0,3,17980.0,43306.2,1,0,0
1013039,3464,1497,2,1,2802.0,21252.2,5,10,96288322
945780,3224,2050,2,4,2800.0,18743.9,1,0,0
628529,2146,589,0,3,19826.0,54282.5,1,0,0
406744,1384,1752,2,4,16800.0,35931.1,1,0,0
469650,1599,1763,2,4,15600.0,56436.9,1,0,0
3299647,10963,989,2,4,24600.0,43798.9,1,0,0
685666,2342,63,0,2,3247.0,3647.0,1,3,42284852
3646395,3522,1703,0,0,76.0,20346.8,7,0,0
887787,3028,406,0,2,4214.0,21470.0,2,4,87715136
936799,3197,1868,2,1,2008.0,25407.6,5,9,34224891
63589,211,2040,0,3,15443.0,95745.5,1,0,0
1115725,3810,1074,2,4,350.0,25674.6,1,0,0
1723,7,1921,2,1,4880.0,59327.8,5,5,34452903
119145,400,947,2,1,6948.0,34242.3,5,12,99955695
2301554,7594,1411,2,1,2302.0,22068.7,5,13,48485803
1045171,3574,1908,2,4,1320.0,21416.4,1,0,0
92999,317,1312,2,1,3068.0,27934.9,5,9,93325268
951098,3242,1832,2,4,3360.0,20088.2,1,0,0
269884,925,2168,0,3,27750.0,79963.2,1,0,0
320911,1097,2110,2,1,577.0,62118.0,3,2,50336754
534284,1820,1712,0,3,16771.0,41922.6,1,0,0
3653694,3735,1884,0,0,81.3,20228.7,7,0,0
3249583,10789,1519,2,4,14.6,69553.9,6,0,0
3493234,7861,1063,0,0,155.3,38763.2,7,0,0
714918,2446,1318,0,3,11874.0,42141.5,1,0,0
96758,330,1603,2,4,18000.0,40213.1,1,0,0
228671,776,1985,2,1,2277.0,49880.5,5,13,44794058
2253826,7437,1889,1,4,5896.0,20855.6,1,0,0
1128984,3858,1812,0,3,1600.0,22886.5,1,0,0
3639340,3286,1429,0,0,180.0,54900.7,7,0,0
3501024,8505,1976,0,0,81.2,32051.1,7,0,0
823511,2805,1894,2,1,2017.0,17327.4,5,5,21232450
475410,1620,1098,2,4,3500.0,22544.3,1,0,0
779782,2659,1874,0,3,1900.0,34684.0,1,0,0
903655,3079,1352,2,1,234.0,19132.5,1,5,45304375
689169,2353,1976,2,4,14.6,57112.2,6,0,0
531277,1810,2145,2,4,16800.0,21779.4,1,0,0
3227364,10710,1253,0,3,49862.0,78312.8,1,0,0
830043,2826,1672,2,4,14.6,32583.6,6,0,0
788611,2688,1320,2,1,2802.0,17865.2,5,13,18395823
111521,377,1007,1,4,14473.0,34390.1,1,0,0
532307,1813,1346,2,1,4350.0,53622.5,0,9,343406
107642,365,1038,2,1,5.0,18552.3,3,11,12044257
211176,717,607,2,4,14.6,38970.5,6,0,0
779126,2655,1945,0,3,4500.0,20827.7,1,0,0
92753,316,1588,0,3,600.0,600.0,1,0,0
755112,2576,868,2,4,12600.0,27274.7,1,0,0
532107,1813,613,0,3,37524.0,100258.9,1,0,0
3577461,1429,1460,0,0,116.8,26729.6,7,0,0
171436,575,1007,0,3,9128.0,30647.6,1,0,0
3650704,3647,2129,0,0,152.9,38330.5,7,0,0
1275114,4361,1839,0,2,45076.0,113065.6,1,8,60008954
3625237,2866,1276,0,0,133.5,27532.2,7,0,0
367192,1248,1842,2,4,2080.0,21975.0,1,0,0
1199679,4105,1667,2,4,400.0,27818.3,1,0,0
1044807,3572,1927,2,1,2964.0,23342.4,5,4,82395380
381869,1297,2045,2,1,3311.0,81186.7,0,11,17594236
363157,1235,1411,0,2,4339.0,28737.9,2,13,63160800
761800,2600,1165,0,3,24651.0,43860.0,1,0,0
626165,2139,982,0,2,28329.0,76646.2,1,7,15725326
3558436,858,1368,0,0,142.5,39572.3,7,0,0
243247,834,1982,0,2,3948.0,16624.8,1,1,90042912
1118279,3820,637,2,4,14.6,14156.7,6,0,0
1131314,3865,1729,2,4,10300.0,58163.4,1,0,0
402226,1369,2047,0,3,4900.0,27067.4,1,0,0
283625,974,1594,0,3,24758.0,47048.1,1,0,0
3448877,3189,1276,0,0,215.4,33345.3,7,0,0
3601496,2155,941,0,0,87.9,21453.3,7,0,0
822029,2799,729,2,4,30.0,46645.8,6,0,0
346467,1174,1556,2,4,5280.0,64237.9,1,0,0
431540,1466,2145,0,3,100.0,18138.7,1,0,0
3461096,2059,1519,0,0,113.1,33733.9,7,0,0
404791,1378,1708,2,1,1347.0,104316.7,0,3,29417294
875426,2982,1901,1,4,6670.0,51482.9,1,0,0
3573015,1291,1094,0,0,114.5,25844.0,7,0,0
508076,1737,2050,0,3,12252.0,34913.0,1,0,0
10623,36,308,0,3,19852.0,63843.7,1,0,0
326719,1116,405,0,3,12129.0,29807.5,1,0,0
3644655,3466,1794,0,0,302.3,75037.2,7,0,0
175035,588,1152,2,4,800.0,21211.6,1,0,0
3609966,2421,1307,0,0,109.3,26945.9,7,0,0
3655912,3796,395,0,0,119.1,22296.8,7,0,0
714461,2443,1978,2,4,4900.0,12213.2,1,0,0
574906,1958,859,0,2,5338.0,31016.2,2,7,33042526
729131,2493,1834,2,1,5375.0,64760.2,5,3,91739165
457983,1557,1776,2,1,2253.0,31415.6,5,3,82259255
8758,31,1351,1,4,10705.0,34099.6,1,0,0
1161840,3978,1618,2,1,692.0,23165.4,0,11,2867442
3575774,1381,1215,0,0,74.7,18347.4,7,0,0
925550,3154,2046,2,1,3609.0,49728.1,5,12,76435845
567797,1932,1758,0,3,4800.0,5793.8,1,0,0
1164701,3989,1841,2,4,700.0,26450.3,1,0,0
211073,717,1837,2,1,6561.0,28909.4,5,6,48199552
690816,2360,1784,2,4,12100.0,44009.4,1,0,0
625783,2137,1835,2,4,7500.0,18343.6,1,0,0
1090931,3729,1134,2,1,2941.0,17729.3,5,8,52811223
286202,982,1743,2,1,2505.0,32781.8,5,5,6972080
3533074,76,1611,0,0,150.5,37903.8,7,0,0
21221,70,1048,2,4,4500.0,29568.0,1,0,0
325352,1111,1519,2,4,14.6,49204.2,6,0,0
699194,2392,1868,2,4,3500.0,13191.7,1,0,0
945685,3224,1709,2,1,2583.0,36323.4,5,5,12458819
1814703,6148,1106,2,1,2490.0,41902.8,8,9,40286940
646568,2209,1851,2,4,23100.0,27174.4,1,0,0
1019676,3482,921,0,2,4674.0,14821.1,2,10,94689869
535834,1825,1557,0,3,8539.0,40670.2,1,0,0
526386,1796,1915,2,4,14.6,45199.5,6,0,0
129143,433,1580,2,4,14.6,33437.2,6,0,0
374832,1276,793,2,1,169.0,18984.8,3,1,23086488
494974,1688,981,0,2,5439.0,22540.6,2,9,99495708
221642,752,2160,2,4,9900.0,13061.4,1,0,0
251801,863,1750,0,3,25701.0,66522.2,1,0,0
641061,2189,2081,0,3,20782.0,74770.6,1,0,0
303834,1035,2082,2,1,2194.0,52202.4,5,2,68746489
957040,3260,383,0,3,2200.0,23167.5,1,0,0
210843,716,812,2,4,19400.0,40246.9,1,0,0
1733217,5878,1717,2,4,5880.0,34921.3,1,0,0
1026860,3506,2006,2,4,14.6,47073.3,6,0,0
36776,119,377,0,3,21525.0,53968.6,1,0,0
1633689,5541,1245,2,4,700.0,36123.2,1,0,0
3615463,2568,1550,0,0,135.9,31585.6,7,0,0
938143,3201,981,2,1,3352.0,28391.9,5,13,11025113
926245,3157,757,2,4,640.0,27168.1,1,0,0
921219,3139,1976,2,4,14.6,34317.1,6,0,0
988301,3370,1194,0,2,23855.0,47990.3,1,3,90757017
3556588,801,1794,0,0,100.6,24147.9,7,0,0
1104939,3775,1116,2,4,560.0,16274.5,1,0,0
1063469,3632,1703,2,4,30.0,38207.6,6,0,0
2382846,7857,1318,2,1,137.0,89204.4,3,6,92092263
588024,2001,788,2,4,14.6,41895.1,6,0,0
871829,2970,651,2,4,9200.0,33403.1,1,0,0
3594512,1937,364,0,0,102.3,25041.0,7,0,0
1082676,3697,2007,2,4,5400.0,28452.4,1,0,0
3621222,2742,1276,0,0,129.8,19516.7,7,0,0
927315,3160,1884,2,4,13300.0,50548.6,1,0,0
1169300,4009,2129,2,4,14.6,59634.2,6,0,0
3457088,9750,1429,0,0,153.0,38350.6,7,0,0
1112802,3800,1884,2,4,14.6,12860.4,6,0,0
1064583,3637,1987,2,1,4877.0,61879.1,5,13,98685901
3554845,743,395,0,0,20.6,13878.3,7,0,0
1488473,5072,1806,2,1,5292.0,27682.4,8,5,38607579
866895,2951,1007,2,1,462.0,36169.9,3,9,71099632
3464375,3000,1856,0,0,247.8,56069.4,7,0,0
3144437,10436,2017,2,4,3300.0,68896.0,1,0,0
3386926,11244,1927,2,1,6490.5,9986.9,8,6,40766275
159080,533,1314,2,1,3427.0,17178.9,0,5,31916600
970967,3309,1771,0,3,15303.0,46611.5,1,0,0
1299640,4437,1386,0,3,1400.0,28228.8,1,0,0
33157,107,1587,0,3,6832.0,45190.6,1,0,0
246528,846,2096,2,4,45900.0,87490.7,1,0,0
23469,77,1945,2,4,14.6,21156.4,6,0,0
1053979,3605,1641,2,4,14.6,29116.9,6,0,0
985669,3362,1921,2,1,7294.0,37449.4,5,11,25993234
3182472,10558,1988,2,4,5100.0,88785.2,0,0,0
524424,1788,998,2,4,4300.0,17446.1,1,0,0
1107897,3784,1294,2,4,3800.0,21508.4,1,0,0
935882,3195,1099,2,1,1599.0,22591.6,5,6,48782503
650068,2221,1779,0,3,200.0,200.0,1,0,0
3083966,10227,982,2,4,30300.0,79828.0,1,0,0
618742,2111,1550,2,4,30.0,106409.5,6,0,0
1265971,4329,972,2,4,14.6,25652.6,6,0,0
2147686,7274,2141,2,1,4086.8,10880.4,8,12,91164630
459414,1562,1429,2,4,14.6,20413.2,6,0,0
329701,1124,2187,0,3,20394.0,76446.3,1,0,0
57163,190,1246,2,4,14.6,34229.6,6,0,0
564722,1922,1404,2,4,10300.0,54853.1,1,0,0
589953,2008,705,2,4,7800.0,33698.4,1,0,0
3581141,1542,1976,0,0,95.8,24139.9,7,0,0
3449335,3678,1307,0,0,63.5,14280.0,7,0,0
1245349,4260,2135,0,2,24453.0,67157.1,1,5,35805535
3558921,870,1307,0,0,107.7,25505.4,7,0,0
219506,746,1182,2,4,1600.0,20786.4,1,0,0
458249,1558,2188,2,4,1300.0,24081.3,1,0,0
436833,1484,1550,2,4,14.6,27315.1,6,0,0
3592781,1889,1063,0,0,118.5,27135.7,7,0,0
1122387,3834,1932,2,4,1500.0,21402.9,1,0,0
782258,2666,1834,2,4,780.0,16482.4,1,0,0
115536,390,1784,1,4,16125.0,84918.4,1,0,0
114277,385,637,2,4,14.6,23551.5,6,0,0
516015,1764,1741,0,3,11548.0,32535.8,1,0,0
134927,452,2035,1,4,5511.0,28145.6,1,0,0
372742,1269,1471,2,4,2280.0,21061.5,1,0,0
2472867,8159,1684,2,1,1552.0,36595.4,0,9,17476857
3573249,1296,2006,0,0,81.5,18677.4,7,0,0
3635473,3179,1611,0,0,163.9,36081.1,7,0,0
3465293,3298,1976,0,0,221.6,53766.9,7,0,0
1067335,3647,2049,0,3,8764.0,45431.3,1,0,0
819629,2790,1821,2,4,1100.0,67774.3,1,0,0
554226,1887,1410,0,3,8412.0,30590.6,1,0,0
3538176,230,1703,0,0,94.3,23604.7,7,0,0
720148,2466,2082,2,1,37.0,71438.3,5,12,78467875
3620188,2712,1094,0,0,150.0,35207.7,7,0,0
814190,2771,1039,2,4,1300.0,28938.5,1,0,0
3604991,2263,1794,0,0,249.3,62824.5,7,0,0
528329,1802,1088,2,4,1200.0,29675.5,1,0,0
763420,2607,2046,2,1,1433.0,25134.8,5,5,86115359
909858,3099,1093,2,4,1040.0,29101.6,1,0,0
3586921,1714,1215,0,0,75.0,18672.5,7,0,0
1059839,3622,1882,0,3,12900.0,29463.2,1,0,0
1079861,3687,1479,2,4,4000.0,46752.5,1,0,0
422082,1432,1930,2,4,15900.0,22958.8,1,0,0
3475482,8489,880,0,0,110.9,27230.4,7,0,0
3618422,2656,2068,0,0,91.5,22800.1,7,0,0
502483,1713,2170,2,4,2000.0,16568.7,1,0,0
3464668,3058,1641,0,0,240.5,49856.0,7,0,0
3548290,533,1185,0,0,88.0,22402.5,7,0,0
1949065,6602,2126,0,3,3700.0,35058.7,1,0,0
159996,536,1741,2,1,1742.0,28301.2,5,1,84382724
382651,1299,333,2,4,14.6,25820.8,6,0,0
911169,3107,952,0,2,6300.0,34099.4,2,9,51595199
112276,379,1412,2,1,1561.0,23303.4,5,2,35418421
565450,1925,1897,2,1,3860.0,24859.2,5,12,28522896
511930,1751,2002,2,4,4700.0,28981.0,1,0,0
90143,304,1940,2,4,9000.0,25916.9,1,0,0
3536483,186,272,0,0,102.0,38963.0,7,0,0
3446030,808,1460,0,0,73.3,17498.2,7,0,0
1027019,3507,1589,2,1,2700.0,52458.8,0,9,75874447
1192806,4082,1786,2,4,26000.0,44998.2,1,0,0
607433,2068,2015,0,2,3937.0,16789.0,1,1,42463767
223738,761,1423,0,3,2300.0,32178.5,1,0,0
3594689,1940,1429,0,0,65.1,16108.9,7,0,0
48046,161,1069,2,1,1389.0,14809.3,5,4,17877823
452886,1539,967,2,4,9200.0,5389.7,0,0,0
3662146,3998,2006,0,0,101.8,24774.0,7,0,0
773652,2641,376,0,3,21432.0,63221.4,1,0,0
3588211,1762,760,0,0,134.1,16755.2,7,0,0
3523883,10728,2098,0,0,158.2,30494.1,7,0,0
3547212,500,1672,0,0,37.0,8218.0,7,0,0
605990,2062,1520,2,4,10300.0,33553.2,1,0,0
921582,3141,1637,1,4,12860.0,29921.2,1,0,0
828242,2820,1951,2,1,1322.0,21459.2,0,6,91463666
3636070,3199,1825,0,0,184.9,39955.6,7,0,0
128380,430,2024,0,3,2500.0,49788.9,1,0,0
3581027,1536,1641,0,0,256.4,41294.6,7,0,0
115729,391,469,0,3,400.0,24994.5,1,0,0
452307,1536,2121,2,4,1200.0,59281.1,1,0,0
406259,1382,576,2,4,14.6,18110.0,6,0,0
3623684,2820,2190,0,0,95.3,22184.2,7,0,0
3627023,2919,1641,0,0,77.9,17634.4,7,0,0
315833,1077,991,0,3,5600.0,34739.4,1,0,0
962142,3278,1491,2,4,14.6,51987.8,6,0,0
1053540,3604,1985,2,1,3893.0,31126.9,5,10,88427799
608697,2071,1708,2,4,15700.0,35120.1,1,0,0
3470253,4368,1460,0,0,249.9,62794.5,7,0,0
531600,1811,1958,2,1,6745.0,38594.6,0,6,87739562
2068916,7011,1117,2,4,3900.0,-366.0,1,0,0
518674,1771,1825,2,4,14.6,20667.6,6,0,0
1044063,3570,910,2,4,14.6,22594.7,6,0,0
962287,3279,1567,0,3,6198.0,29730.5,1,0,0
322934,1103,1999,2,4,10300.0,16415.5,1,0,0
2593236,8566,1251,2,1,555.0,14458.2,5,1,72264265
3637951,3248,2190,0,0,89.2,21671.4,7,0,0
3467226,3821,2037,0,0,65.4,15281.0,7,0,0
696812,2382,2098,2,4,14.6,18900.7,6,0,0
413775,1406,1774,2,1,458.0,22132.6,0,2,43622702
854837,2913,2168,2,1,499.0,13840.9,5,8,76905709
2357185,7774,1546,2,4,7700.0,66077.9,1,0,0
230374,784,1047,2,4,4680.0,55760.5,1,0,0
638614,2179,1376,2,1,240.0,58523.0,3,13,6092787
417662,1416,432,0,3,1800.0,25344.1,1,0,0
3573453,1302,849,0,0,70.2,17738.3,7,0,0
3526967,11027,2159,0,0,145.0,44399.6,7,0,0
1163741,3983,1174,2,4,16400.0,28275.1,1,0,0
754885,2576,1426,0,3,6594.0,41689.1,1,0,0
2770003,9167,1955,2,1,545.0,32115.7,3,1,40962070
151384,505,1703,2,4,14.6,13479.0,6,0,0
608321,2070,1465,2,4,3240.0,47201.4,1,0,0
3021558,10019,1069,2,4,4900.0,38257.9,1,0,0
755453,2577,1111,2,4,1760.0,19122.9,1,0,0
3660341,3936,1276,0,0,145.6,36781.8,7,0,0
554842,1888,1611,2,4,14.6,8039.4,6,0,0
756294,2581,431,2,1,4769.0,32491.3,5,8,81132262
712313,2435,1117,0,3,38325.0,53233.8,1,0,0
970609,3307,1884,2,4,14.6,54944.6,6,0,0
1078021,3682,2159,2,4,14.6,85768.2,6,0,0
486890,1660,1753,0,3,36789.0,73971.0,1,0,0
752177,2566,326,0,3,3600.0,25100.0,1,0,0
707999,2424,1255,2,4,25300.0,56495.3,1,0,0
3571061,1230,1703,0,0,396.4,46907.2,7,0,0
640785,2187,2141,2,4,11400.0,53750.7,1,0,0
3555975,776,1794,0,0,268.0,65308.1,7,0,0
3448185,2598,1550,0,0,171.5,71273.9,7,0,0
602493,2051,1520,1,4,3297.0,-1298.8,1,0,0
1018396,3479,1469,2,4,3240.0,50355.1,1,0,0
1107475,3782,1686,2,4,28100.0,62756.8,1,0,0
377775,1286,1126,0,3,30102.0,149932.5,1,0,0
1065461,3640,454,2,4,14.6,31953.3,6,0,0
1097412,3750,1442,2,1,7774.0,35604.8,5,11,81509756
3459564,128,1185,0,0,180.0,44239.9,7,0,0
788693,2688,1368,2,4,14.6,12767.4,6,0,0
540074,1836,2172,2,1,6666.0,51566.7,5,13,46282643
481738,1640,1543,2,4,8000.0,32830.4,1,0,0
208825,709,1756,1,4,5157.0,65422.3,1,0,0
494693,1686,1945,2,4,14.6,43217.0,6,0,0
873379,2974,2037,2,4,14.6,39026.0,6,0,0
3638960,3275,1185,0,0,80.4,16349.0,7,0,0
657207,2245,868,2,4,2500.0,38395.9,1,0,0
3638885,3271,1856,0,0,55.2,12917.6,7,0,0
960919,3273,1945,2,4,14.6,15394.0,6,0,0
513174,1756,1349,0,3,18391.0,58760.5,1,0,0
673025,2298,633,2,4,17200.0,39990.2,1,0,0
1091862,3733,2037,2,4,14.6,51843.5,6,0,0
312958,1068,2135,2,1,632.0,40190.6,3,2,73765313
465106,1583,1213,0,3,12419.0,36788.2,1,0,0
3584684,1652,1063,0,0,104.8,23603.2,7,0,0
484850,1652,1532,0,2,6226.0,17262.2,2,4,3406155
1243270,4253,1680,2,1,7344.0,58606.5,5,12,66295969
3628617,2965,1215,0,0,112.1,28294.2,7,0,0
959338,3268,495,2,1,634.0,19648.9,1,12,36828112
733192,2505,1883,2,4,2240.0,19889.7,1,0,0
1899708,6434,1304,0,3,39807.0,95901.4,1,0,0
3617422,2627,1884,0,0,130.2,32275.6,7,0,0
936898,3197,1307,2,4,14.6,18400.0,6,0,0
2384050,7861,1195,2,1,400.0,26599.0,0,8,58806037
780421,2661,1594,0,3,8475.0,30908.4,1,0,0
1208614,4134,2077,2,1,5932.0,11750.4,5,12,37454885
80855,271,2037,2,4,14.6,49140.8,6,0,0
822637,2802,1954,2,1,2412.0,15265.3,5,10,44960343
3621096,2739,972,0,0,81.5,18464.5,7,0,0
159500,535,1349,0,3,20673.0,40629.6,1,0,0
767384,2620,364,2,4,14.6,30626.6,6,0,0
381369,1295,2006,2,4,14.6,17167.0,6,0,0
789904,2694,1895,2,1,3532.0,62341.3,5,10,95437645
3613736,2521,910,0,0,58.3,32321.3,7,0,0
343596,1165,1839,2,4,1080.0,17262.3,1,0,0
1231104,4214,1736,2,4,58600.0,58674.5,1,0,0
3147329,10445,2110,2,1,1951.0,83063.1,8,3,399
925046,3152,1550,2,4,14.6,20054.4,6,0,0
1075184,3674,861,2,1,9503.0,40857.6,5,3,25279706
3145430,10439,2133,2,4,13500.0,68525.0,1,0,0
434507,1476,1094,2,4,14.6,15187.8,6,0,0
655685,2241,1399,2,4,14.6,46270.4,6,0,0
707979,2424,1976,2,4,14.6,52291.9,6,0,0
2108112,7136,2080,2,1,2059.0,42227.0,8,10,16474801
564415,1920,2063,0,3,7500.0,51819.7,1,0,0
1302538,4448,453,2,4,6900.0,38522.6,1,0,0
3579368,1486,1611,0,0,198.4,47123.0,7,0,0
1092981,3737,1532,2,1,3805.0,21492.6,5,2,48756384
374723,1276,1864,2,1,3839.0,19617.6,5,8,19942432
3655759,3792,395,0,0,91.4,19923.7,7,0,0
1387267,4727,1229,2,1,1861.0,41274.3,0,11,87424748
3609467,2404,1733,0,0,173.8,44139.8,7,0,0
3605012,2264,1794,0,0,137.6,34435.1,7,0,0
726272,2484,212,2,4,12300.0,33376.1,1,0,0
369913,1257,1643,2,4,4800.0,21596.8,1,0,0
32369,104,281,2,1,1464.0,15399.6,1,10,8965999
279005,955,1841,2,4,3000.0,17648.9,1,0,0
2610574,8625,442,0,3,21747.0,66646.5,1,0,0
3506862,9041,1491,0,0,6.8,24693.4,7,0,0
162584,543,1530,2,1,655.0,15909.9,3,2,41006070
2262740,7465,1952,0,3,13232.0,49082.5,1,0,0
1144339,3914,1580,2,4,14.6,45406.3,6,0,0
1267899,4337,1394,0,3,24725.0,119742.1,1,0,0
855949,2916,1951,2,1,3630.0,39878.8,3,13,94931244
694509,2375,849,2,4,5760.0,33174.9,1,0,0
842869,2868,2013,2,1,3306.0,20452.4,5,5,78688722
3643642,3431,1794,0,0,151.4,33677.4,7,0,0
1292045,4415,1318,2,1,77.0,42195.7,3,9,19646489
111618,377,1633,2,4,6300.0,20053.1,1,0,0
423201,1437,1686,2,1,29.0,17117.4,0,4,27458155
448352,1524,1812,2,4,500.0,17095.1,1,0,0
3458333,10788,395,0,0,89.4,23307.2,7,0,0
1070119,3655,1529,2,1,2927.0,19136.2,0,3,63581627
576246,1962,2098,2,4,14.6,82917.5,6,0,0
582834,1982,2128,2,4,7200.0,40669.9,1,0,0
3603331,2218,1672,0,0,222.3,32029.5,7,0,0
9259,33,1163,0,3,23589.0,84575.5,1,0,0
514053,1759,1501,2,1,1866.0,8873.4,0,12,8029026
978724,3338,1982,2,1,7531.0,13223.5,5,9,71534847
292462,1000,1009,2,4,13800.0,64070.8,1,0,0
3213326,10663,1108,2,1,4782.0,73034.9,5,13,75102978
782569,2667,1436,2,1,2180.0,15777.1,1,10,2693307
1154159,3948,1951,2,1,314.0,54236.6,5,13,3428841
3626477,2902,272,0,0,172.4,34177.8,7,0,0
2789616,9236,1399,0,3,200.0,60702.9,1,0,0
1089084,3721,1891,0,2,3391.0,22055.7,1,1,61522686
914281,3115,1661,2,4,16900.0,34257.4,1,0,0
1167351,4000,1532,0,3,700.0,48698.7,1,0,0
697021,2383,1745,2,1,139.0,37298.5,3,11,40245962
1176646,4034,947,0,3,400.0,34644.1,1,0,0
689563,2355,2006,2,4,14.6,34201.0,6,0,0
3082345,10220,1956,0,3,19404.0,22528.0,1,0,0
3531533,34,1764,0,0,197.9,35878.4,7,0,0
329051,1122,1185,2,4,14.6,27389.8,6,0,0
1115692,3810,1439,2,1,2862.0,25769.6,5,6,25770914
2477207,8173,1130,0,2,40840.0,63336.2,1,4,84269058
1613985,5481,552,0,2,36430.0,74884.1,1,10,47793597
30531,99,1459,1,4,10751.0,83825.2,1,0,0
936039,3195,1503,2,1,218.0,33079.2,3,12,79532688
3403043,11295,200,2,4,2500.0,29667.4,1,0,0
827469,2818,1463,2,4,18000.0,36552.0,1,0,0
3497272,8169,1154,0,0,131.0,35386.6,7,0,0
1308055,4467,1708,2,1,4556.0,39932.8,5,9,66281664
3618892,2671,395,0,0,104.3,24624.4,7,0,0
250367,860,1957,0,3,13185.0,29364.0,1,0,0
387144,1315,2159,2,4,14.6,16066.4,6,0,0
868155,2957,1533,2,1,4640.0,59883.2,5,11,65183514
48740,163,832,2,1,3116.0,24039.5,5,11,86180990
988814,3371,1978,0,3,33308.0,66631.3,1,0,0
1089890,3725,1794,2,4,14.6,54185.5,6,0,0
113934,385,1744,0,2,3469.0,27990.7,1,5,60511863
922463,3144,1438,2,1,3786.0,21501.3,5,6,24305564
3553495,697,1915,0,0,260.6,59688.1,7,0,0
843368,2870,2111,2,4,3240.0,31730.4,1,0,0
596283,2030,1624,2,1,4325.0,77456.9,5,2,8332980
3183665,10562,2008,1,4,9072.0,36531.6,1,0,0
1486339,5065,788,2,4,14.6,24370.0,6,0,0
475941,1622,1894,2,1,2357.0,35973.8,5,6,22068381
735934,2513,982,2,4,1600.0,24356.5,1,0,0
708338,2425,1154,2,4,14.6,30777.1,6,0,0
656490,2243,1429,2,4,14.6,32347.5,6,0,0
178136,602,1738,0,3,4787.0,18221.2,1,0,0
53220,176,1625,2,1,97.0,61881.2,3,9,11736327
3595824,1972,1276,0,0,81.5,17417.8,7,0,0
3476577,8688,2037,0,0,154.6,41149.7,7,0,0
1291421,4414,1010,2,1,3716.0,34203.9,5,10,75805902
2862168,9472,479,0,3,30844.0,111437.0,1,0,0
398859,1358,1550,2,4,14.6,15073.3,6,0,0
3577833,1442,668,0,0,163.8,33296.1,7,0,0
907801,3093,2129,2,4,14.6,17627.0,6,0,0
1026910,3507,1435,0,3,20018.0,58951.0,1,0,0
2373093,7824,1131,2,1,1525.0,13986.4,0,4,44470602
433815,1475,369,0,2,20551.0,46494.8,1,10,33492565
101897,347,1570,0,3,38316.0,64641.5,1,0,0
81177,273,2164,0,2,19802.0,62747.1,1,9,26475405
225337,767,1953,2,1,22.0,38220.7,0,6,32800996
2525113,8330,1794,2,4,14.6,59873.5,6,0,0
432223,1468,1185,2,4,14.6,14898.4,6,0,0
3652640,3701,1246,0,0,145.7,36543.7,7,0,0
577812,1967,1623,2,1,5194.0,49673.6,8,13,88398128
788968,2690,1831,0,2,6632.0,41415.8,2,12,5632484
608344,2070,1245,2,4,2640.0,46229.8,1,0,0
594892,2025,1259,2,1,6704.0,19893.2,5,8,27186978
3456796,9549,1915,0,0,317.5,89430.9,7,0,0
994948,3393,2006,2,4,14.6,16577.4,6,0,0
2044898,6930,790,2,4,20900.0,44354.8,1,0,0
2857409,9455,1807,0,2,56212.0,83981.8,1,1,50390851
634533,2167,639,2,4,11500.0,28576.8,1,0,0
10356,35,1742,2,1,1362.0,19030.7,0,7,99848401
537062,1828,1194,2,1,1613.0,27025.3,0,11,98265254
918299,3130,1894,2,4,2100.0,55096.9,1,0,0
725383,2482,1825,2,4,14.6,51093.9,6,0,0
2538653,8377,1403,0,3,14900.0,25763.1,1,0,0
906984,3091,618,2,1,4922.0,40991.1,5,4,49400448
1043118,3567,1192,2,1,6943.0,54784.3,0,4,86320829
956864,3260,1713,1,4,14465.0,45306.7,1,0,0
1108122,3785,985,2,1,6502.0,57805.0,5,11,21385729
431920,1468,1251,0,2,3224.0,19353.1,1,12,60079216
490060,1672,1433,2,4,13900.0,43499.1,1,0,0
1326373,4526,1530,0,3,12473.0,52344.3,1,0,0
966280,3292,1494,2,4,3600.0,12413.9,1,0,0
670273,2288,1533,0,3,21130.0,67323.2,1,0,0
732531,2503,1143,0,3,1200.0,34479.7,1,0,0
1151266,3937,1976,2,4,14.6,22321.6,6,0,0
394422,1340,2001,2,4,2200.0,21230.1,1,0,0
2775808,9188,373,2,1,471.0,25976.0,0,4,11309677
3583234,1607,1884,0,0,96.3,20993.6,7,0,0
1602905,5442,1262,2,4,50400.0,24221.2,1,0,0
978526,3337,1891,1,4,20564.0,62550.4,1,0,0
2524779,8330,674,0,3,21118.0,65164.6,1,0,0
3471166,4534,2006,0,0,198.6,43823.3,7,0,0
545941,1857,2020,2,4,6500.0,38326.9,1,0,0
166874,558,1636,2,4,2040.0,26340.2,1,0,0
126803,426,1746,2,1,7497.0,10822.1,5,1,9528249
825573,2813,1587,2,1,798.0,15348.6,5,8,75464439
1838542,6226,1063,2,4,30.0,63906.6,6,0,0
667423,2278,1934,2,4,4600.0,25548.1,1,0,0
3669738,5263,2037,0,0,187.5,56520.8,7,0,0
967286,3296,1525,2,1,5091.0,63879.5,5,2,53869980
3443384,1694,454,0,0,172.6,60060.7,7,0,0
41100,135,1844,2,4,700.0,48021.1,1,0,0
2326380,7674,1733,2,4,14.6,36646.3,6,0,0
3021183,10018,1623,0,3,30264.0,45986.1,1,0,0
1162737,3980,1832,0,3,4100.0,57349.2,1,0,0
453692,1541,1445,0,3,500.0,13425.1,1,0,0
3585890,1685,1611,0,0,135.5,47269.1,7,0,0
3570060,1197,2006,0,0,189.8,45560.5,7,0,0
3544762,428,545,0,0,81.7,15181.2,7,0,0
235505,804,1496,0,3,8005.0,39320.1,1,0,0
1027120,3507,1641,2,4,14.6,67451.3,6,0,0
3149504,10451,413,2,4,4320.0,24162.5,1,0,0
172374,577,1575,2,4,4680.0,23651.6,1,0,0
1292366,4416,2062,0,3,33382.0,95008.8,1,0,0
3369368,11186,1713,2,4,11400.0,62535.1,1,0,0
507312,1732,1491,2,4,14.6,39038.3,6,0,0
733148,2505,2048,2,1,1825.0,19569.7,0,6,87996345
547057,1862,1527,0,2,39610.0,70390.8,1,3,6030250
3582102,1575,910,0,0,79.4,18512.6,7,0,0
295285,1007,1825,2,4,14.6,38348.7,6,0,0
440606,1497,948,2,1,5463.0,21470.2,0,13,74438202
487616,1662,2043,2,4,16100.0,46431.9,1,0,0
384726,1307,1047,0,3,4946.0,22828.7,1,0,0
1167448,4000,1247,2,4,22000.0,28033.3,1,0,0
3534787,127,423,0,0,10.0,3974.0,7,0,0
478793,1631,2159,2,4,14.6,22424.9,6,0,0
362601,1233,1778,2,1,2260.0,15133.3,5,4,76341795
1253656,4287,1612,2,4,13440.0,16135.8,1,0,0
962316,3279,1007,2,1,11462.0,8908.6,5,7,28563004
724935,2482,428,0,3,11518.0,12018.0,1,0,0
20937,69,1483,2,4,1300.0,41678.4,1,0,0
3476344,8625,1550,0,0,196.7,56368.5,7,0,0
1182653,4052,2034,1,4,14546.0,19144.6,1,0,0
1052526,3600,1320,2,1,1537.0,44467.7,5,8,30949759
3660163,3930,1338,0,0,102.9,22307.1,7,0,0
3614324,2537,1884,0,0,44.4,24102.5,7,0,0
1817888,6157,2004,2,4,10500.0,54854.8,1,0,0
3035460,10063,1831,0,2,38902.0,60655.7,1,8,53588712
22533,73,1871,2,4,4100.0,50977.9,1,0,0
650700,2223,1712,0,2,4396.0,16597.5,2,2,18973642
1165912,3995,1124,2,4,1200.0,23725.5,1,0,0
992412,3386,1809,0,3,40297.0,111522.6,1,0,0
3209923,10652,1894,2,4,3300.0,55940.4,1,0,0
95764,327,647,0,3,15708.0,51206.1,1,0,0
992503,3386,1818,2,4,9000.0,102522.6,1,0,0
271324,929,1307,2,4,14.6,38403.0,6,0,0
821194,2797,1764,2,4,14.6,31709.3,6,0,0
657097,2245,1232,2,4,6000.0,41431.0,1,0,0
170085,570,1863,0,3,1400.0,34791.3,1,0,0
80168,268,1724,2,4,30000.0,47154.8,1,0,0
897211,3056,2072,2,4,2080.0,27320.1,1,0,0
1079589,3687,891,0,3,17916.0,48916.4,1,0,0
419905,1423,1370,2,4,1400.0,16028.0,1,0,0
671997,2294,1607,2,4,7600.0,21145.8,1,0,0
878079,2991,429,2,1,9220.0,51939.3,5,3,62427842
312820,1067,2175,2,4,27400.0,89799.1,1,0,0
419539,1422,1002,2,4,14.6,23819.0,6,0,0
582421,1981,1646,2,1,1087.0,21603.2,1,8,11741298
43623,146,1470,2,4,960.0,24308.9,1,0,0
1633719,5541,2171,2,1,680.0,54206.7,8,12,66726541
562615,1914,1558,2,1,1289.0,31704.1,5,4,33870774
1170394,4013,1422,2,4,4500.0,32554.7,1,0,0
1635655,5546,849,2,4,14.6,39903.6,6,0,0
463376,1576,1733,0,3,9300.0,26907.3,1,0,0
779585,2658,2180,2,4,630.0,21078.3,1,0,0
224790,765,1845,2,4,450.0,41087.7,1,0,0
410422,1397,410,2,4,2600.0,26516.6,1,0,0
1129797,3860,1278,2,4,900.0,18283.5,1,0,0
279681,957,1733,2,4,14.6,22015.7,6,0,0
1151252,3937,1550,2,4,14.6,13395.0,6,0,0
3626642,2907,941,0,0,85.6,20130.7,7,0,0
281725,965,1586,2,4,4000.0,13088.9,1,0,0
1814651,6148,1712,2,1,7847.0,64748.7,5,13,26888096
3458169,10670,1399,0,0,328.3,138251.3,7,0,0
642879,2195,1429,2,4,14.6,57797.2,6,0,0
3560954,924,1460,0,0,48.7,11750.9,7,0,0
3423005,11359,1313,2,1,4518.0,21164.6,5,8,33080721
823287,2804,1653,0,3,6263.0,42690.8,1,0,0
1006920,3438,2174,2,4,640.0,20466.5,1,0,0
650594,2222,1890,2,4,16400.0,41983.7,1,0,0
545581,1856,1587,2,1,725.0,24498.6,1,7,85599320
3516862,10018,1276,0,0,75.6,18535.6,7,0,0
499564,1701,791,0,3,600.0,15468.7,1,0,0
3412769,11328,2037,2,4,14.6,55315.2,6,0,0
221383,751,1033,2,4,14.6,24459.1,6,0,0
319563,1091,1091,2,4,800.0,30625.1,1,0,0
147986,494,1018,2,4,32400.0,74321.7,1,0,0
1017564,3477,1138,2,1,2132.0,10788.6,5,13,4360360
362921,1234,1826,2,4,800.0,21410.5,1,0,0
1387299,4727,1564,1,4,14603.0,38709.8,1,0,0
2438026,8038,1747,0,3,22016.0,71120.9,1,0,0
3590360,1820,576,0,0,145.3,38865.4,7,0,0
633964,2165,2129,2,4,14.6,33343.4,6,0,0
238863,816,1627,2,4,1500.0,58080.1,1,0,0
116363,392,2070,2,5,1100.0,48282.9,1,0,0
828459,2821,1488,2,4,4400.0,14785.7,1,0,0
2616293,8645,1920,2,1,8919.0,12076.8,5,6,37808364
954527,3254,1125,2,4,14.6,16008.4,6,0,0
819590,2790,1408,2,1,8862.0,52851.4,5,12,30340635
199641,678,1746,2,1,1192.0,19749.5,5,13,20567107
3577110,1419,1856,0,0,61.9,14870.8,7,0,0
51665,173,2170,2,1,6256.0,81625.9,5,6,95605074
3554263,721,1794,0,0,82.0,20585.1,7,0,0
3565674,1069,819,0,0,64.4,16146.0,7,0,0
188875,640,586,0,2,4337.0,26722.8,2,3,41213739
709933,2428,2037,2,4,14.6,33841.0,6,0,0
3545340,446,515,0,0,125.5,29856.6,7,0,0
2938659,9731,1509,2,4,12100.0,20880.3,1,0,0
1534985,5228,397,2,4,5600.0,24365.5,1,0,0
3528041,11138,2037,0,0,370.5,100910.7,7,0,0
116558,393,1079,2,4,2500.0,66249.6,1,0,0
1014837,3469,1563,0,2,5822.0,36858.3,2,10,99198603
51146,172,1557,0,3,22389.0,54345.9,1,0,0
3494890,7990,2037,0,0,284.5,79534.4,7,0,0
19719,66,1506,2,4,28100.0,60536.3,1,0,0
1126566,3848,2001,2,4,3000.0,50840.9,1,0,0
1033206,3533,947,0,2,3191.0,31097.9,1,4,91073572
805074,2742,1312,2,4,4200.0,41584.8,1,0,0
2044720,6930,1075,2,1,1081.0,68612.8,8,12,22201913
605430,2061,919,2,1,675.0,21687.4,0,8,78724276
483055,1644,984,2,1,17.0,42512.0,3,4,66140669
565349,1925,1008,0,2,5839.0,32350.7,2,3,3287131
277901,950,1707,2,4,4100.0,93967.0,1,0,0
3534950,132,2068,0,0,166.3,38953.5,7,0,0
764885,2613,1743,0,2,4985.0,26173.1,2,1,88827883
3439253,741,2129,0,0,239.7,57749.6,7,0,0
1085776,3709,1669,2,4,2400.0,44378.9,1,0,0
471548,1604,2059,2,4,6700.0,30857.0,1,0,0
857888,2924,1103,2,4,11000.0,40286.0,1,0,0
3624432,2842,910,0,0,89.9,22142.5,7,0,0
1003386,3424,2064,1,4,16694.0,65771.2,1,0,0
851982,2903,1212,2,4,1440.0,49728.9,1,0,0
1024799,3498,1681,2,4,300.0,23185.7,1,0,0
161897,541,1003,2,4,8600.0,32543.0,1,0,0
380150,1292,1469,2,1,1653.0,40163.0,5,7,61391454
3604070,2239,1429,0,0,111.9,23972.2,7,0,0
3488513,7449,1764,0,0,162.0,53015.5,7,0,0
367897,1250,1338,2,4,14.6,36277.5,6,0,0
126326,425,731,2,4,1200.0,30474.1,1,0,0
339834,1153,1898,0,3,12012.0,39277.0,1,0,0
3534634,123,668,0,0,76.6,17827.7,7,0,0
890263,3035,1002,2,4,30.0,78182.3,6,0,0
97663,334,1953,2,1,2374.0,70246.7,5,5,5579948
181088,615,1623,2,1,309.0,20838.9,5,11,30659657
749043,2554,2139,2,1,7607.0,63255.3,5,2,41483783
951736,3244,1901,2,4,840.0,15393.6,1,0,0
837261,2849,495,0,2,6677.0,33937.6,2,1,15285545
270908,928,1703,2,4,14.6,65438.5,6,0,0
201122,683,1927,2,1,8578.0,30873.9,5,9,19231844
1078352,3683,1847,2,4,2160.0,50457.5,1,0,0
1255422,4293,1479,0,3,17508.0,31173.1,1,0,0
2120273,7181,1345,2,1,5030.0,64282.3,5,11,66605192
986350,3364,1526,2,1,699.0,25828.0,0,7,21862072
808498,2755,1405,0,2,5651.0,32400.4,2,2,43067145
597652,2034,1833,2,5,1800.0,86871.6,1,0,0
725402,2482,658,2,4,3100.0,32316.6,1,0,0
3621921,2762,1246,0,0,277.4,73327.6,7,0,0
40131,130,2163,2,4,800.0,26709.5,1,0,0
445894,1515,1320,2,1,1538.0,80572.1,5,5,74637114
1243321,4253,1256,2,4,13500.0,74576.2,1,0,0
773988,2641,1861,2,4,5900.0,66743.9,1,0,0
1292090,4415,1228,2,1,397.0,48986.2,0,8,67352598
451161,1534,1924,2,1,2155.0,35861.9,0,10,36498439
935642,3194,1683,0,3,13492.0,40548.9,1,0,0
457462,1554,1550,2,4,14.6,47506.7,6,0,0
345105,1169,1752,0,3,36049.0,62405.1,1,0,0
204791,695,1836,2,4,15900.0,24396.4,1,0,0
26181,86,1925,2,1,1002.0,24249.0,1,12,36292475
237189,810,2085,2,4,720.0,22614.3,1,0,0
832200,2834,2043,2,1,1907.0,43261.6,0,4,82648515
504367,1721,713,2,4,2600.0,20400.0,1,0,0
650866,2224,1527,0,3,400.0,400.0,1,0,0
13365,44,2129,2,4,800.0,20806.7,1,0,0
779404,2657,1852,2,4,1360.0,23888.4,1,0,0
352566,1197,1629,0,3,4600.0,39451.6,1,0,0
1020187,3483,819,2,4,14.6,17647.7,6,0,0
85953,288,1833,2,1,3257.0,31028.4,5,12,29425543
1246563,4264,1488,2,5,2000.0,38335.3,1,0,0
251965,863,2079,2,1,6087.0,66333.4,5,2,35133409
316854,1080,1246,2,4,14.6,48269.0,6,0,0
345771,1170,2140,2,4,4100.0,50246.7,1,0,0
1003926,3425,1260,0,3,2600.0,31583.5,1,0,0
733228,2505,2098,2,4,14.6,26024.6,6,0,0
923481,3147,1068,2,1,28.0,33117.3,0,7,78769749
3617363,2625,1641,0,0,200.1,38624.2,7,0,0
650589,2222,1770,2,4,2200.0,28114.0,1,0,0
108309,366,1451,2,4,15600.0,39766.0,1,0,0
3622923,2795,1580,0,0,132.4,34009.8,7,0,0
3534969,133,2190,0,0,219.3,46582.3,7,0,0
131084,440,1631,2,4,6300.0,24008.5,1,0,0
103249,352,1399,2,4,14.6,26733.4,6,0,0
2453995,8092,1010,0,3,9324.0,23108.7,1,0,0
3468325,4078,637,0,0,184.9,45119.2,7,0,0
393782,1338,1531,2,1,157.0,68644.0,3,5,85222345
831402,2830,1629,2,4,2000.0,28359.3,1,0,0
999705,3413,1315,2,1,247.0,47451.5,3,12,78589880
1203801,4119,751,2,4,900.0,24513.8,1,0,0
3232280,10728,2018,2,1,3221.5,62263.4,8,9,3507805
309266,1053,2099,2,4,2600.0,27287.0,1,0,0
3647583,3558,1338,0,0,311.8,84873.1,7,0,0
401244,1366,1237,2,4,3000.0,19385.2,1,0,0
586567,1997,1805,2,1,581.0,33874.9,5,1,81057321
3456885,9635,1154,0,0,10.1,7501.9,7,0,0
785667,2676,1101,2,4,10300.0,24985.1,1,0,0
2414987,7965,2040,2,4,5800.0,41651.3,1,0,0
421878,1431,1703,2,4,14.6,13645.0,6,0,0
672425,2297,1868,0,3,4441.0,17447.0,1,0,0
539461,1834,1246,2,4,14.6,43997.9,6,0,0
3464206,2924,1429,0,0,196.4,47223.4,7,0,0
118484,397,788,2,4,14.6,45130.6,6,0,0
1084985,3706,1981,2,1,4298.0,29813.1,5,3,51997315
1066537,3644,1764,2,4,14.6,18311.3,6,0,0
1077234,3679,1127,2,4,3000.0,35446.5,1,0,0
3613909,2525,1429,0,0,121.9,26987.5,7,0,0
361703,1229,1807,0,3,23185.5,23685.5,1,0,0
3644770,3469,1429,0,0,134.6,34009.5,7,0,0
3535897,163,2037,0,0,118.7,29310.0,7,0,0
88657,299,1174,0,3,16353.0,120664.8,1,0,0
467514,1591,1712,2,1,26.0,68541.7,0,1,57081830
3561245,930,729,0,0,124.5,28814.8,7,0,0
3560078,899,242,0,0,102.3,29066.5,7,0,0
1161745,3978,1655,0,3,22218.0,55578.0,1,0,0
766725,2618,365,2,4,1200.0,26718.2,1,0,0
769912,2627,1611,2,4,14.6,21570.9,6,0,0
242448,830,1446,2,5,1000.0,82639.4,1,0,0
912843,3112,1618,2,1,1468.0,95965.4,5,8,66618603
88689,299,1570,0,3,12575.0,115331.2,1,0,0
683457,2333,1048,0,3,1300.0,32940.1,1,0,0
359604,1222,613,2,1,1727.0,23098.0,5,12,91109859
3577218,1422,1884,0,0,107.9,27630.2,7,0,0
3609871,2419,637,0,0,303.0,57142.4,7,0,0
3446425,1272,1338,0,0,146.9,42757.8,7,0,0
3460122,307,2129,0,0,246.6,60163.5,7,0,0
612697,2087,1703,2,4,30.0,3475.9,6,0,0
452210,1536,1338,2,4,30.0,53791.5,6,0,0
942796,3216,1465,1,4,3750.0,47722.9,1,0,0
3558736,863,1733,0,0,251.1,46922.8,7,0,0
758129,2585,941,2,4,14.6,23869.6,6,0,0
3452994,5984,941,0,0,162.4,40443.9,7,0,0
521316,1779,1611,2,4,14.6,73966.5,6,0,0
92980,317,734,2,1,3068.0,18804.9,5,9,93325268
804115,2740,1287,0,3,22126.0,40367.6,1,0,0
2735941,9051,1672,2,4,30.0,35431.8,6,0,0
140713,471,1166,0,3,9975.0,24876.2,1,0,0
15064,50,1224,2,1,7024.0,22247.0,0,11,17270559
756071,2580,1167,2,4,5280.0,39481.3,1,0,0
3547862,519,1368,0,0,112.0,25196.1,7,0,0
742293,2534,1399,2,4,4200.0,30411.6,1,0,0
3616784,2610,1915,0,0,85.4,21278.4,7,0,0
1877978,6358,1198,2,1,13076.0,53761.8,5,3,69701927
352726,1198,1856,2,4,14.6,37790.0,6,0,0
320787,1097,1625,0,3,28545.0,57848.0,1,0,0
820636,2794,1765,2,4,14100.0,18662.0,1,0,0
1974256,6688,1853,2,4,1000.0,39248.3,1,0,0
157441,526,2162,2,4,13100.0,17365.7,1,0,0
1078031,3682,457,0,3,1300.0,20262.1,1,0,0
1103607,3770,1682,2,4,6000.0,66608.5,1,0,0
1132041,3869,620,0,3,700.0,700.0,1,0,0
737916,2521,1557,0,3,24042.0,67299.8,1,0,0
3440729,1103,1794,0,0,116.2,25190.4,7,0,0
1293209,4418,2104,2,1,1435.0,14073.3,0,10,76446610
1062140,3629,2105,2,1,1894.0,16300.2,5,2,72661483
198635,674,1807,2,1,2058.0,29172.3,5,3,63081496
3382423,11231,1796,2,4,6000.0,37496.2,1,0,0
3431217,11382,1338,2,4,14.6,36145.1,6,0,0
318228,1086,1827,2,4,510.0,20322.2,1,0,0
874321,2978,1591,2,1,3212.0,18496.5,5,7,20491338
3439697,942,576,0,0,125.3,31467.2,7,0,0
1911020,6473,747,2,4,6600.0,5286.5,1,0,0
1144230,3914,1348,2,1,6118.0,60383.3,5,1,39802485
2309022,7618,1850,2,4,1500.0,14909.6,1,0,0
1104536,3774,1649,0,3,12940.0,35074.5,1,0,0
984841,3359,1408,0,2,3709.0,25476.6,1,7,57582366
2791671,9242,1832,2,4,3000.0,35027.3,1,0,0
348846,1183,1427,2,4,2000.0,30387.6,1,0,0
3611430,2464,941,0,0,68.7,37579.3,7,0,0
2762592,9140,1990,2,4,700.0,28720.1,1,0,0
1296191,4427,854,0,3,9924.0,24699.0,1,0,0
545067,1853,2177,0,3,600.0,30388.3,1,0,0
590740,2010,1154,2,4,14.6,16231.3,6,0,0
1200982,4109,1267,2,4,20600.0,20013.9,1,0,0
1168193,4003,1827,2,4,8100.0,91099.4,1,0,0
3603729,2227,2037,0,0,364.6,99140.9,7,0,0
381216,1295,1223,2,1,3282.0,13591.1,5,11,74620097
801251,2732,747,2,4,23200.0,41338.8,1,0,0
3443248,1649,2098,0,0,63.7,25915.3,7,0,0
1187082,4066,647,0,2,32245.0,88288.9,1,2,81652229
32177,103,1884,2,4,6600.0,51465.4,1,0,0
911338,3107,650,2,4,1520.0,31552.7,1,0,0
308768,1052,1794,2,4,14.6,16589.4,6,0,0
1191126,4079,645,0,3,23518.0,111209.5,1,0,0
775164,2645,2168,2,1,389.0,25886.9,5,5,14088654
1365599,4659,2034,2,4,14700.0,81569.3,1,0,0
3625776,2881,910,0,0,135.7,33969.8,7,0,0
9090,32,2094,2,4,4600.0,55102.0,1,0,0
417682,1416,1002,2,4,27600.0,52612.3,1,0,0
9440,33,1125,2,4,14.6,64220.4,6,0,0
48057,161,1405,2,1,1389.0,17061.1,5,4,17877823
3498966,8321,1154,0,0,64.9,33318.2,7,0,0
567924,1933,1853,2,4,720.0,14656.1,1,0,0
627776,2144,2161,2,4,19100.0,20936.7,1,0,0
1042679,3566,747,2,4,1100.0,19725.2,1,0,0
3354604,11141,2168,2,4,26900.0,95217.2,1,0,0
3443335,1692,849,0,0,14.0,33691.0,7,0,0
3644888,3474,1580,0,0,85.8,21183.7,7,0,0
682112,2328,1289,0,2,6765.0,35426.4,2,9,59922486
1023967,3495,1817,2,4,39000.0,102150.9,1,0,0
887311,3026,1958,2,1,8024.0,65560.4,5,8,60199838
167062,559,248,2,1,2175.0,24387.4,5,2,77164244
304259,1037,1833,2,1,1157.0,63527.7,3,3,22177893
1134113,3876,1605,0,3,26164.0,64145.6,1,0,0
502027,1711,1439,2,1,2158.0,23213.1,3,2,58891451
3573897,1316,1733,0,0,66.0,16001.4,7,0,0
1935890,6555,1833,2,4,4000.0,78759.2,1,0,0
585119,1991,1852,2,4,2000.0,17475.1,1,0,0
32769,106,743,0,3,17765.0,40728.4,1,0,0
924577,3151,2082,0,3,11645.0,99761.3,1,0,0
1793891,6083,1957,2,1,7518.0,24396.8,8,7,44330716
373903,1273,704,2,1,3863.0,68822.7,5,5,25406718
124584,419,451,2,4,4400.0,22090.8,1,0,0
3576320,1401,1276,0,0,162.0,35394.8,7,0,0
2729778,9030,2171,2,1,3242.0,61246.1,8,11,13342953
3557462,828,1884,0,0,94.5,26562.6,7,0,0
348747,1183,1957,2,1,1046.0,29921.9,0,9,47705107
243901,837,741,2,1,9250.0,30403.1,5,1,57949954
3457719,10227,1915,0,0,182.4,68076.5,7,0,0
1002725,3422,1519,2,4,14.6,30682.6,6,0,0
1327836,4533,1892,2,4,2400.0,51895.2,1,0,0
384578,1306,1125,2,4,14.6,23552.2,6,0,0
1571791,5343,1094,2,4,14.6,24706.3,6,0,0
1279684,4377,1002,2,4,14.6,36227.7,6,0,0
1613966,5481,227,0,3,1000.0,1000.0,1,0,0
509141,1742,1841,2,4,3240.0,54485.7,1,0,0
3618357,2654,1491,0,0,79.0,16242.9,7,0,0
719715,2464,1580,2,4,100.0,27094.2,6,0,0
594144,2023,1747,2,1,1687.0,72056.9,5,2,12073362
2766851,9153,1772,2,4,4440.0,39442.2,1,0,0
740732,2528,1976,2,4,14.6,22246.1,6,0,0
2383005,7857,484,2,4,14.6,24127.7,6,0,0
810620,2762,910,2,4,14.6,8769.3,6,0,0
1080991,3691,1118,2,4,1750.0,22060.0,1,0,0
10648,36,1068,0,3,29778.0,66430.4,1,0,0
518844,1772,1315,0,2,48199.0,72152.0,1,1,73132377
876834,2987,527,2,1,5569.0,74262.4,5,9,71831965
886197,3020,1982,2,4,20300.0,43567.9,1,0,0
438752,1491,2173,0,3,20154.0,54403.0,1,0,0
23008,75,1399,2,4,14.6,30389.2,6,0,0
3149505,10451,651,2,4,3000.0,17113.2,1,0,0
166403,556,2011,0,3,18602.0,45323.5,1,0,0
1030570,3521,1126,0,3,6052.0,59560.7,1,0,0
1086151,3711,1776,2,1,7683.2,5080.4,8,2,24353820
202122,686,300,2,4,720.0,32536.5,1,0,0
3248965,10788,1611,2,4,6100.0,55760.6,5,0,0
2074999,7033,1622,0,3,6152.0,29855.8,1,0,0
113075,381,759,2,4,6080.0,20976.1,1,0,0
240708,821,1513,2,4,420.0,18239.2,1,0,0
313887,1071,470,2,4,5400.0,18044.3,1,0,0
23461,77,1703,2,4,14.6,20803.3,6,0,0
467907,1592,1982,2,1,1613.0,70296.8,0,4,84782951
135329,454,1500,2,1,5687.0,27175.2,5,4,80305754
3409822,11317,1712,2,4,29000.0,53737.4,1,0,0
3662911,4116,1884,0,0,266.9,101693.4,7,0,0
681098,2325,1989,2,1,1334.0,50705.2,5,4,26319808
21497,71,707,2,1,1011.0,71876.0,3,8,9098768
3639111,3279,1945,0,0,192.0,38112.4,7,0,0
3590790,1828,1460,0,0,156.0,30033.8,7,0,0
206456,701,1748,0,3,300.0,45965.6,1,0,0
1614107,5481,2083,2,4,4600.0,84198.1,1,0,0
1033398,3533,2006,2,4,14.6,21981.6,6,0,0
119489,401,1617,0,3,19225.5,36847.6,1,0,0
829339,2824,1408,2,1,7289.0,62604.3,5,3,94259202
3668622,5066,1764,0,0,197.0,41755.8,7,0,0
888854,3032,520,0,2,6605.0,31343.8,2,5,52088803
2910824,9640,1125,2,4,14.6,28741.4,6,0,0
1207465,4131,710,2,1,974.0,71928.6,5,8,66005611
621518,2121,892,2,1,3382.0,73934.3,0,2,4398906
1151478,3938,615,2,4,2900.0,55838.4,1,0,0
933293,3183,1185,2,4,14.6,25822.5,6,0,0
1090408,3727,1920,2,1,1030.0,69957.3,3,9,60296291
711382,2432,1375,2,4,3600.0,25408.6,1,0,0
2625979,8680,1503,2,1,2381.2,19681.7,8,11,42112159
1342137,4585,1915,2,4,14.6,31963.4,6,0,0
106902,363,1859,0,3,44074.0,81494.9,1,0,0
709277,2427,1285,2,1,868.0,19709.7,0,13,61671554
3554127,719,729,0,0,108.7,26157.3,7,0,0
132280,443,395,2,4,14.6,20077.6,6,0,0
185713,629,2013,2,1,1500.0,14738.1,0,12,2222919
2956416,9790,1070,2,1,2488.0,90020.0,3,9,93822401
237702,813,1591,0,2,12154.0,51851.7,1,9,19537103
883897,3011,588,2,1,138.0,18268.9,0,12,47335153
799884,2727,2107,2,4,8700.0,23302.1,1,0,0
413816,1406,1533,2,4,2720.0,20899.5,1,0,0
3558416,857,1641,0,0,85.9,17851.6,7,0,0
153130,512,1667,2,4,800.0,37762.5,1,0,0
1935623,6555,1850,2,4,4700.0,73965.2,1,0,0
113989,385,1229,2,1,2160.0,24502.3,5,12,28537345
1165630,3994,2037,2,4,14.6,13458.8,6,0,0
934021,3186,1840,2,4,1500.0,41291.8,1,0,0
3502674,8645,2159,0,0,105.8,28747.4,7,0,0
3637391,3234,2129,0,0,61.7,14372.7,7,0,0
945643,3224,1529,0,2,6483.0,32921.1,2,7,38970452
492467,1679,2098,2,4,14.6,41656.0,6,0,0
1562808,5313,1837,2,1,5011.2,58393.8,8,9,80564933
3519462,10227,1002,0,0,275.3,85608.6,7,0,0
817295,2783,2166,2,5,2700.0,54104.8,1,0,0
493822,1684,1853,2,4,6300.0,85797.0,1,0,0
3553469,697,1125,0,0,272.6,64120.5,7,0,0
139070,465,1246,2,4,14.6,21853.7,6,0,0
661407,2257,1111,2,4,150.0,14617.7,1,0,0
3539699,277,788,0,0,108.8,24304.9,7,0,0
182402,619,1371,2,4,12400.0,44666.7,1,0,0
3492243,7765,1491,0,0,60.2,20028.6,7,0,0
2248741,7424,1770,2,1,1110.0,89321.0,0,1,79838293
3576527,1405,1460,0,0,109.0,26354.9,7,0,0
244396,838,745,0,3,3100.0,28700.0,1,0,0
464692,1581,2049,2,1,5758.0,58454.3,5,1,55002999
14877,49,1884,2,4,14.6,14212.4,6,0,0
1989002,6738,1893,2,4,18900.0,26129.3,1,0,0
989783,3374,2145,0,3,43323.0,126788.9,1,0,0
436976,1485,498,2,1,336.0,57097.8,5,7,47115165
719571,2464,1743,2,1,4681.0,48147.3,0,6,74763947
1436936,4894,1086,2,4,8100.0,70717.5,1,0,0
201632,685,2074,2,4,13800.0,44797.8,1,0,0
2538322,8377,1224,2,1,1172.0,19118.1,5,9,50940710
991598,3381,1893,0,3,19074.0,45071.4,1,0,0
3548810,547,1945,0,0,55.2,13645.6,7,0,0
3667692,4907,1611,0,0,109.4,14600.1,7,0,0
753014,2569,978,2,1,463.0,25734.7,5,8,55144518
2780211,9201,1636,0,3,1600.0,21428.9,1,0,0
1008880,3446,1812,0,3,35344.0,54946.9,1,0,0
1129732,3860,819,2,4,14.6,33146.1,6,0,0
3447641,2089,1884,0,0,48.2,2748.7,7,0,0
193273,655,2011,2,1,341.0,70856.1,0,5,19362265
1117489,3818,769,2,1,4065.0,39117.7,3,2,34760767
995510,3397,1653,2,1,9400.0,43092.3,5,11,22606748
3663577,4268,2129,0,0,234.4,57965.7,7,0,0
585630,1993,1747,2,4,17000.0,37052.7,1,0,0
173503,582,1338,2,4,14.6,14016.3,6,0,0
748789,2553,1307,2,4,14.6,24260.0,6,0,0
354741,1203,2170,0,3,30934.0,110911.6,1,0,0
218410,742,1185,2,4,14.6,14890.6,6,0,0
82349,275,1884,2,4,1470.0,13924.2,1,0,0
144705,485,97,2,1,7421.0,35884.0,5,3,89687889
855647,2915,1764,2,4,14.6,59539.5,6,0,0
23045,75,1314,2,4,7800.0,25398.5,1,0,0
3630594,3029,2006,0,0,72.7,17143.3,7,0,0
3609661,2410,1519,0,0,195.9,48000.4,7,0,0
395750,1345,1459,2,5,3000.0,84095.1,1,0,0
1781799,6040,201,2,4,19400.0,44592.6,1,0,0
1087258,3714,1889,2,1,77.0,65250.6,3,3,64223658
1159066,3969,1440,2,1,4299.0,27973.4,5,9,24362379
411509,1401,2104,2,4,3840.0,32465.2,1,0,0
871284,2968,1260,2,1,2284.0,81628.3,0,13,56916338
166986,559,133,0,2,5672.0,17355.3,2,8,74414402
3620843,2734,1764,0,0,84.0,21712.1,7,0,0
610409,2078,734,2,4,2880.0,31132.0,1,0,0
599024,2038,972,2,4,14.6,26787.4,6,0,0
589097,2005,2105,0,2,3412.0,29141.2,1,1,66585641
169850,569,1829,2,4,930.0,33881.0,1,0,0
652064,2228,2049,2,1,3873.7,25493.3,8,2,46155524
563704,1918,1154,2,4,14.6,14497.5,6,0,0
1280286,4379,1382,0,3,5679.0,31982.7,1,0,0
308992,1053,1222,2,1,1043.0,16932.1,5,13,8172607
3441063,1157,364,0,0,114.7,26960.5,7,0,0
1341051,4580,1323,0,3,12000.0,24644.3,1,0,0
230889,786,1809,2,4,4640.0,78389.5,1,0,0
231983,789,1672,2,4,14.6,20746.9,6,0,0
1041291,3560,1921,0,2,5026.0,17667.8,2,1,16620582
894763,3050,1407,2,1,119.0,71595.3,0,1,62503671
1060095,3623,1460,2,4,14.6,28116.1,6,0,0
192375,652,304,2,4,4000.0,28867.3,1,0,0
965526,3289,607,2,4,9800.0,31787.3,1,0,0
71129,237,1474,2,4,720.0,14413.0,1,0,0
448765,1526,1580,2,4,14.6,42609.2,6,0,0
972806,3314,1712,2,4,8000.0,27818.5,1,0,0
392749,1335,1374,2,1,1044.0,31625.5,0,7,66854125
994678,3392,2037,2,4,14.6,25105.2,6,0,0
374258,1274,2079,1,4,11590.0,59331.2,1,0,0
266160,909,2006,2,4,14.6,16067.8,6,0,0
698498,2389,1890,0,3,21496.0,54768.4,1,0,0
476136,1623,1374,0,3,24692.0,66598.6,1,0,0
3496062,8073,2129,0,0,145.3,31601.2,7,0,0
3571003,1228,910,0,0,22.9,15747.5,7,0,0
3583942,1629,1733,0,0,75.7,15208.0,7,0,0
1784531,6051,1350,2,1,7685.0,22711.9,8,1,22275466
852472,2905,1850,2,4,3000.0,41131.7,1,0,0
3145694,10440,1981,0,3,11049.0,61899.6,1,0,0
3623711,2821,2129,0,0,63.7,13482.5,7,0,0
1310033,4473,1377,2,4,1200.0,59230.0,1,0,0
3227847,10711,1550,2,4,14.6,78278.4,6,0,0
3638313,3258,760,0,0,84.8,24747.7,7,0,0
289279,991,760,2,4,14.6,32779.4,6,0,0
135389,454,1016,2,4,4080.0,33657.5,1,0,0
832634,2835,2068,2,4,14.6,20890.4,6,0,0
1111368,3795,1405,2,1,6679.0,30525.0,0,2,41867381
3624968,2859,1794,0,0,252.0,98190.6,7,0,0
595287,2026,1799,2,4,4700.0,37650.2,1,0,0
251481,862,1672,2,4,8700.0,49241.2,1,0,0
1453572,4948,1439,2,1,4710.0,69083.1,5,12,39958155
1293045,4418,767,2,1,186.0,26104.5,0,10,36693310
142035,475,1818,2,4,400.0,19052.2,1,0,0
3523501,10694,1976,0,0,82.9,30096.7,7,0,0
3547563,512,1641,0,0,175.3,36439.1,7,0,0
1136057,3882,467,2,1,100.0,27730.6,0,5,12070072
769920,2627,1856,2,4,14.6,29463.3,6,0,0
3447907,2299,1519,0,0,19.8,14775.8,7,0,0
3531671,36,2098,0,0,270.8,66364.9,7,0,0
3544306,415,576,0,0,141.1,31121.5,7,0,0
968757,3302,2166,2,1,1376.0,59416.2,5,13,76450466
146834,492,1380,0,3,5553.0,35624.7,1,0,0
1091652,3732,2116,2,4,480.0,28705.6,1,0,0
177740,601,554,0,2,3345.0,18132.0,1,12,1233965
919153,3133,2019,2,1,3191.0,28309.4,5,5,62989395
978190,3336,1374,0,2,5692.0,19083.4,2,4,51558619
3611716,2471,1215,0,0,336.2,69783.7,7,0,0
3610163,2425,1672,0,0,107.5,27296.5,7,0,0
302707,1031,981,0,3,17205.0,48458.6,1,0,0
178291,602,1884,2,4,14.6,12127.7,6,0,0
466045,1586,1982,2,1,5504.0,41208.5,5,3,95375972
1164312,3987,1981,0,3,15607.5,49203.8,1,0,0
185091,627,965,2,4,9400.0,47863.3,1,0,0
1076881,3678,442,0,3,5500.0,20572.9,1,0,0
678216,2318,1834,0,3,22962.0,51026.2,1,0,0
130152,437,588,0,3,21652.0,63992.8,1,0,0
3552581,666,1825,0,0,243.8,62678.4,7,0,0
445839,1515,1832,0,2,27343.0,75267.6,1,10,61475825
819672,2790,1543,2,4,3600.0,59710.3,1,0,0
3576997,1417,849,0,0,177.7,43244.4,7,0,0
1032783,3531,2016,0,2,6962.0,28008.8,2,13,97257405
3574290,1331,1246,0,0,106.8,24592.9,7,0,0
3585331,1672,1399,0,0,240.3,58191.6,7,0,0
16152,54,2119,2,4,630.0,26006.0,1,0,0
578306,1969,1870,0,3,10602.0,25287.7,1,0,0
107883,365,607,2,4,14.6,14959.6,6,0,0
760019,2592,1773,2,4,6100.0,72007.0,1,0,0
184955,627,565,2,4,800.0,44377.0,1,0,0
294118,1005,437,2,1,7896.0,69811.3,5,7,13424891
3562538,972,1491,0,0,8.3,12340.3,7,0,0
3098455,10280,2173,0,2,52221.0,96885.4,1,12,73216843
1088192,3718,643,0,2,3161.0,26545.7,1,7,20851540
3536565,187,788,0,0,57.1,13946.5,7,0,0
3622369,2774,1154,0,0,19.0,5761.0,7,0,0
196255,665,2098,2,4,14.6,91463.3,6,0,0
12153,40,1837,2,1,4301.0,18050.2,0,7,96111678
1005398,3431,2169,2,4,16800.0,42428.1,1,0,0
1401405,4774,709,2,4,5400.0,24185.9,5,0,0
869161,2960,1321,0,3,13326.0,46888.6,1,0,0
956865,3260,1802,1,4,11432.0,58091.8,1,0,0
309083,1053,2164,2,1,2439.0,27964.4,0,13,46275836
700194,2396,1830,0,2,4203.0,28151.8,2,8,27204734
22048,72,2188,1,4,18152.0,22117.2,1,0,0
175039,588,1272,2,4,3800.0,21190.5,1,0,0
378925,1288,1338,2,4,14.6,15958.1,6,0,0
513532,1757,968,2,4,10800.0,56745.1,1,0,0
2502344,8261,286,0,2,21959.0,60671.4,1,5,978094
3671759,5593,2068,0,0,301.0,68096.5,7,0,0
3456205,9051,1519,0,0,83.3,29554.3,7,0,0
791865,2700,2165,0,2,45612.0,82650.7,1,12,59107029
3647006,3542,1307,0,0,81.9,19417.2,7,0,0
527567,1801,1197,2,1,4610.0,25976.1,8,8,33671474
3631353,3050,1368,0,0,201.5,44152.6,7,0,0
1013386,3465,490,2,1,4543.0,32970.2,5,3,47699880
377527,1285,1215,2,4,14.6,29538.6,6,0,0
1326522,4526,1460,2,4,14.6,29017.5,6,0,0
3460445,1884,1672,0,0,67.8,20286.5,7,0,0
3663328,4245,607,0,0,148.8,39816.0,7,0,0
827890,2819,923,2,1,748.0,24035.6,0,8,41235882
5298,22,2108,2,1,6352.0,12897.3,5,10,34691494
421890,1431,2068,2,4,14.6,14460.9,6,0,0
3145242,10439,1683,2,4,5300.0,80313.2,1,0,0
3660762,3948,880,0,0,177.4,44472.4,7,0,0
957205,3261,462,0,3,8766.0,34562.7,1,0,0
82832,277,1460,2,4,100.0,27089.5,6,0,0
118327,397,1352,0,2,30905.0,80781.1,1,10,63246583
33450,107,451,2,4,2880.0,34345.5,1,0,0
160804,539,607,2,4,100.0,35182.4,6,0,0
746798,2547,1717,2,4,18800.0,68007.1,1,0,0
765487,2615,1378,0,3,10402.0,28821.8,1,0,0
426974,1450,1915,2,4,14.6,41049.4,6,0,0
888870,3032,1007,0,2,6605.0,24461.0,2,5,52088803
1124040,3838,2106,2,4,9200.0,33218.8,1,0,0
993498,3389,1283,2,4,42000.0,83094.5,1,0,0
2841491,9403,1825,2,4,30.0,90912.3,6,0,0
845930,2880,1906,2,4,5800.0,40515.1,1,0,0
642076,2192,1533,0,3,21568.0,30590.4,1,0,0
585991,1994,1120,2,4,8700.0,35966.8,1,0,0
3643094,3412,1945,0,0,68.8,18102.6,7,0,0
947365,3229,1868,2,1,3252.2,19671.8,8,9,63988697
233380,793,1703,2,4,14.6,25996.0,6,0,0
539718,1835,1440,2,1,5938.0,62603.7,5,4,45864230
362774,1234,1532,0,2,6390.0,24393.8,2,6,57374542
400914,1366,550,0,3,7626.0,32205.7,1,0,0
1304904,4456,1574,2,4,5600.0,80861.5,1,0,0
641198,2189,1870,2,1,704.0,63584.8,0,12,36365342
378149,1286,1496,2,4,7800.0,61190.3,1,0,0
716828,2455,1884,2,4,14.6,29290.4,6,0,0
1122251,3834,2166,2,1,3189.0,15713.2,3,7,51878350
2477600,8173,1955,2,4,18100.0,52726.4,1,0,0
468395,1594,1945,2,4,14.6,53113.1,6,0,0
827919,2819,1807,2,1,748.0,81658.6,0,8,41235882
3654769,3763,1945,0,0,111.8,26682.8,7,0,0
271572,930,743,2,1,9356.0,25799.2,5,5,14144766
647089,2212,2172,2,1,3206.0,29672.9,5,9,39952963
151650,506,2058,2,5,1200.0,55963.6,1,0,0
2912631,9645,1316,2,1,5183.0,40736.2,5,6,32246267
3530933,20,1550,0,0,56.6,12957.3,7,0,0
1198597,4103,1119,2,4,1800.0,69859.5,1,0,0
833929,2839,1167,2,1,3157.0,44798.2,5,2,85834467
900479,3068,1672,2,4,14.6,18989.7,6,0,0
134699,451,2169,2,4,3600.0,16783.4,1,0,0
1153490,3945,1100,0,3,5000.0,18100.0,1,0,0
159403,534,2082,2,4,4560.0,44526.8,1,0,0
3094863,10266,506,2,4,6900.0,40297.8,1,0,0
128517,431,1799,2,1,715.0,41481.2,0,6,66201281
3616302,2592,1976,0,0,352.3,85686.9,7,0,0
516497,1766,1893,2,1,43.0,18622.1,0,3,6482232
282332,968,1284,0,3,400.0,23012.6,1,0,0
405606,1380,1744,2,4,11800.0,48948.4,1,0,0
204281,693,1966,2,4,2520.0,21802.2,1,0,0
1302467,4448,1782,1,4,6368.0,84611.6,1,0,0
172917,580,1252,0,3,11895.0,12395.0,1,0,0
3170353,10520,1580,2,4,100.0,108555.0,6,0,0
112059,378,1983,2,1,4.0,87090.0,0,6,23140502
1170827,4014,999,2,4,35800.0,87065.3,1,0,0
292315,1000,1377,2,1,2852.0,80025.5,3,8,62838387
125677,423,1103,2,4,870.0,18765.9,1,0,0
1982453,6715,503,2,4,11400.0,19714.2,1,0,0
57565,192,1802,2,1,3583.0,32884.8,5,5,70552640
535052,1822,2127,2,4,2560.0,35654.0,1,0,0
1643711,5572,1891,2,1,11314.0,14098.1,5,6,53127735
970173,3306,698,2,4,14.6,34481.4,6,0,0
70589,235,538,2,4,5070.0,15049.8,1,0,0
1135960,3882,1891,2,1,379.0,21470.5,0,9,87316327
161258,540,1985,2,4,300.0,25772.5,1,0,0
183105,623,833,2,1,419.0,24161.3,5,10,73409360
450563,1532,1709,2,1,7903.0,31253.9,5,1,67652118
690705,2360,1712,2,1,7580.0,32406.4,5,6,84537815
3438501,590,2006,0,0,173.9,41046.2,7,0,0
3657579,3847,1368,0,0,257.8,62168.9,7,0,0
341490,1159,1654,2,1,6470.0,41076.8,5,6,37861478
741827,2533,1558,0,3,4058.0,23370.3,1,0,0
1029462,3515,1580,2,4,14.6,13787.5,6,0,0
227050,772,515,2,4,14.6,45341.7,6,0,0
375040,1276,276,2,4,100.0,27981.7,1,0,0
86995,290,1616,2,4,1800.0,69581.0,1,0,0
163356,545,880,2,4,14.6,31116.1,6,0,0
3549547,573,1884,0,0,84.0,14339.2,7,0,0
1747490,5927,506,2,4,12600.0,23560.2,1,0,0
602564,2051,1307,2,4,30.0,93916.3,6,0,0
14468,47,1059,2,4,19200.0,37784.7,1,0,0
65706,219,1770,0,3,17766.0,73048.0,1,0,0
433529,1473,1989,2,4,6330.0,14726.7,1,0,0
382172,1298,1504,0,3,12446.0,30491.3,1,0,0
404073,1375,841,2,4,11200.0,40133.7,1,0,0
166692,557,1976,2,4,14.6,21959.6,6,0,0
3536022,168,1125,0,0,62.4,13843.8,7,0,0
974110,3319,1951,2,1,66.0,54325.0,5,1,20696419
841618,2865,886,0,3,18102.0,49322.0,1,0,0
758169,2585,2159,2,4,14.6,21445.9,6,0,0
106120,361,687,2,4,16900.0,48211.0,1,0,0
760024,2592,1923,2,4,8400.0,75825.6,1,0,0
1971219,6678,1962,0,3,11346.0,53500.9,1,0,0
519594,1774,2018,0,2,3255.0,18163.5,1,3,99007290
389618,1325,1502,2,1,362.0,15011.5,1,9,62716066
3578624,1467,1825,0,0,280.1,69059.0,7,0,0
22930,75,2169,2,1,3369.0,27634.0,5,5,74818038
3636388,3210,1733,0,0,173.2,18783.0,7,0,0
373672,1272,1519,2,4,30.0,9715.3,6,0,0
1018079,3478,2159,2,4,14.6,33489.5,6,0,0
938135,3201,738,2,1,3352.0,26618.1,5,13,11025113
3605311,2275,1794,0,0,31.6,5747.8,7,0,0
664340,2268,1431,2,4,18300.0,44020.3,1,0,0
3282492,10906,1703,2,4,14.6,75909.9,6,0,0
711570,2433,828,2,1,1757.0,28549.3,5,4,28003591
374646,1276,1711,0,3,6774.0,41123.0,1,0,0
235278,803,1781,0,3,7972.0,23210.6,1,0,0
3615279,2561,1915,0,0,146.3,39447.2,7,0,0
3656859,3826,880,0,0,119.5,30949.1,7,0,0
662136,2260,2172,0,3,12807.0,2102.3,1,0,0
788842,2689,1805,2,1,2121.0,74263.0,0,11,36906784
726832,2486,983,2,4,6900.0,45383.5,1,0,0
3464271,2983,1733,0,0,138.5,33244.5,7,0,0
804664,2741,1837,2,4,15400.0,50792.0,1,0,0
78029,259,1050,2,4,2200.0,28309.6,1,0,0
3610548,2433,1215,0,0,145.0,35952.2,7,0,0
3575970,1391,1733,0,0,164.9,38874.3,7,0,0
345063,1169,666,0,3,12373.0,49564.4,1,0,0
462961,1575,1986,2,4,2800.0,26681.3,1,0,0
1176194,4033,1774,2,1,1494.0,25605.4,5,7,70536905
3585401,1673,1825,0,0,63.7,15718.2,7,0,0
1052118,3599,796,0,2,5440.0,21028.4,2,6,33818835
3394158,11265,343,2,4,600.0,26056.5,1,0,0
393356,1337,1550,2,4,14.6,45822.9,6,0,0
940140,3209,1804,0,3,600.0,600.0,1,0,0
3393746,11265,216,0,3,7618.0,25890.4,1,0,0
306304,1044,1460,2,4,14.6,53137.4,6,0,0
260091,890,1475,2,4,4700.0,17440.5,1,0,0
890085,3035,1474,2,1,4919.0,91557.6,0,8,22791952
740349,2527,1667,0,3,12200.0,41820.4,1,0,0
53344,176,1649,2,4,20000.0,31017.0,1,0,0
3582140,1575,2068,0,0,114.4,28869.1,7,0,0
45061,151,558,2,1,411.0,20704.6,5,9,2754378
3461086,2059,1215,0,0,124.4,41234.6,7,0,0
73695,244,1253,2,1,226.0,53068.8,0,8,78948193
1130867,3864,1894,2,1,5960.0,34810.4,0,4,67975002
3665798,4580,1884,0,0,284.2,66611.3,7,0,0
891393,3038,1652,2,4,42400.0,64301.4,1,0,0
920108,3135,2129,2,4,14.6,75268.5,6,0,0
517464,1768,428,0,3,11448.0,36262.5,1,0,0
852521,2905,1154,2,4,14.6,28646.6,6,0,0
546674,1861,1252,2,1,1574.0,75171.4,5,9,9564370
3524505,10788,2068,0,0,77.6,20776.3,7,0,0
8607,31,751,0,3,25995.0,111847.3,1,0,0
1271993,4350,1101,2,4,2040.0,71692.2,1,0,0
9765,34,431,2,1,502.0,52926.7,5,4,19993174
3448442,2794,1611,0,0,143.3,34588.3,7,0,0
598634,2037,1385,2,4,4800.0,40899.5,1,0,0
3582470,1586,1399,0,0,52.9,17178.9,7,0,0
3149581,10451,1641,2,4,14.6,11562.5,6,0,0
71384,238,705,2,1,2234.0,15508.5,1,5,39059901
16281,55,2141,0,2,4629.0,19691.8,2,2,74305099
767029,2619,2046,2,1,5454.0,14241.8,5,1,54822903
262230,897,355,0,3,2700.0,19138.1,1,0,0
3670843,5442,333,0,0,50.6,10396.6,7,0,0
892442,3042,1438,0,3,22812.0,38415.6,1,0,0
1047564,3582,1550,2,4,14.6,18600.2,6,0,0
1111819,3796,2037,2,4,14.6,53841.7,6,0,0
522256,1782,336,2,4,800.0,27848.6,1,0,0
242559,830,128,2,4,9900.0,36035.2,1,0,0
3564200,1018,576,0,0,83.8,20233.1,7,0,0
168024,562,1537,0,3,1900.0,48482.2,1,0,0
833673,2838,1825,2,4,30.0,100794.1,6,0,0
905099,3085,2019,0,3,12233.0,22321.2,1,0,0
1067231,3646,1589,2,4,15000.0,104366.8,1,0,0
829497,2824,675,2,4,5640.0,41303.3,1,0,0
3560331,903,729,0,0,98.9,22683.3,7,0,0
112292,379,1897,2,1,1561.0,10644.4,5,2,35418421
3644881,3474,1368,0,0,83.4,20540.4,7,0,0
1542727,5250,1646,1,4,6614.0,61332.4,1,0,0
2434626,8027,643,0,2,38818.0,77675.1,1,4,25369358
393130,1337,1525,0,3,4896.0,43224.9,1,0,0
1098954,3754,1589,2,1,913.0,69271.0,3,7,55045568
1262706,4318,286,1,4,22252.0,26986.0,1,0,0
978255,3336,1533,2,1,2974.0,14269.8,5,5,52481698
365141,1241,1778,2,1,2201.0,15613.8,0,5,21271294
323413,1105,1594,2,1,4015.0,17427.0,0,12,69901072
486868,1660,1097,0,3,44491.0,78545.7,1,0,0
737678,2520,1382,0,2,3533.0,15457.9,1,1,22529095
771105,2632,2107,0,3,14264.0,57741.3,1,0,0
159492,535,1105,0,3,20673.0,57737.1,1,0,0
331895,1130,2068,2,4,14.6,38121.9,6,0,0
94898,322,910,2,4,14.6,43755.6,6,0,0
3546518,478,1611,0,0,253.7,65028.5,7,0,0
608908,2072,1794,2,4,4080.0,89994.0,1,0,0
580861,1977,1804,0,3,13008.0,31987.3,1,0,0
439860,1495,1594,2,5,2800.0,54436.9,1,0,0
229397,780,1540,2,4,4200.0,49218.7,1,0,0
426844,1450,1197,0,2,6496.0,6896.0,2,7,48744165
2288237,7546,1240,2,4,13000.0,24921.7,1,0,0
3676582,6461,1580,0,0,91.6,33400.1,7,0,0
108436,367,1825,2,4,14.6,58062.2,6,0,0
373257,1271,1983,0,3,9288.0,34545.7,1,0,0
3456239,9052,1125,0,0,170.7,26375.6,7,0,0
371511,1265,1672,2,4,14.6,19215.3,6,0,0
410845,1399,1866,2,1,13.0,20434.6,0,12,32165342
994401,3391,1080,2,4,9400.0,45063.5,1,0,0
2590084,8558,1412,0,3,1200.0,23476.6,1,0,0
125419,422,1145,2,4,10300.0,38949.7,1,0,0
179391,607,1856,2,4,14.6,14336.4,6,0,0
918642,3132,1010,0,3,400.0,400.0,1,0,0
37772,122,1953,0,3,22602.0,71575.5,1,0,0
711105,2431,1115,2,4,2040.0,20681.9,1,0,0
3464578,3020,2129,0,0,237.8,53057.6,7,0,0
900725,3069,1929,2,1,6704.0,90084.9,5,10,27829212
963903,3284,1876,2,4,300.0,20040.6,1,0,0
930158,3170,1683,0,3,6281.0,33075.4,1,0,0
350073,1189,402,2,1,344.0,13100.3,1,4,59060120
411395,1401,1531,2,1,2463.0,38000.9,5,5,35891682
3549849,582,1429,0,0,56.8,14170.3,7,0,0
3633212,3112,880,0,0,380.1,104953.6,7,0,0
3235866,10738,2173,2,4,59200.0,58457.4,1,0,0
3464888,3167,1276,0,0,202.9,47130.2,7,0,0
86582,290,411,0,3,15377.0,75073.5,1,0,0
2253760,7437,1952,2,1,6901.0,15962.6,5,3,2692229
237963,813,580,2,4,2100.0,24788.2,1,0,0
15511,51,1406,2,4,8300.0,28705.7,1,0,0
2373034,7824,1166,2,1,2156.0,7626.1,5,10,63655739
871009,2967,2112,2,1,1042.0,21250.7,0,13,72003149
104552,357,1985,0,2,3103.0,23957.6,1,6,51268827
405617,1380,2074,0,3,2400.0,32218.2,1,0,0
954566,3254,1118,2,4,3100.0,24909.6,1,0,0
3618697,2666,1856,0,0,66.4,15355.8,7,0,0
1103934,3771,1033,2,4,14.6,30150.9,6,0,0
337277,1145,1836,2,4,480.0,18638.7,1,0,0
3626843,2912,2068,0,0,227.6,50472.8,7,0,0
3450910,4659,1915,0,0,227.2,40975.6,7,0,0
3576735,1410,1825,0,0,324.9,78834.9,7,0,0
521998,1781,1740,2,4,1900.0,32145.0,1,0,0
3465687,3444,1733,0,0,43.4,17407.4,7,0,0
726947,2486,567,2,4,11500.0,35036.4,1,0,0
1115078,3808,383,2,4,1560.0,49074.3,1,0,0
3530767,11,1399,0,0,109.7,26963.2,7,0,0
697746,2386,2049,0,3,17794.0,78157.5,1,0,0
1215239,4159,1479,0,3,5600.0,41385.7,1,0,0
104603,357,1347,2,1,280.0,17150.6,0,5,44572526
1020927,3486,2019,0,2,4264.0,45613.6,2,6,24160820
565281,1924,2037,2,4,14.6,52670.8,6,0,0
3633028,3104,2037,0,0,141.3,29700.3,7,0,0
591685,2013,1382,0,3,10700.0,11800.0,1,0,0
23799,78,1550,2,4,14.6,34232.9,6,0,0
1523946,5194,1689,2,4,6500.0,66166.0,0,0,0
1028711,3513,1895,2,1,2185.0,42687.7,0,13,20442784
164495,550,2011,2,1,349.0,15524.2,0,12,49558728
284079,976,1800,0,3,31423.5,72749.1,1,0,0
131079,440,1481,0,3,4200.0,21163.0,1,0,0
570309,1940,1519,2,4,14.6,15628.7,6,0,0
3668885,5118,1368,0,0,167.0,36268.0,7,0,0
734569,2510,1894,2,1,904.0,22871.4,3,9,50671142
566768,1930,737,2,1,3223.0,14574.6,5,10,47185248
675056,2306,742,2,1,3586.0,36243.2,0,6,42063969
3467263,3823,2098,0,0,79.9,18909.7,7,0,0
3625817,2881,2159,0,0,208.2,52949.3,7,0,0
3507092,9051,2037,0,0,54.8,44725.6,7,0,0
1730659,5868,1350,2,4,6300.0,10753.6,1,0,0
479802,1635,2169,2,1,5683.0,26239.6,5,3,72468793
456574,1551,1844,2,4,950.0,26245.1,1,0,0
449260,1527,710,0,3,5800.0,23398.3,1,0,0
760601,2595,2125,2,4,3680.0,27872.4,1,0,0
342293,1161,1825,2,4,14.6,26470.5,6,0,0
687556,2347,1826,2,4,1440.0,26085.5,1,0,0
475307,1620,1628,2,4,10900.0,13948.1,1,0,0
3526500,10973,1519,0,0,176.8,78520.3,7,0,0
1123983,3838,2037,2,4,14.6,25604.8,6,0,0
2895661,9591,1713,2,1,4146.0,24096.9,5,9,26528680
138397,463,2074,2,1,6385.0,83844.8,5,9,88697516
272655,932,2159,2,4,14.6,27363.5,6,0,0
1070373,3656,685,0,3,1500.0,23417.1,1,0,0
879413,2996,501,0,3,400.0,400.0,1,0,0
215490,731,1915,2,4,14.6,13332.2,6,0,0
3446921,1511,1185,0,0,394.7,78058.5,7,0,0
3588276,1763,1703,0,0,192.7,37792.9,7,0,0
3547160,498,1063,0,0,308.1,76822.9,7,0,0
3596733,2000,2006,0,0,177.5,39856.5,7,0,0
3614914,2552,1550,0,0,102.4,25575.5,7,0,0
3676548,6453,1429,0,0,102.4,28370.4,7,0,0
3646583,3530,1368,0,0,86.6,16912.7,7,0,0
1088353,3718,1054,2,4,1290.0,19477.3,1,0,0
1304849,4456,1378,0,3,23981.0,54035.3,1,0,0
1157422,3961,1950,0,2,3464.0,19431.2,1,8,12514132
257101,882,545,2,4,14.6,31819.3,6,0,0
1092921,3737,1159,0,2,6852.0,25766.7,2,13,98257147
1099420,3755,1174,2,4,40000.0,55709.0,1,0,0
859742,2929,1399,2,4,14.6,76070.0,6,0,0
1530521,5213,1104,2,4,6600.0,77085.2,1,0,0
710497,2429,1866,0,3,4300.0,53265.6,1,0,0
3641251,3352,1002,0,0,116.1,28652.9,7,0,0
163304,545,705,2,4,4800.0,37879.9,1,0,0
1391853,4743,1968,0,3,7980.0,95450.3,1,0,0
3594424,1934,729,0,0,153.3,40621.8,7,0,0
510249,1747,2006,2,4,14.6,15143.9,6,0,0
108549,368,1870,0,3,8414.0,26120.6,1,0,0
222174,755,1775,0,3,24680.0,52578.7,1,0,0
934275,3187,2098,2,4,14.6,13279.3,6,0,0
1201043,4109,1429,2,4,14.6,42898.9,6,0,0
3439056,730,576,0,0,85.1,63606.7,7,0,0
3545034,437,1307,0,0,340.6,77122.9,7,0,0
464672,1581,1441,2,1,5758.0,42357.8,5,1,55002999
898423,3063,1344,0,2,3495.0,37946.7,1,7,8035934
1066743,3645,2079,2,1,2651.0,29399.6,0,1,95973336
523794,1787,639,2,4,4700.0,69863.4,5,0,0
3568640,1152,272,0,0,37.5,15046.5,7,0,0
3571388,1239,2068,0,0,66.7,17500.4,7,0,0
3604163,2241,1307,0,0,182.2,39722.0,7,0,0
767115,2619,1918,2,4,8700.0,20126.5,1,0,0
845116,2877,1584,1,4,15046.0,32079.9,1,0,0
1246661,4264,2068,2,4,14.6,46753.2,6,0,0
1312052,4480,2187,2,4,1700.0,36843.1,1,0,0
3645707,3497,668,0,0,205.2,54108.3,7,0,0
323177,1104,2068,2,4,14.6,45673.1,6,0,0
1462922,4981,1618,2,1,4930.0,65646.9,5,13,61511546
1043897,3570,491,2,1,3836.0,25134.6,5,3,1657617
3643885,3439,1399,0,0,154.1,34183.6,7,0,0
251573,862,392,0,3,4000.0,25882.2,1,0,0
2434572,8026,1872,2,4,16200.0,56136.4,1,0,0
218114,741,1399,2,4,3300.0,45834.2,1,0,0
3282473,10906,1125,2,4,14.6,35689.1,6,0,0
123820,416,1863,2,1,982.0,14742.8,5,10,30481368
995885,3399,1924,2,1,784.0,18978.2,0,8,54617005
1136221,3882,910,2,4,14.6,19314.4,6,0,0
243981,837,1119,2,4,2600.0,24111.9,1,0,0
788601,2688,1015,2,1,2802.0,19008.8,5,13,18395823
3636996,3225,423,0,0,175.1,62606.8,7,0,0
92894,317,313,0,2,5922.0,31946.5,2,2,16824597
768966,2625,1519,2,4,30.0,24214.8,6,0,0
3317711,11021,2140,0,3,47074.0,151672.9,1,0,0
2477569,8173,1055,2,4,20300.0,40771.3,1,0,0
1127545,3851,1954,2,1,1294.0,35089.6,5,7,52305114
78346,260,1826,2,4,800.0,43182.3,1,0,0
861268,2933,1350,2,1,4542.0,16985.1,8,13,92012846
1024239,3497,1770,2,1,1611.0,38473.3,5,9,2248609
965418,3289,1117,2,4,3480.0,19250.5,1,0,0
750222,2557,1611,2,4,14.6,29940.1,6,0,0
685920,2342,819,2,4,14.6,19492.2,6,0,0
435064,1478,2167,0,3,38850.0,105062.3,1,0,0
3550314,601,1399,0,0,75.9,18760.4,7,0,0
708290,2425,1251,2,4,960.0,29525.4,1,0,0
3607420,2342,2159,0,0,110.4,27643.0,7,0,0
111537,377,1540,1,4,23003.0,12986.5,1,0,0
884414,3013,2006,2,4,14.6,12939.5,6,0,0
2729627,9030,1951,0,3,17592.0,60912.0,1,0,0
2538381,8377,828,2,1,5018.0,61822.1,0,7,65432101
3475972,8564,395,0,0,431.1,104676.1,7,0,0
3532313,54,2190,0,0,110.0,26815.6,7,0,0
1935526,6555,970,0,3,10353.0,46763.6,1,0,0
791558,2699,2019,2,4,3800.0,96234.7,1,0,0
511467,1750,1773,2,1,5517.0,80941.2,0,8,16547310
3514167,9707,1672,0,0,84.3,26333.6,7,0,0
1060534,3625,1138,0,2,6974.0,25262.6,2,8,44360274
361955,1230,2003,2,4,13600.0,55654.7,1,0,0
789742,2693,2159,2,4,14.6,54280.4,6,0,0
2043566,6927,1329,0,3,43815.0,52231.6,1,0,0
516957,1767,1008,0,3,19285.0,50991.1,1,0,0
760252,2593,2159,2,4,14.6,26178.2,6,0,0
1117131,3817,1429,2,4,14.6,29127.1,6,0,0
159862,535,1528,2,4,8900.0,32623.4,1,0,0
20655,68,1173,2,4,2700.0,52637.5,1,0,0
585915,1994,1075,2,1,43.0,46253.6,0,3,9145510
556989,1896,1324,0,3,26901.0,84342.3,1,0,0
936150,3195,1519,2,4,14.6,33243.6,6,0,0
265564,907,1758,2,4,1170.0,18102.4,1,0,0
967468,3296,1979,2,4,22800.0,53563.5,1,0,0
1071081,3659,1828,2,4,1440.0,40023.2,1,0,0
494248,1685,1550,2,4,14.6,16458.5,6,0,0
146970,492,941,2,4,14.6,34332.2,6,0,0
3601584,2157,1641,0,0,74.0,17887.0,7,0,0
356900,1210,1236,0,3,400.0,400.0,1,0,0
470422,1602,1811,2,4,750.0,32083.5,1,0,0
958271,3264,1675,2,4,2600.0,23772.1,1,0,0
199361,676,1984,0,3,6700.0,45331.4,1,0,0
1101975,3763,1714,2,4,300.0,31575.6,1,0,0
260898,893,1828,2,4,1200.0,70293.4,1,0,0
3624139,2834,1764,0,0,234.2,59682.9,7,0,0
251155,861,1575,2,4,13000.0,18927.3,1,0,0
706340,2419,2053,2,4,6700.0,117587.8,1,0,0
922889,3145,1491,2,4,14.6,19199.7,6,0,0
1692155,5735,1234,0,3,7200.0,30176.9,1,0,0
770074,2628,1468,0,3,23840.0,47987.1,1,0,0
226575,771,1856,2,4,14.6,18561.9,6,0,0
5668,23,371,2,4,14560.0,25544.2,1,0,0
368541,1252,1386,2,4,19500.0,47066.9,1,0,0
263874,902,1134,2,1,260.0,21357.0,5,3,83133846
3242220,10762,1103,0,3,18902.0,54997.0,1,0,0
1125791,3845,1110,2,4,1400.0,20570.2,1,0,0
1111781,3796,880,2,4,14.6,37390.3,6,0,0
3649633,3618,637,0,0,152.8,34616.7,7,0,0
81438,273,1349,2,1,1836.0,45070.2,3,13,15870309
3632776,3096,1154,0,0,127.4,28060.7,7,0,0
479552,1634,669,2,4,12200.0,43958.3,1,0,0
1075377,3674,760,2,4,14.6,65281.8,6,0,0
3643478,3426,1491,0,0,117.7,22370.8,7,0,0
3595607,1967,1703,0,0,126.8,24992.7,7,0,0
273114,935,1653,2,1,2118.0,15795.8,1,8,14574545
68869,229,1714,0,2,5492.0,23141.2,2,11,14829045
515385,1762,1286,2,1,1972.0,22988.8,3,7,87955689
680872,2323,2087,2,4,16500.0,53355.2,1,0,0
1817734,6157,1827,0,3,45797.0,65988.6,1,0,0
2256144,7445,245,0,3,21459.0,69576.5,1,0,0
488825,1667,1556,2,4,4200.0,29910.4,1,0,0
1166984,3999,555,2,1,563.0,27323.3,3,6,77352034
500155,1704,1224,2,1,3285.0,21172.2,5,6,36175376
626113,2138,1884,2,4,14.6,45944.2,6,0,0
596426,2030,1520,2,4,22900.0,62532.2,1,0,0
2042835,6924,1895,2,4,7800.0,27413.2,1,0,0
3623337,2810,1915,0,0,109.4,21242.9,7,0,0
1246667,4264,430,2,4,19000.0,38975.8,1,0,0
326989,1116,740,2,4,1700.0,32359.8,1,0,0
9042,32,1714,0,3,16548.0,76579.7,1,0,0
3660148,3930,880,0,0,20.6,21942.6,7,0,0
128154,429,2068,2,4,14.6,56653.0,6,0,0
160501,538,1246,2,4,14.6,11516.9,6,0,0
2039281,6910,2101,2,4,26400.0,82973.1,1,0,0
3593265,1902,272,0,0,92.4,25605.8,7,0,0
138400,463,2165,2,1,6385.0,76428.9,5,9,88697516
1057577,3615,1944,2,4,2200.0,25971.6,1,0,0
1152711,3942,2164,2,1,13428.0,28818.9,5,10,34098577
647218,2213,703,0,3,14115.0,40297.3,1,0,0
1069716,3654,1111,2,4,9280.0,64750.4,1,0,0
956867,3260,1474,1,4,4385.0,97440.7,1,0,0
1090973,3729,1842,2,4,2400.0,13931.7,1,0,0
992604,3386,2042,2,4,11200.0,17240.0,1,0,0
1017281,3476,2078,2,1,5447.0,38934.4,0,13,55472403
539796,1835,1985,2,1,1431.0,94357.9,0,1,98761927
961746,3277,1168,0,3,16654.0,45395.2,1,0,0
599016,2038,729,2,4,14.6,24843.4,6,0,0
682388,2329,2043,0,3,6601.0,36758.6,1,0,0
63979,212,910,2,4,30.0,58097.8,6,0,0
979861,3342,1982,2,1,8335.0,28763.1,5,3,71651464
886639,3022,2076,2,1,3170.0,24218.9,5,4,24765986
177368,599,1616,0,3,17750.0,40081.0,1,0,0
1142793,3909,1046,0,3,24400.0,52448.6,1,0,0
1068382,3650,1532,2,1,7858.0,51780.2,5,7,85858434
833550,2838,1436,2,4,2400.0,72682.7,1,0,0
372393,1268,2098,2,4,14.6,40496.8,6,0,0
814124,2771,972,2,4,14.6,34484.8,6,0,0
2862616,9472,1776,2,4,14800.0,42994.2,1,0,0
563700,1918,1033,2,4,14.6,22707.6,6,0,0
113477,382,1496,2,1,14.0,17046.2,1,7,87132888
3584805,1656,1519,0,0,61.3,24287.3,7,0,0
96998,331,2098,2,4,14.6,22182.9,6,0,0
808004,2753,1314,2,1,6869.0,52069.4,5,7,97449540
1310940,4476,1128,0,3,5000.0,19343.1,1,0,0
607834,2068,1022,0,3,900.0,18136.5,1,0,0
82224,275,1775,0,2,3390.0,21659.9,1,1,570375
332630,1132,508,2,4,12000.0,81457.9,1,0,0
474579,1617,1772,2,1,1536.0,17194.3,5,1,40236705
1188980,4071,2176,1,4,7737.0,34540.5,1,0,0
3577815,1441,2159,0,0,165.8,38870.5,7,0,0
71748,239,1764,0,3,35860.0,99362.1,1,0,0
1266287,4330,1321,2,1,1786.0,44394.4,0,8,83009093
434339,1476,613,2,1,3467.0,20359.5,5,13,33632028
194584,659,2168,2,1,107.0,21595.1,0,2,72181445
809438,2758,1698,2,4,1500.0,44095.1,1,0,0
3611440,2464,1246,0,0,191.6,53379.0,7,0,0
958233,3264,1794,2,4,14.6,22652.1,6,0,0
805493,2745,1897,0,3,19781.0,61799.0,1,0,0
1169120,4009,704,0,3,37130.0,85622.9,1,0,0
694246,2374,2159,2,4,14.6,30520.0,6,0,0
73589,244,221,2,1,2190.0,26231.3,5,7,74832015
1149838,3933,1916,0,3,10500.0,34497.1,1,0,0
2776176,9188,608,0,3,3400.0,26351.9,1,0,0
1150289,3935,278,2,1,652.0,53882.1,3,13,3849626
1657342,5622,1222,2,1,6327.0,34915.5,5,10,24175644
2525176,8330,1676,2,4,21900.0,30008.8,1,0,0
3468677,4119,698,0,0,143.1,32530.4,7,0,0
1114765,3807,1247,2,4,13500.0,51284.4,1,0,0
3558041,846,1185,0,0,2.5,18319.5,7,0,0
2688801,8899,1063,2,4,30.0,42354.0,6,0,0
2841494,9403,1915,2,4,30.0,39106.6,6,0,0
764062,2609,1627,2,4,22200.0,27698.8,1,0,0
391752,1332,910,2,4,14.6,47763.5,6,0,0
3561034,925,1764,0,0,186.6,35834.7,7,0,0
64202,213,1682,0,3,24272.0,70656.0,1,0,0
74368,245,1856,2,4,14.6,31338.2,6,0,0
3084000,10227,1739,0,3,8800.0,34284.3,1,0,0
869362,2960,1915,2,4,14.6,22348.7,6,0,0
3594984,1949,788,0,0,89.4,21074.8,7,0,0
48975,163,788,2,4,14.6,19415.0,6,0,0
3648959,3599,729,0,0,114.8,26530.1,7,0,0
714634,2444,2129,2,4,14.6,91790.5,6,0,0
991886,3383,1843,0,3,900.0,21840.4,1,0,0
994062,3391,1623,2,1,813.0,66963.0,5,11,31342697
1132317,3869,1849,2,5,3600.0,47182.0,1,0,0
697672,2385,1684,2,4,16200.0,42712.6,1,0,0
3538202,231,1125,0,0,74.5,15726.9,7,0,0
296136,1010,1611,2,4,14.6,38911.3,6,0,0
1468357,5001,1550,2,4,14.6,18236.4,6,0,0
302486,1030,1925,2,1,664.0,37515.5,5,5,30616259
918599,3131,2045,2,4,5500.0,47278.8,1,0,0
96548,329,1550,2,4,14.6,40315.2,6,0,0
923151,3146,2164,2,4,510.0,23925.3,1,0,0
1921303,6511,1837,2,4,2400.0,57179.5,1,0,0
3470773,4470,2098,0,0,130.5,71916.5,7,0,0
489102,1669,1866,2,1,5562.0,14342.9,5,11,35302007
384176,1305,1915,2,4,14.6,96717.6,6,0,0
832389,2834,2006,2,4,14.6,57236.4,6,0,0
3446428,1272,1429,0,0,362.7,98348.0,7,0,0
949375,3236,1976,2,4,14.6,30716.8,6,0,0
3560316,902,2129,0,0,88.5,22077.5,7,0,0
1804035,6118,1991,2,4,6200.0,39134.0,1,0,0
3459527,122,2190,0,0,225.6,56787.8,7,0,0
1321446,4511,1237,2,4,1440.0,14765.2,1,0,0
1324228,4519,1633,2,4,5200.0,43688.5,1,0,0
938365,3201,501,0,3,8000.0,17676.0,1,0,0
867114,2951,1388,2,4,3800.0,51430.2,1,0,0
1160982,3975,1121,2,4,750.0,16863.0,1,0,0
3461100,2059,1641,0,0,142.7,39491.0,7,0,0
3664904,4456,1976,0,0,223.3,59402.9,7,0,0
768862,2625,1715,2,1,4978.0,37754.5,5,8,68053567
677754,2315,1672,2,4,14.6,36299.8,6,0,0
129572,435,2105,0,2,5039.0,27625.7,2,7,22131634
634557,2167,1359,2,4,7500.0,39140.7,1,0,0
3654061,3746,1276,0,0,102.6,29640.6,7,0,0
122358,411,1317,2,1,8499.0,42726.6,5,9,15704101
1073821,3669,497,2,4,4400.0,30731.2,1,0,0
435796,1481,1015,0,2,3098.0,22939.1,1,1,21098941
802655,2736,860,2,1,4604.0,25873.4,5,10,28956604
2343732,7733,2059,1,4,3565.0,81391.3,1,0,0
2727907,9024,1794,2,4,14.6,18594.5,6,0,0
303921,1035,1778,2,4,15500.0,35039.6,1,0,0
941542,3213,1161,2,1,1483.0,16181.8,1,1,80640691
2910643,9640,1195,2,1,4087.0,23659.6,0,4,37369465
3549632,576,607,0,0,75.1,19133.8,7,0,0
1057153,3614,1472,2,1,1214.0,72359.6,5,7,28523504
187642,635,2171,2,1,1683.0,11695.1,5,8,12794989
559558,1904,1681,0,3,8753.0,29859.3,1,0,0
3539640,274,2190,0,0,146.0,42734.8,7,0,0
3678776,6902,1764,0,0,120.3,28478.3,7,0,0
32427,104,2046,2,1,1464.0,23792.3,1,10,8965999
754909,2576,1849,0,3,9534.0,86666.7,1,0,0
514125,1759,1368,2,4,14.6,15867.1,6,0,0
3476834,8776,760,0,0,164.9,30441.5,7,0,0
3578177,1451,1063,0,0,144.4,34902.9,7,0,0
477812,1628,391,2,4,1200.0,14360.4,1,0,0
3575613,1377,1825,0,0,75.2,18412.6,7,0,0
3598719,2062,1672,0,0,190.2,44073.9,7,0,0
100520,344,916,0,3,13948.0,39227.2,1,0,0
730138,2496,811,2,4,2700.0,23492.5,1,0,0
2579369,8519,293,1,4,10243.0,51823.1,1,0,0
139357,467,345,0,3,15374.0,40281.1,1,0,0
1122698,3835,223,0,3,14233.0,53729.1,1,0,0
361539,1228,1074,2,4,1150.0,26943.8,1,0,0
988283,3370,646,0,2,23855.0,61358.4,1,3,90757017
675553,2307,1476,2,4,560.0,17588.8,1,0,0
3628547,2962,1580,0,0,229.2,51282.2,7,0,0
404189,1376,1162,0,2,4097.0,22589.4,2,7,9703773
544876,1852,1002,2,4,14.6,14103.1,6,0,0
3504451,8856,1641,0,0,194.2,121265.3,7,0,0
641118,2189,1620,2,1,1449.0,50062.5,5,11,89534949
392980,1336,1987,2,4,26700.0,19415.4,1,0,0
1127278,3850,1841,2,4,2280.0,38594.4,1,0,0
1053539,3604,1954,2,1,3893.0,33853.7,5,10,88427799
568606,1935,1678,2,4,7800.0,91811.5,1,0,0
176098,594,1843,2,4,360.0,22846.9,1,0,0
1128270,3855,1191,0,3,21927.0,56294.1,1,0,0
308373,1051,1222,2,4,1440.0,43992.2,1,0,0
3663686,4293,2068,0,0,76.3,47876.3,7,0,0
82056,274,1672,2,4,14.6,41657.0,6,0,0
2489359,8212,814,0,3,29569.0,104893.7,1,0,0
723668,2477,1892,0,3,1100.0,18815.4,1,0,0
561732,1911,1987,0,3,24426.0,48316.2,1,0,0
691387,2362,1609,2,4,1080.0,16565.0,1,0,0
822682,2802,1108,2,4,840.0,26010.1,1,0,0
3474523,8321,760,0,0,84.3,17234.5,7,0,0
856679,2919,1884,2,4,14.6,19489.1,6,0,0
3630416,3025,2006,0,0,92.4,18642.4,7,0,0
144840,485,2012,2,1,1591.0,78965.6,0,12,56978738
1063615,3633,2165,2,1,799.0,42356.3,0,1,61292290
3645769,3498,1764,0,0,108.2,27705.7,7,0,0
717330,2457,2020,2,1,3834.0,22051.6,5,11,35646599
984563,3357,2106,2,4,1100.0,37599.4,1,0,0
222830,757,1699,2,4,5100.0,59963.9,1,0,0
162438,543,735,2,1,647.0,21881.8,5,3,10095620
1049447,3590,1248,0,3,800.0,800.0,1,0,0
2989390,9897,1002,2,4,14.6,28655.2,6,0,0
911401,3107,1063,2,4,14.6,40449.8,6,0,0
423597,1439,1760,2,4,360.0,12854.1,1,0,0
1603731,5445,1810,2,4,5900.0,40170.0,1,0,0
838175,2853,1589,0,2,3709.0,44989.0,1,3,63938832
897501,3058,1473,0,3,19513.0,56809.5,1,0,0
206633,701,248,0,3,2300.0,24217.3,1,0,0
323869,1106,1487,2,4,3000.0,31602.3,1,0,0
168486,563,1837,2,1,6245.0,31249.7,5,9,96173613
926350,3157,1641,2,4,14.6,25310.5,6,0,0
626597,2140,828,0,2,3478.0,25131.3,1,10,56615853
410991,1399,1764,2,4,14.6,42915.6,6,0,0
776111,2647,2136,2,1,5303.0,81482.0,5,13,4161513
1318950,4503,1148,0,3,15871.0,91777.8,1,0,0
1051030,3594,1063,2,4,14.6,73582.7,6,0,0
340158,1153,962,2,4,3000.0,23928.5,1,0,0
3123357,10364,1846,2,4,2800.0,60489.8,1,0,0
1006667,3437,2014,2,1,6761.0,57956.3,0,12,29037130
791064,2697,766,2,1,629.0,18844.8,3,3,3080630
1158720,3967,1990,0,3,4300.0,31093.5,1,0,0
923504,3147,1769,2,1,28.0,45028.0,0,7,78769749
453011,1539,392,2,4,2700.0,45283.4,1,0,0
206243,700,1154,2,4,14.6,16762.7,6,0,0
794270,2705,2105,0,3,15300.0,63435.0,1,0,0
982519,3353,1530,2,1,58.0,59039.6,0,2,19594610
1291586,4414,1645,2,4,3200.0,36560.1,1,0,0
1424286,4852,1069,2,1,4794.0,28097.7,5,9,23212576
3468476,4093,1215,0,0,247.4,42558.3,7,0,0
3624952,2859,1307,0,0,68.7,28958.9,7,0,0
99499,340,644,2,1,901.0,24457.2,0,13,80708729
3144421,10436,1475,2,4,2700.0,48522.0,1,0,0
894930,3050,388,2,4,7800.0,26465.8,1,0,0
216901,738,1920,0,3,23347.0,95323.4,1,0,0
269404,923,1457,2,4,1400.0,25088.4,1,0,0
699908,2394,2115,2,4,400.0,20419.4,1,0,0
251959,863,1895,2,1,6087.0,77655.4,5,2,35133409
528848,1804,1337,0,3,10613.0,48680.8,1,0,0
397392,1352,1524,2,1,370.0,40102.3,3,3,54978299
644248,2199,335,2,4,1700.0,25563.5,1,0,0
784740,2674,1231,0,3,1300.0,25783.2,1,0,0
1818149,6158,1798,2,4,3800.0,22294.3,1,0,0
3466920,3688,1491,0,0,160.0,33830.9,7,0,0
630339,2151,1488,2,4,2200.0,12997.4,1,0,0
1222697,4186,1663,2,4,720.0,36408.1,1,0,0
569782,1939,2017,0,2,49686.0,95236.8,1,8,70273989
738857,2523,1672,2,4,14.6,14027.1,6,0,0
1691985,5735,1592,2,1,4845.0,44541.0,8,7,1054633
235571,804,1317,2,1,682.0,39607.9,0,1,77494382
800869,2732,346,0,3,13949.0,64652.5,1,0,0
1135857,3882,950,2,1,1608.0,18815.2,5,6,49302369
324422,1107,1945,2,4,14.6,27016.8,6,0,0
648487,2216,2026,0,3,800.0,25588.1,1,0,0
127138,426,2012,2,4,26900.0,32554.3,1,0,0
2144238,7262,2017,0,3,17103.0,40920.4,1,0,0
531216,1810,1491,2,4,14.6,26009.7,6,0,0
1126702,3849,1531,0,3,16850.0,50870.2,1,0,0
833203,2838,371,0,3,47941.0,108014.6,1,0,0
503202,1715,1931,0,3,6800.0,23671.6,1,0,0
808515,2755,1921,0,2,5651.0,20497.7,2,2,43067145
31917,102,1398,2,4,17600.0,47504.1,1,0,0
116061,391,1394,2,4,4200.0,38229.8,1,0,0
3441679,1254,2190,0,0,321.2,96054.4,7,0,0
1128365,3855,1168,2,1,5578.0,44389.6,0,5,38085216
3572146,1268,1002,0,0,100.2,24251.7,7,0,0
263805,902,1221,0,3,7731.0,28839.3,1,0,0
153104,512,1985,2,1,9449.0,41220.8,5,4,88834064
276436,946,1485,2,4,10300.0,42924.6,1,0,0
523343,1786,1640,2,4,45920.0,40122.6,1,0,0
1035849,3542,1215,2,4,14.6,20711.0,6,0,0
796828,2714,1290,0,3,1300.0,22361.8,1,0,0
454618,1544,1491,2,4,14.6,32817.1,6,0,0
460248,1565,892,2,4,3300.0,33352.5,1,0,0
710275,2429,1954,2,1,369.0,71187.7,0,4,91816699
2492747,8225,1796,2,4,11500.0,20641.5,1,0,0
719757,2464,842,2,4,3800.0,29961.4,1,0,0
1119040,3822,1044,2,4,3400.0,38709.9,1,0,0
1215629,4161,1338,2,4,14.6,32062.5,6,0,0
1633835,5541,1082,2,4,2100.0,28379.5,1,0,0
1006958,3438,2098,2,4,14.6,17929.4,6,0,0
815990,2779,1009,2,1,34.0,41971.8,0,9,69750815
838232,2853,1864,2,1,2472.0,70387.4,5,11,25895470
469522,1599,2103,2,1,4004.0,47449.8,0,12,99690108
126359,425,554,2,4,5760.0,18192.4,1,0,0
3591041,1832,2037,0,0,153.1,38671.3,7,0,0
955932,3258,1672,2,4,6000.0,65929.0,1,0,0
1054811,3608,1472,2,1,4486.0,25270.5,8,9,97533720
90105,304,2118,1,4,5405.0,22960.5,1,0,0
95870,327,1682,2,1,3252.0,65083.0,5,8,86823993
594275,2023,1347,2,1,1052.0,45714.7,3,11,74848830
2979044,9869,832,0,3,22184.0,52243.4,1,0,0
1302695,4448,1755,2,4,32900.0,119400.1,1,0,0
734424,2510,1865,2,1,6922.0,22213.4,5,3,59125840
385684,1310,1460,2,4,14.6,22665.7,6,0,0
423456,1438,2006,2,4,30.0,76172.2,6,0,0
33835,108,1733,2,4,14.6,57467.2,6,0,0
3597750,2030,1125,0,0,222.9,52978.0,7,0,0
518866,1772,1984,0,2,72298.0,135267.2,1,1,73132377
3513471,9656,1125,0,0,176.2,30799.6,7,0,0
3448353,2660,1215,0,0,44.8,3268.9,7,0,0
1147907,3926,1635,2,4,2320.0,36014.7,1,0,0
100601,344,1195,2,1,4739.0,51336.6,5,12,47483712
3577415,1427,1915,0,0,195.6,43123.5,7,0,0
534599,1821,1651,0,3,20381.0,44105.2,1,0,0
362066,1231,1007,2,1,3485.0,29141.6,5,4,5624753
705138,2415,2169,0,3,22980.0,51379.2,1,0,0
821299,2798,1738,0,2,19809.0,55254.9,1,8,97866516
3594143,1926,607,0,0,101.6,23309.1,7,0,0
3438801,699,880,0,0,403.6,80158.3,7,0,0
1109062,3787,1473,2,1,4407.0,60235.8,5,3,96782379
48340,162,855,0,2,5188.0,31179.4,2,7,66186195
2893271,9583,1105,2,1,13386.0,23974.7,5,3,69415771
3536889,195,1611,0,0,122.4,33058.0,7,0,0
3251815,10799,1841,2,4,600.0,29534.0,1,0,0
1271068,4346,1319,2,4,33700.0,56402.8,1,0,0
3532361,56,1063,0,0,118.8,26677.0,7,0,0
930513,3171,1074,2,4,400.0,14089.6,1,0,0
1159376,3970,1867,0,2,38155.0,53897.6,1,7,16941190
1622042,5505,1601,2,4,23800.0,48247.1,1,0,0
949891,3238,1466,2,1,8109.0,45727.0,5,3,11093372
815829,2779,495,0,3,17308.0,38624.7,1,0,0
631456,2155,2006,2,4,14.6,16786.3,6,0,0
835289,2842,1321,2,1,358.0,17636.7,5,7,19413084
41961,139,1778,2,4,2100.0,78948.0,1,0,0
483018,1644,2044,2,1,1022.0,50769.5,0,5,76071583
577383,1966,1100,2,1,5569.0,26851.3,5,3,77830534
634313,2167,1715,2,1,5922.0,75402.4,5,5,18770349
1048998,3587,1657,0,3,1400.0,16946.1,1,0,0
98818,338,1744,0,2,3378.0,17200.2,1,4,99959903
571320,1944,1925,0,3,17980.0,51146.0,1,0,0
606766,2065,1904,2,4,2160.0,40522.6,1,0,0
437794,1487,1564,0,2,3306.0,20785.9,1,5,90088778
139713,467,2159,2,4,14.6,28581.1,6,0,0
837839,2851,1417,0,3,900.0,31616.3,1,0,0
3352941,11135,1708,2,1,3264.0,41995.3,5,8,24313068
420278,1425,747,2,4,2700.0,21592.7,1,0,0
705329,2416,1459,2,4,3720.0,27718.6,1,0,0
813412,2770,1134,2,1,1582.0,26991.2,0,8,52641576
936457,3196,715,2,4,950.0,29786.2,1,0,0
3507105,9052,1215,0,0,308.5,53888.6,7,0,0
624948,2133,1778,0,2,4297.0,9105.6,2,8,43239682
3573382,1299,1002,0,0,87.6,21263.2,7,0,0
1124854,3841,1405,2,1,1223.0,17295.6,0,7,55037939
295575,1009,1471,0,2,44289.0,87726.3,1,6,67955946
1027472,3509,681,2,1,3027.0,23022.8,5,5,59559762
783893,2671,541,2,4,4110.0,18013.7,1,0,0
3579493,1490,1945,0,0,146.7,25357.3,7,0,0
3571730,1252,1399,0,0,212.9,47279.8,7,0,0
668402,2282,1374,2,1,4704.0,72892.5,5,13,67707383
46405,154,1733,2,4,14.6,64311.8,6,0,0
317229,1082,1655,2,1,2189.0,16199.4,5,12,8899295
565412,1925,742,2,1,3860.0,13989.5,5,12,28522896
3590041,1811,941,0,0,110.8,26561.6,7,0,0
228286,775,1045,2,1,1168.0,56503.3,5,3,6431270
186735,632,1733,2,4,14.6,18829.1,6,0,0
413272,1404,1434,0,3,6500.0,47614.8,1,0,0
367738,1250,1831,0,2,22831.0,35494.6,1,5,81347185
966549,3293,2098,2,4,14.6,43354.1,6,0,0
544366,1851,733,2,4,1500.0,27922.8,1,0,0
3061434,10148,1708,0,3,13508.0,55692.5,1,0,0
519870,1775,1405,2,1,2343.0,11221.8,5,9,25300705
608951,2072,1002,2,4,14.6,68903.2,6,0,0
475021,1618,1687,0,3,1600.0,24811.8,1,0,0
1879410,6363,648,0,3,11720.0,48747.0,1,0,0
355986,1206,1317,2,1,3279.0,21929.2,5,6,50189578
3534280,113,1703,0,0,88.6,20925.7,7,0,0
3577703,1439,2098,0,0,68.7,16309.7,7,0,0
690267,2358,1259,2,1,6114.0,36848.2,5,8,90139603
1291366,4414,1524,0,3,10838.0,51004.2,1,0,0
3489089,7487,1215,0,0,368.3,60067.9,7,0,0
474109,1614,1429,2,4,14.6,61486.9,6,0,0
271818,930,1354,2,4,3200.0,48373.0,1,0,0
610822,2080,1868,2,1,13628.0,72801.6,5,11,62451505
1399689,4768,1350,0,3,8206.0,66716.5,1,0,0
1151811,3939,1227,2,1,5177.0,23410.3,5,7,57331061
468144,1593,1585,2,1,2086.0,11160.5,5,7,35590773
1210401,4140,2015,2,4,1080.0,26452.9,1,0,0
344764,1168,2172,2,1,48.0,20405.3,3,7,2626044
2279327,7520,1423,2,4,16300.0,37290.5,1,0,0
412246,1402,1734,2,4,4900.0,40303.3,1,0,0
663802,2267,1226,2,1,3143.0,19300.8,5,6,57657045
288115,988,1990,0,2,6832.0,45565.4,2,2,86735617
1144509,3915,2134,0,3,23131.0,66445.4,1,0,0
3544677,426,1703,0,0,40.6,7129.1,7,0,0
771798,2633,1516,2,4,48900.0,74155.6,1,0,0
481599,1640,1351,2,1,4783.0,51112.2,5,11,42289441
464978,1582,1442,2,4,1680.0,31594.8,1,0,0
200311,680,1919,2,4,2400.0,45418.8,1,0,0
1004502,3428,1806,2,4,1920.0,50220.7,1,0,0
369246,1256,1041,0,3,15272.0,41238.3,1,0,0
130258,437,1624,2,1,2248.0,82919.3,5,2,83092337
828926,2823,2165,0,2,3316.0,21044.3,1,2,57925736
619847,2116,2121,2,4,9600.0,43494.1,1,0,0
1101080,3760,941,2,4,14.6,56382.1,6,0,0
447305,1519,1747,0,3,20890.0,86996.1,1,0,0
564417,1920,2123,0,3,1600.0,54453.5,1,0,0
905905,3087,1778,2,1,693.0,14674.5,1,4,32416212
288800,990,1746,0,3,19072.0,69976.1,1,0,0
58691,196,1897,2,1,385.0,67885.0,0,5,21173686
3470319,4379,1794,0,0,63.8,17272.0,7,0,0
592808,2018,1077,2,1,3115.0,20656.5,5,12,36951273
468420,1594,2096,2,4,12300.0,40947.6,1,0,0
954137,3253,1098,2,4,8400.0,59364.9,1,0,0
1127121,3850,1222,2,1,2037.0,44618.5,5,5,3844541
775366,2645,1747,2,1,1010.0,33952.3,0,10,91531282
185561,629,1043,0,2,4721.0,19379.3,2,9,21938950
1105236,3776,2137,2,1,4739.0,48477.4,5,5,41931992
8592,31,1031,0,3,27452.0,71345.4,1,0,0
1584611,5387,1519,2,4,14.6,21083.8,6,0,0
117268,395,1108,2,1,4036.0,42330.8,0,4,73209607
3681087,7262,1550,0,0,125.1,24400.4,7,0,0
339880,1153,1105,2,1,4918.0,19428.9,5,9,24663144
728625,2491,1649,0,3,7012.0,20605.6,1,0,0
83708,280,1503,0,3,12043.0,31497.1,1,0,0
3562418,966,1945,0,0,65.0,16094.6,7,0,0
3462035,2399,880,0,0,118.7,28726.4,7,0,0
762531,2603,1796,2,4,1360.0,26000.5,1,0,0
284924,978,760,2,4,14.6,35250.8,6,0,0
1087909,3717,1986,2,1,10727.0,2706.8,5,7,95008021
829747,2825,2140,0,3,23860.0,56650.4,1,0,0
180021,609,698,2,4,14.6,16504.8,6,0,0
1131802,3868,1530,2,1,3259.0,23749.4,5,2,47142148
1031091,3522,1703,2,4,14.6,16732.2,6,0,0
3668392,5033,1884,0,0,114.7,27189.6,7,0,0
3534487,118,1976,0,0,122.2,27393.1,7,0,0
1034169,3536,1838,0,2,6263.0,22240.3,2,5,9922194
1298624,4434,1108,0,3,44510.0,80877.8,1,0,0
363752,1236,1033,2,4,14.6,18790.0,6,0,0
201308,684,1404,2,1,1936.0,12117.6,5,9,66230869
